13.132 4 1
18.333 4 1
24.434 4 1
40.33 4 1
49.43 4 1
69.931 4 1
82.531 4 1
99.031 4 1
114.333 4 1
120.53399999999999 4 1
128.136 4 1
150.632 4 1
158.43200000000004 4 1
187.232 4 1
192.833 4 1
223.938 4 1
237.233 4 1
246.13400000000001 4 1
252.734 4 1
262.033 4 1
275.334 4 1
288.134 4 1
293.634 4 1
298.634 4 1
303.7340000000001 4 1
309.334 4 1
319.236 4 1
340.435 4 1
347.435 4 1
358.735 4 1
363.936 4 1
371.835 4 1
385.735 4 1
407.93800000000016 4 1
416.736 4 1
422.537 4 1
427.92199999999997 4 1
435.32300000000004 4 1
441.024 4 1
