4.048 4 3.5294117647058822
9.431000000000001 4 -6.470588235294117
16.333 4 7.529411764705883
25.234 4 -0.4705882352941178
34.135 4 0.5294117647058822
39.63 4 -1.4705882352941178
48.73 4 5.529411764705882
54.831 4 1.5294117647058822
63.73 4 -4.470588235294118
71.33 4 0.5294117647058822
78.03 4 2.5294117647058822
85.631 4 2.5294117647058822
93.031 4 -3.4705882352941178
100.831 4 5.529411764705882
109.935 4 -0.4705882352941178
116.53299999999999 4 -5.470588235294118
121.53399999999999 4 4.529411764705882
127.735 4 6.529411764705883
132.931 4 7.529411764705883
138.431 4 4.529411764705882
146.431 4 4.529411764705882
152.532 4 -2.4705882352941178
158.132 4 -0.4705882352941178
167.132 4 -4.470588235294118
175.232 4 -2.4705882352941178
184.933 4 -1.4705882352941178
191.933 4 7.529411764705883
199.732 4 0.5294117647058822
211.433 4 -3.4705882352941178
220.735 4 6.529411764705883
226.33599999999998 4 -5.470588235294118
232.533 4 -0.4705882352941178
240.933 4 -3.4705882352941178
246.63299999999998 4 -6.470588235294117
252.333 4 0.5294117647058822
257.33299999999997 4 -6.470588235294117
263.83299999999997 4 0.5294117647058822
271.33299999999997 4 4.529411764705882
276.433 4 -4.470588235294118
281.83299999999997 4 4.529411764705882
287.434 4 7.529411764705883
292.534 4 -2.4705882352941178
299.934 4 3.5294117647058822
307.534 4 3.5294117647058822
316.335 4 -7.470588235294117
322.536 4 -7.470588235294117
332.134 4 0.5294117647058822
338.2340000000001 4 2.5294117647058822
345.935 4 -5.470588235294118
355.835 4 3.5294117647058822
363.235 4 3.5294117647058822
370.135 4 -1.4705882352941178
375.936 4 -5.470588235294118
382.535 4 -6.470588235294117
390.435 4 6.529411764705883
395.935 4 -1.4705882352941178
401.135 4 -5.470588235294118
407.135 4 5.529411764705882
412.336 4 -6.470588235294117
417.836 4 2.5294117647058822
423.537 4 -7.470588235294117
431.73900000000003 4 -2.4705882352941178
441.036 4 -2.4705882352941178
