4.051 4 4.5
13.335999999999999 4 0.5
18.822 4 -2.5
26.421999999999997 4 -2.5
31.522 4 4.5
39.424 4 -4.5
47.825 4 6.5
55.226000000000006 4 0.5
60.927 4 -3.5
65.928 4 -5.5
71.829 4 1.5
80.831 4 0.5
86.33200000000002 4 4.5
95.23299999999999 4 -7.5
100.334 4 5.5
108.13600000000001 4 7.5
113.723 4 -2.5
119.42399999999999 4 -1.5
126.324 4 -6.5
134.024 4 -7.5
141.025 4 2.5
147.626 4 7.5
153.02700000000004 4 -0.5
160.628 4 -3.5
170.53 4 7.5
178.03099999999995 4 0.5
183.832 4 4.5
189.933 4 3.5
199.035 4 -0.5
204.236 4 -5.5
209.725 4 -7.5
216.625 4 7.5
225.92700000000002 4 -5.5
230.926 4 2.5
237.125 4 0.5
243.226 4 -6.5
248.42700000000002 4 -7.5
254.93 4 -5.5
261.629 4 -7.5
266.83 4 0.5
275.732 4 1.5
285.33299999999997 4 -0.5
290.936 4 4.5
296.535 4 -2.5
304.32599999999996 4 5.5
311.726 4 -1.5
317.726 4 1.5
323.927 4 -3.5
332.1269999999999 4 -7.5
341.227 4 -0.5
346.931 4 6.5
352.32800000000015 4 0.5
358.129 4 -1.5
364.731 4 6.5
370.93300000000005 4 -2.5
378.333 4 2.5
383.834 4 -6.5
391.435 4 7.5
400.32800000000003 4 5.5
406.42800000000005 4 1.5
416.12800000000004 4 -4.5
424.12800000000004 4 3.5
432.92900000000003 4 -3.5
441.028 4 -6.5
