4.0489999999999995 4 2.488095238095237
12.232000000000001 4 3.488095238095237
18.433 4 -5.511904761904763
23.434 4 -1.5119047619047628
28.935 4 -0.5119047619047628
33.93 4 -1.5119047619047628
40.029 4 -0.5119047619047628
46.629 4 -1.5119047619047628
52.129 4 -6.511904761904763
61.229 4 2.488095238095237
66.931 4 1.4880952380952372
73.529 4 -3.5119047619047628
81.429 4 5.488095238095237
87.12899999999998 4 2.488095238095237
94.03 4 3.488095238095237
99.531 4 -2.5119047619047628
106.03200000000001 4 3.488095238095237
114.134 4 -5.511904761904763
123.035 4 0.4880952380952373
130.63 4 5.488095238095237
136.43 4 6.488095238095237
141.83 4 2.488095238095237
151.131 4 7.488095238095237
156.53 4 -4.511904761904763
162.43 4 -1.5119047619047628
169.83 4 7.488095238095237
176.53 4 7.488095238095237
184.53099999999998 4 -7.511904761904763
193.43099999999998 4 2.488095238095237
201.232 4 3.488095238095237
207.333 4 -1.5119047619047628
213.334 4 -6.511904761904763
218.835 4 5.488095238095237
227.63099999999997 4 -1.5119047619047628
232.831 4 -6.511904761904763
241.93400000000003 4 5.488095238095237
249.532 4 4.488095238095237
258.532 4 -2.5119047619047628
264.132 4 6.488095238095237
269.832 4 -3.5119047619047628
275.032 4 -1.5119047619047628
281.933 4 7.488095238095237
290.832 4 5.488095238095237
300.733 4 0.4880952380952373
310.335 4 -4.511904761904763
317.736 4 -5.511904761904763
322.83299999999997 4 4.488095238095237
328.6330000000001 4 5.488095238095237
336.333 4 -6.511904761904763
342.533 4 -4.511904761904763
347.733 4 3.488095238095237
355.13300000000015 4 -7.511904761904763
362.733 4 2.488095238095237
370.233 4 -5.511904761904763
379.534 4 -5.511904761904763
387.334 4 5.488095238095237
393.534 4 -5.511904761904763
400.534 4 5.488095238095237
406.135 4 -2.5119047619047628
412.236 4 -4.511904761904763
420.63699999999994 4 -0.5119047619047628
426.23400000000004 4 1.4880952380952372
431.334 4 3.488095238095237
441.035 4 -1.5119047619047628
