4.052 4 3.4862745098039216
9.533 4 1.4862745098039216
17.133 4 -7.513725490196077
23.634 4 1.4862745098039216
29.135 4 -3.5137254901960784
35.333 4 -0.5137254901960784
40.933 4 -5.5137254901960775
46.934 4 -7.513725490196077
54.934 4 7.486274509803923
61.133 4 1.4862745098039216
68.634 4 -3.5137254901960784
75.334 4 3.4862745098039216
80.53399999999998 4 5.4862745098039225
85.634 4 -1.5137254901960784
91.53399999999999 4 -7.513725490196077
96.634 4 2.4862745098039216
104.834 4 6.486274509803923
110.53399999999999 4 -1.5137254901960784
117.935 4 1.4862745098039216
122.935 4 -7.513725490196077
129.036 4 -5.5137254901960775
134.537 4 5.4862745098039225
141.135 4 -2.5137254901960784
150.235 4 5.4862745098039225
159.335 4 -7.513725490196077
168.235 4 -1.5137254901960784
178.135 4 2.4862745098039216
185.535 4 0.4862745098039216
193.335 4 -0.5137254901960784
202.236 4 3.4862745098039216
207.636 4 6.486274509803923
215.43599999999998 4 0.4862745098039216
226.42 4 7.486274509803923
234.321 4 2.4862745098039216
243.923 4 -4.513725490196078
251.324 4 -5.5137254901960775
259.025 4 -7.513725490196077
268.72700000000003 4 7.486274509803923
277.129 4 2.4862745098039216
285.23 4 5.4862745098039225
290.83099999999996 4 -4.513725490196078
299.733 4 5.4862745098039225
305.834 4 5.4862745098039225
314.637 4 -2.5137254901960784
320.421 4 -4.513725490196078
328.02099999999996 4 -4.513725490196078
333.42199999999997 4 -3.5137254901960784
342.4240000000001 4 4.486274509803922
347.42400000000015 4 -3.5137254901960784
356.726 4 4.486274509803922
366.028 4 7.486274509803923
372.92900000000003 4 7.486274509803923
379.13 4 -0.5137254901960784
384.731 4 4.486274509803922
390.43199999999996 4 -6.513725490196077
396.533 4 -5.5137254901960775
403.134 4 -1.5137254901960784
408.835 4 0.4862745098039216
415.82199999999995 4 -1.5137254901960784
423.42199999999997 4 2.4862745098039216
428.62199999999996 4 2.4862745098039216
434.12300000000016 4 -3.5137254901960784
441.024 4 -4.513725490196078
