4.047 4 4.476190476190476
10.235 4 2.4761904761904763
19.529 4 -4.523809523809524
27.329 4 -6.523809523809524
33.029 4 4.476190476190476
42.028999999999996 4 -5.523809523809524
48.129 4 3.4761904761904763
54.33 4 2.4761904761904763
63.23 4 -2.523809523809524
68.83 4 -7.523809523809524
74.53 4 -5.523809523809524
82.531 4 -1.5238095238095235
91.432 4 -2.523809523809524
96.43299999999999 4 2.4761904761904763
102.134 4 3.4761904761904763
107.63600000000001 4 2.4761904761904763
117.23 4 2.4761904761904763
123.73100000000001 4 0.4761904761904763
132.531 4 5.476190476190476
139.934 4 7.476190476190476
148.031 4 3.4761904761904763
157.131 4 3.4761904761904763
163.031 4 7.476190476190476
169.63099999999997 4 1.4761904761904765
177.03099999999995 4 6.476190476190476
184.43200000000002 4 -1.5238095238095235
190.533 4 -4.523809523809524
200.435 4 5.476190476190476
206.632 4 -3.523809523809524
212.632 4 7.476190476190476
219.532 4 -1.5238095238095235
225.032 4 -6.523809523809524
237.032 4 3.4761904761904763
244.933 4 -5.523809523809524
253.332 4 -0.5238095238095237
258.533 4 -0.5238095238095237
264.133 4 -2.523809523809524
270.83299999999997 4 -1.5238095238095235
275.935 4 2.4761904761904763
285.033 4 -5.523809523809524
290.534 4 -4.523809523809524
299.436 4 -5.523809523809524
305.233 4 1.4761904761904765
310.33299999999997 4 5.476190476190476
318.133 4 -6.523809523809524
323.33299999999997 4 3.4761904761904763
329.1330000000001 4 5.476190476190476
338.834 4 -3.523809523809524
346.534 4 -1.5238095238095235
353.134 4 -1.5238095238095235
358.534 4 0.4761904761904763
364.134 4 5.476190476190476
371.73400000000004 4 5.476190476190476
381.034 4 -1.5238095238095235
388.535 4 6.476190476190476
396.13599999999997 4 5.476190476190476
403.73800000000006 4 5.476190476190476
410.635 4 -4.523809523809524
416.035 4 -0.5238095238095237
421.235 4 7.476190476190476
429.435 4 -6.523809523809524
435.535 4 -1.5238095238095235
441.035 4 -7.523809523809524
