4.051 4 -4.5
9.732999999999999 4 -0.5
15.634 4 6.5
22.535 4 -1.5
31.522 4 6.5
40.62300000000001 4 -4.5
46.722 4 5.5
51.923 4 -3.5
57.425 4 4.5
62.925 4 3.5
70.92699999999998 4 -3.5
80.229 4 7.5
86.429 4 -0.5
91.43 4 7.5
98.33200000000001 4 3.5
104.53299999999999 4 2.5
110.134 4 -1.5
115.735 4 -1.5
121.736 4 1.5
126.92399999999999 4 -4.5
132.624 4 7.5
141.524 4 2.5
151.424 4 -7.5
156.825 4 4.5
164.727 4 -6.5
172.328 4 2.5
177.729 4 7.5
182.83 4 -2.5
189.43099999999998 4 -7.5
195.232 4 -5.5
202.733 4 1.5
211.535 4 1.5
220.625 4 -7.5
228.025 4 5.5
236.925 4 -7.5
242.625 4 -1.5
248.12599999999998 4 0.5
255.12599999999998 4 -3.5
263.327 4 -3.5
270.72900000000004 4 -7.5
278.53 4 7.5
287.431 4 -0.5
292.432 4 -2.5
300.034 4 -1.5
306.535 4 5.5
314.926 4 1.5
324.527 4 -7.5
330.6269999999999 4 -5.5
340.327 4 0.5
349.62699999999984 4 5.5
354.82800000000015 4 -4.5
361.528 4 -3.5
367.629 4 -5.5
375.03 4 0.5
382.73199999999997 4 2.5
390.833 4 -3.5
397.434 4 -5.5
405.235 4 2.5
410.82800000000003 4 5.5
416.62800000000004 4 3.5
424.228 4 5.5
429.728 4 2.5
435.92800000000005 4 4.5
441.028 4 -4.5
