4.0360000000000005 4 0.4823529411764706
9.935 4 4.4823529411764715
19.636 4 3.4823529411764707
25.837 4 2.4823529411764707
33.635 4 2.4823529411764707
42.94 4 -4.5176470588235285
51.835 4 4.4823529411764715
59.435 4 -0.5176470588235293
68.735 4 -7.5176470588235285
73.936 4 7.4823529411764715
80.035 4 4.4823529411764715
89.13600000000002 4 7.4823529411764715
94.736 4 -4.5176470588235285
102.63600000000001 4 -3.5176470588235293
111.51899999999999 4 -6.5176470588235285
120.421 4 6.4823529411764715
125.92299999999999 4 5.4823529411764715
130.923 4 6.4823529411764715
136.623 4 -5.5176470588235285
143.225 4 -2.5176470588235293
148.626 4 5.4823529411764715
155.627 4 -0.5176470588235293
160.628 4 1.4823529411764709
169.02900000000002 4 -1.5176470588235291
174.23 4 -1.5176470588235291
179.331 4 -5.5176470588235285
187.13299999999998 4 -0.5176470588235293
194.53400000000002 4 3.4823529411764707
200.637 4 2.4823529411764707
206.137 4 -0.5176470588235293
212.321 4 -5.5176470588235285
218.521 4 0.4823529411764706
226.523 4 -2.5176470588235293
236.12400000000002 4 7.4823529411764715
245.226 4 0.4823529411764706
254.028 4 -6.5176470588235285
262.129 4 4.4823529411764715
268.73 4 -6.5176470588235285
274.231 4 -7.5176470588235285
284.133 4 -3.5176470588235293
290.2340000000001 4 -3.5176470588235293
295.936 4 0.4823529411764706
301.336 4 -5.5176470588235285
307.122 4 -2.5176470588235293
314.522 4 2.4823529411764707
320.52299999999997 4 7.4823529411764715
325.623 4 5.4823529411764715
332.325 4 -2.5176470588235293
339.926 4 0.4823529411764706
347.527 4 -7.5176470588235285
354.028 4 -4.5176470588235285
359.629 4 -6.5176470588235285
367.131 4 -1.5176470588235291
376.13300000000004 4 -5.5176470588235285
383.834 4 4.4823529411764715
389.035 4 3.4823529411764707
396.436 4 3.4823529411764707
403.324 4 -1.5176470588235291
408.824 4 -6.5176470588235285
414.624 4 6.4823529411764715
420.324 4 -2.5176470588235293
428.525 4 7.4823529411764715
434.126 4 3.4823529411764707
441.027 4 0.4823529411764706
