4.052 4 1.5
10.036 4 5.5
16.531 4 5.5
25.432 4 2.5
33.431999999999995 4 -7.5
42.732 4 -0.5
48.532 4 -4.5
53.732 4 -6.5
61.931999999999995 4 1.5
67.432 4 -2.5
75.832 4 -0.5
83.23200000000001 4 -3.5
91.03399999999999 4 3.5
97.935 4 4.5
103.335 4 -6.5
108.833 4 -7.5
114.43299999999999 4 7.5
123.53299999999999 4 -4.5
129.733 4 6.5
138.63299999999998 4 2.5
145.63299999999995 4 -0.5
150.63299999999995 4 6.5
156.434 4 3.5
164.334 4 -0.5
170.43400000000003 4 -1.5
176.13400000000001 4 0.5
182.734 4 -7.5
187.93400000000003 4 -5.5
196.935 4 6.5
204.537 4 -0.5
214.43400000000003 4 -6.5
220.53400000000002 4 -7.5
226.13400000000001 4 -3.5
231.135 4 6.5
236.335 4 -5.5
242.535 4 4.5
252.235 4 1.5
258.835 4 -7.5
267.935 4 -2.5
273.335 4 0.5
282.135 4 6.5
287.835 4 4.5
294.736 4 -3.5
301.437 4 -3.5
308.83799999999997 4 1.5
316.936 4 -6.5
322.824 4 4.5
330.436 4 5.5
336.126 4 3.5
341.227 4 -0.5
346.728 4 -1.5
354.53 4 -7.5
360.631 4 0.5
366.13199999999995 4 4.5
371.23199999999997 4 1.5
378.834 4 0.5
387.73699999999997 4 6.5
395.42 4 -4.5
401.621 4 -1.5
407.222 4 2.5
414.62300000000016 4 -2.5
423.925 4 1.5
431.426 4 -7.5
441.028 4 6.5
