4.041 4 1.4745098039215687
12.134 4 7.474509803921569
17.234 4 -6.525490196078431
23.734 4 -3.5254901960784317
29.534000000000002 4 -6.525490196078431
36.235 4 4.474509803921569
41.635 4 5.474509803921569
50.535 4 1.4745098039215687
56.035 4 -1.5254901960784313
63.635 4 -4.525490196078431
71.035 4 2.4745098039215687
76.13600000000002 4 1.4745098039215687
84.037 4 5.474509803921569
93.139 4 -7.525490196078431
99.336 4 -5.525490196078431
106.336 4 -1.5254901960784313
112.93700000000001 4 3.4745098039215687
120.336 4 -2.5254901960784317
127.93700000000001 4 0.4745098039215687
137.03 4 -1.5254901960784313
142.231 4 4.474509803921569
151.232 4 7.474509803921569
159.434 4 7.474509803921569
164.937 4 6.474509803921569
170.137 4 -4.525490196078431
175.52 4 3.4745098039215687
181.22099999999998 4 7.474509803921569
190.122 4 -2.5254901960784317
195.623 4 1.4745098039215687
201.72400000000002 4 -0.5254901960784313
206.725 4 5.474509803921569
212.426 4 6.474509803921569
219.02700000000002 4 4.474509803921569
225.928 4 -4.525490196078431
235.63 4 -4.525490196078431
240.831 4 -6.525490196078431
247.032 4 5.474509803921569
255.93400000000003 4 -0.5254901960784313
263.735 4 -3.5254901960784317
269.922 4 -2.5254901960784317
275.722 4 2.4745098039215687
285.022 4 1.4745098039215687
291.123 4 6.474509803921569
300.725 4 0.4745098039215687
306.626 4 3.4745098039215687
314.2270000000001 4 2.4745098039215687
320.228 4 -2.5254901960784317
328.63 4 -1.5254901960784313
334.131 4 -5.525490196078431
341.63199999999995 4 6.474509803921569
346.63300000000015 4 -6.525490196078431
354.334 4 -4.525490196078431
363.63599999999997 4 -6.525490196078431
369.223 4 -5.525490196078431
376.62300000000016 4 3.4745098039215687
382.223 4 -2.5254901960784317
391.024 4 -5.525490196078431
400.926 4 2.4745098039215687
406.62699999999995 4 3.4745098039215687
414.62800000000004 4 -2.5254901960784317
420.22900000000004 4 -3.5254901960784317
428.031 4 -7.525490196078431
434.93199999999996 4 -0.5254901960784313
441.033 4 6.474509803921569
