4.0569999999999995 4 5.474509803921569
10.728 4 6.474509803921569
19.628 4 -2.5254901960784317
28.728 4 5.474509803921569
34.829 4 -6.525490196078431
41.028999999999996 4 -0.5254901960784313
50.931000000000004 4 1.4745098039215687
59.733000000000004 4 -4.525490196078431
66.734 4 -5.525490196078431
75.135 4 -3.5254901960784317
82.729 4 -0.5254901960784313
90.229 4 4.474509803921569
95.729 4 4.474509803921569
103.12899999999999 4 1.4745098039215687
109.73 4 -0.5254901960784313
117.53 4 -4.525490196078431
123.53 4 -4.525490196078431
130.93200000000002 4 5.474509803921569
137.83 4 -7.525490196078431
147.531 4 4.474509803921569
153.733 4 -5.525490196078431
163.334 4 -0.5254901960784313
168.935 4 -5.525490196078431
174.03099999999995 4 6.474509803921569
179.731 4 3.4745098039215687
187.43099999999998 4 3.4745098039215687
192.93099999999998 4 7.474509803921569
198.13099999999997 4 -1.5254901960784313
203.53099999999998 4 -6.525490196078431
208.731 4 -1.5254901960784313
213.93200000000002 4 6.474509803921569
219.831 4 0.4745098039215687
225.43099999999998 4 -0.5254901960784313
231.13099999999997 4 2.4745098039215687
238.732 4 3.4745098039215687
247.732 4 -4.525490196078431
253.833 4 -5.525490196078431
259.23400000000004 4 0.4745098039215687
266.836 4 3.4745098039215687
275.032 4 7.474509803921569
282.832 4 0.4745098039215687
287.832 4 4.474509803921569
293.532 4 3.4745098039215687
302.633 4 -2.5254901960784317
308.132 4 -6.525490196078431
317.033 4 6.474509803921569
330.43300000000005 4 -6.525490196078431
336.033 4 0.4745098039215687
344.13300000000015 4 -1.5254901960784313
350.73400000000015 4 6.474509803921569
360.036 4 2.4745098039215687
368.935 4 2.4745098039215687
375.033 4 1.4745098039215687
380.034 4 -1.5254901960784313
386.23400000000004 4 6.474509803921569
391.334 4 -3.5254901960784317
397.834 4 -0.5254901960784313
405.23400000000004 4 -6.525490196078431
412.134 4 -3.5254901960784317
417.936 4 4.474509803921569
427.235 4 -7.525490196078431
435.235 4 -2.5254901960784317
441.035 4 3.4745098039215687
