4.048 4 4.5
9.431000000000001 4 6.5
15.032 4 2.5
20.94 4 6.5
26.134 4 -1.5
33.535 4 7.5
41.125 4 7.5
46.824 4 -0.5
52.625 4 -7.5
60.724 4 6.5
66.225 4 3.5
71.426 4 -4.5
79.32600000000002 4 -5.5
84.427 4 -3.5
92.12899999999999 4 2.5
99.53 4 -6.5
104.531 4 -5.5
109.53200000000001 4 5.5
115.133 4 -1.5
124.03399999999999 4 -1.5
131.036 4 -0.5
139.929 4 5.5
147.526 4 0.5
154.42600000000004 4 -6.5
160.626 4 0.5
169.93 4 3.5
175.627 4 3.5
182.328 4 -4.5
187.729 4 4.5
193.23 4 7.5
200.13099999999997 4 4.5
205.832 4 -6.5
212.433 4 -5.5
219.834 4 4.5
225.636 4 -7.5
230.727 4 7.5
238.52700000000002 4 -2.5
246.727 4 -5.5
255.528 4 -4.5
264.528 4 -1.5
272.93 4 4.5
279.028 4 -3.5
288.13 4 -6.5
295.631 4 2.5
301.132 4 -0.5
307.33299999999997 4 0.5
313.535 4 2.5
319.135 4 -7.5
325.7290000000001 4 1.5
331.829 4 -6.5
337.329 4 0.5
345.129 4 -3.5
354.829 4 -2.5
361.329 4 -2.5
370.43 4 -2.5
380.329 4 0.5
389.231 4 -0.5
394.43199999999996 4 7.5
402.43300000000005 4 0.5
408.434 4 -5.5
417.736 4 5.5
423.83 4 3.5
431.43 4 3.5
441.031 4 -2.5
4.048 4 4.5
9.431000000000001 4 6.5
15.032 4 2.5
20.94 4 6.5
26.134 4 -1.5
33.535 4 7.5
41.125 4 7.5
46.824 4 -0.5
52.625 4 -7.5
60.724 4 6.5
66.225 4 3.5
71.426 4 -4.5
79.32600000000002 4 -5.5
84.427 4 -3.5
92.12899999999999 4 2.5
99.53 4 -6.5
104.531 4 -5.5
109.53200000000001 4 5.5
115.133 4 -1.5
124.03399999999999 4 -1.5
131.036 4 -0.5
139.929 4 5.5
147.526 4 0.5
154.42600000000004 4 -6.5
160.626 4 0.5
169.93 4 3.5
175.627 4 3.5
182.328 4 -4.5
187.729 4 4.5
193.23 4 7.5
200.13099999999997 4 4.5
205.832 4 -6.5
212.433 4 -5.5
219.834 4 4.5
225.636 4 -7.5
230.727 4 7.5
238.52700000000002 4 -2.5
246.727 4 -5.5
255.528 4 -4.5
264.528 4 -1.5
272.93 4 4.5
279.028 4 -3.5
288.13 4 -6.5
295.631 4 2.5
301.132 4 -0.5
307.33299999999997 4 0.5
313.535 4 2.5
319.135 4 -7.5
325.7290000000001 4 1.5
331.829 4 -6.5
337.329 4 0.5
345.129 4 -3.5
354.829 4 -2.5
361.329 4 -2.5
370.43 4 -2.5
380.329 4 0.5
389.231 4 -0.5
394.43199999999996 4 7.5
402.43300000000005 4 0.5
408.434 4 -5.5
417.736 4 5.5
423.83 4 3.5
431.43 4 3.5
441.031 4 -2.5
4.048 4 4.5
9.431000000000001 4 6.5
15.032 4 2.5
20.94 4 6.5
26.134 4 -1.5
33.535 4 7.5
41.125 4 7.5
46.824 4 -0.5
52.625 4 -7.5
60.724 4 6.5
66.225 4 3.5
71.426 4 -4.5
79.32600000000002 4 -5.5
84.427 4 -3.5
92.12899999999999 4 2.5
99.53 4 -6.5
104.531 4 -5.5
109.53200000000001 4 5.5
115.133 4 -1.5
124.03399999999999 4 -1.5
131.036 4 -0.5
139.929 4 5.5
147.526 4 0.5
154.42600000000004 4 -6.5
160.626 4 0.5
169.93 4 3.5
175.627 4 3.5
182.328 4 -4.5
187.729 4 4.5
193.23 4 7.5
200.13099999999997 4 4.5
205.832 4 -6.5
212.433 4 -5.5
219.834 4 4.5
225.636 4 -7.5
230.727 4 7.5
238.52700000000002 4 -2.5
246.727 4 -5.5
255.528 4 -4.5
264.528 4 -1.5
272.93 4 4.5
279.028 4 -3.5
288.13 4 -6.5
295.631 4 2.5
301.132 4 -0.5
307.33299999999997 4 0.5
313.535 4 2.5
319.135 4 -7.5
325.7290000000001 4 1.5
331.829 4 -6.5
337.329 4 0.5
345.129 4 -3.5
354.829 4 -2.5
361.329 4 -2.5
370.43 4 -2.5
380.329 4 0.5
389.231 4 -0.5
394.43199999999996 4 7.5
402.43300000000005 4 0.5
408.434 4 -5.5
417.736 4 5.5
423.83 4 3.5
431.43 4 3.5
441.031 4 -2.5
4.048 4 4.5
9.431000000000001 4 6.5
15.032 4 2.5
20.94 4 6.5
26.134 4 -1.5
33.535 4 7.5
41.125 4 7.5
46.824 4 -0.5
52.625 4 -7.5
60.724 4 6.5
66.225 4 3.5
71.426 4 -4.5
79.32600000000002 4 -5.5
84.427 4 -3.5
92.12899999999999 4 2.5
99.53 4 -6.5
104.531 4 -5.5
109.53200000000001 4 5.5
115.133 4 -1.5
124.03399999999999 4 -1.5
131.036 4 -0.5
139.929 4 5.5
147.526 4 0.5
154.42600000000004 4 -6.5
160.626 4 0.5
169.93 4 3.5
175.627 4 3.5
182.328 4 -4.5
187.729 4 4.5
193.23 4 7.5
200.13099999999997 4 4.5
205.832 4 -6.5
212.433 4 -5.5
219.834 4 4.5
225.636 4 -7.5
230.727 4 7.5
238.52700000000002 4 -2.5
246.727 4 -5.5
255.528 4 -4.5
264.528 4 -1.5
272.93 4 4.5
279.028 4 -3.5
288.13 4 -6.5
295.631 4 2.5
301.132 4 -0.5
307.33299999999997 4 0.5
313.535 4 2.5
319.135 4 -7.5
325.7290000000001 4 1.5
331.829 4 -6.5
337.329 4 0.5
345.129 4 -3.5
354.829 4 -2.5
361.329 4 -2.5
370.43 4 -2.5
380.329 4 0.5
389.231 4 -0.5
394.43199999999996 4 7.5
402.43300000000005 4 0.5
408.434 4 -5.5
417.736 4 5.5
423.83 4 3.5
431.43 4 3.5
441.031 4 -2.5
