4.038 4 4.561264822134387
13.129000000000001 4 2.5612648221343868
18.329 4 1.5612648221343868
23.831 4 2.5612648221343868
37.433 4 3.5612648221343868
46.233999999999995 4 5.561264822134386
54.222 4 -1.4387351778656132
61.622 4 -3.438735177865613
69.822 4 -3.438735177865613
76.023 4 2.5612648221343868
83.524 4 -1.4387351778656132
93.426 4 2.5612648221343868
99.62700000000001 4 -3.438735177865613
105.02799999999999 4 7.561264822134388
113.93 4 -7.438735177865612
120.031 4 -2.438735177865613
125.632 4 -4.438735177865613
133.733 4 6.561264822134388
142.635 4 3.5612648221343868
149.22299999999996 4 -3.438735177865613
154.923 4 7.561264822134388
160.023 4 -4.438735177865613
169.72400000000005 4 -7.438735177865612
175.424 4 -7.438735177865612
180.925 4 5.561264822134386
187.02599999999998 4 1.5612648221343868
192.127 4 1.5612648221343868
199.928 4 -1.4387351778656132
205.429 4 -4.438735177865613
214.731 4 5.561264822134386
220.532 4 -0.4387351778656132
225.533 4 5.561264822134386
233.93400000000003 4 3.5612648221343868
239.525 4 -1.4387351778656132
245.525 4 -5.438735177865614
251.125 4 -0.4387351778656132
256.625 4 5.561264822134386
261.825 4 6.561264822134388
268.325 4 1.5612648221343868
275.725 4 -6.438735177865612
283.32599999999996 4 -7.438735177865612
289.527 4 -5.438735177865614
294.728 4 -1.4387351778656132
302.4290000000001 4 2.5612648221343868
310.231 4 -7.438735177865612
317.832 4 5.561264822134386
323.533 4 7.561264822134388
332.635 4 -0.4387351778656132
337.626 4 -5.438735177865614
343.426 4 -7.438735177865612
353.027 4 -3.438735177865613
360.42699999999996 4 -2.438735177865613
369.327 4 0.5612648221343868
376.227 4 4.561264822134387
382.92699999999996 4 7.561264822134388
391.92800000000005 4 -4.438735177865613
399.53 4 -3.438735177865613
408.83099999999996 4 4.561264822134387
414.733 4 0.5612648221343868
420.834 4 7.561264822134388
428.735 4 0.5612648221343868
435.62800000000004 4 -4.438735177865613
441.028 4 -5.438735177865614
