4.0489999999999995 4 -2.47843137254902
11.732000000000001 4 6.52156862745098
20.134 4 -2.47843137254902
29.836 4 -6.47843137254902
36.428000000000004 4 -1.4784313725490197
42.328 4 5.52156862745098
51.928000000000004 4 4.52156862745098
57.528 4 -4.47843137254902
63.728 4 -4.47843137254902
71.329 4 -2.47843137254902
77.329 4 7.52156862745098
84.829 4 -6.47843137254902
92.63 4 4.52156862745098
101.73100000000001 4 -5.47843137254902
106.932 4 -6.47843137254902
112.03299999999999 4 7.52156862745098
117.53399999999999 4 0.5215686274509803
123.035 4 0.5215686274509803
130.629 4 -3.47843137254902
136.33 4 3.5215686274509803
141.83 4 -7.47843137254902
149.23 4 -6.47843137254902
155.33 4 -3.47843137254902
161.03 4 0.5215686274509803
168.83 4 0.5215686274509803
175.33 4 -2.47843137254902
181.03 4 3.5215686274509803
186.23 4 -0.4784313725490197
194.331 4 1.5215686274509803
199.332 4 -0.4784313725490197
207.233 4 -4.47843137254902
216.335 4 -5.47843137254902
223.03099999999998 4 0.5215686274509803
230.43099999999998 4 -1.4784313725490197
236.231 4 2.5215686274509803
245.13099999999997 4 -0.4784313725490197
253.13099999999997 4 3.5215686274509803
258.33099999999996 4 -7.47843137254902
267.632 4 4.52156862745098
273.032 4 5.52156862745098
280.432 4 2.5215686274509803
289.732 4 2.5215686274509803
295.932 4 -5.47843137254902
304.934 4 2.5215686274509803
310.435 4 3.5215686274509803
317.436 4 6.52156862745098
323.232 4 6.52156862745098
328.832 4 7.52156862745098
337.733 4 -1.4784313725490197
346.63300000000015 4 -6.47843137254902
354.233 4 3.5215686274509803
361.13300000000004 4 7.52156862745098
371.033 4 0.5215686274509803
377.13300000000004 4 -3.47843137254902
384.033 4 -2.47843137254902
389.033 4 4.52156862745098
397.834 4 4.52156862745098
402.935 4 -7.47843137254902
409.036 4 -1.4784313725490197
415.63699999999994 4 -0.4784313725490197
423.834 4 7.52156862745098
429.434 4 -5.47843137254902
434.834 4 5.52156862745098
441.034 4 -5.47843137254902
