4.037 4 -0.5
12.82 4 3.5
20.422 4 -0.5
26.022 4 0.5
31.623 4 -2.5
39.725 4 -2.5
44.826 4 5.5
50.727 4 5.5
60.428999999999995 4 3.5
67.33 4 -5.5
73.531 4 3.5
80.938 4 2.5
87.93700000000004 4 0.5
94.134 4 2.5
99.637 4 -1.5
107.221 4 5.5
113.021 4 2.5
119.62200000000001 4 7.5
124.823 4 -1.5
134.125 4 6.5
142.126 4 7.5
149.028 4 7.5
154.529 4 -5.5
163.83 4 5.5
168.933 4 -1.5
176.832 4 -3.5
182.233 4 5.5
187.63400000000001 4 -4.5
194.135 4 -6.5
200.22299999999998 4 3.5
208.423 4 -6.5
215.123 4 -3.5
222.928 4 -7.5
232.025 4 -6.5
239.52599999999998 4 -1.5
246.93099999999998 4 -1.5
251.93200000000002 4 -7.5
259.53 4 -5.5
265.231 4 5.5
274.133 4 5.5
283.134 4 -2.5
288.635 4 2.5
297.524 4 3.5
303.124 4 6.5
312.724 4 -5.5
322.624 4 -4.5
328.325 4 -1.5
337.42699999999996 4 -1.5
342.6280000000001 4 2.5
351.53 4 2.5
357.631 4 4.5
362.83099999999996 4 -4.5
370.233 4 1.5
375.73400000000004 4 1.5
382.335 4 -1.5
388.436 4 5.5
394.625 4 -4.5
402.426 4 -0.5
408.226 4 7.5
413.926 4 4.5
421.625 4 -6.5
427.626 4 3.5
432.62699999999995 4 -5.5
441.029 4 -5.5
4.037 4 -0.5
12.82 4 3.5
20.422 4 -0.5
26.022 4 0.5
31.623 4 -2.5
39.725 4 -2.5
44.826 4 5.5
50.727 4 5.5
60.428999999999995 4 3.5
67.33 4 -5.5
73.531 4 3.5
80.938 4 2.5
87.93700000000004 4 0.5
94.134 4 2.5
99.637 4 -1.5
107.221 4 5.5
113.021 4 2.5
119.62200000000001 4 7.5
124.823 4 -1.5
134.125 4 6.5
142.126 4 7.5
149.028 4 7.5
154.529 4 -5.5
163.83 4 5.5
168.933 4 -1.5
176.832 4 -3.5
182.233 4 5.5
187.63400000000001 4 -4.5
194.135 4 -6.5
200.22299999999998 4 3.5
208.423 4 -6.5
215.123 4 -3.5
222.928 4 -7.5
232.025 4 -6.5
239.52599999999998 4 -1.5
246.93099999999998 4 -1.5
251.93200000000002 4 -7.5
259.53 4 -5.5
265.231 4 5.5
274.133 4 5.5
283.134 4 -2.5
288.635 4 2.5
297.524 4 3.5
303.124 4 6.5
312.724 4 -5.5
322.624 4 -4.5
328.325 4 -1.5
337.42699999999996 4 -1.5
342.6280000000001 4 2.5
351.53 4 2.5
357.631 4 4.5
362.83099999999996 4 -4.5
370.233 4 1.5
375.73400000000004 4 1.5
382.335 4 -1.5
388.436 4 5.5
394.625 4 -4.5
402.426 4 -0.5
408.226 4 7.5
413.926 4 4.5
421.625 4 -6.5
427.626 4 3.5
432.62699999999995 4 -5.5
441.029 4 -5.5
4.037 4 -0.5
12.82 4 3.5
20.422 4 -0.5
26.022 4 0.5
31.623 4 -2.5
39.725 4 -2.5
44.826 4 5.5
50.727 4 5.5
60.428999999999995 4 3.5
67.33 4 -5.5
73.531 4 3.5
80.938 4 2.5
87.93700000000004 4 0.5
94.134 4 2.5
99.637 4 -1.5
107.221 4 5.5
113.021 4 2.5
119.62200000000001 4 7.5
124.823 4 -1.5
134.125 4 6.5
142.126 4 7.5
149.028 4 7.5
154.529 4 -5.5
163.83 4 5.5
168.933 4 -1.5
176.832 4 -3.5
182.233 4 5.5
187.63400000000001 4 -4.5
194.135 4 -6.5
200.22299999999998 4 3.5
208.423 4 -6.5
215.123 4 -3.5
222.928 4 -7.5
232.025 4 -6.5
239.52599999999998 4 -1.5
246.93099999999998 4 -1.5
251.93200000000002 4 -7.5
259.53 4 -5.5
265.231 4 5.5
274.133 4 5.5
283.134 4 -2.5
288.635 4 2.5
297.524 4 3.5
303.124 4 6.5
312.724 4 -5.5
322.624 4 -4.5
328.325 4 -1.5
337.42699999999996 4 -1.5
342.6280000000001 4 2.5
351.53 4 2.5
357.631 4 4.5
362.83099999999996 4 -4.5
370.233 4 1.5
375.73400000000004 4 1.5
382.335 4 -1.5
388.436 4 5.5
394.625 4 -4.5
402.426 4 -0.5
408.226 4 7.5
413.926 4 4.5
421.625 4 -6.5
427.626 4 3.5
432.62699999999995 4 -5.5
441.029 4 -5.5
4.037 4 -0.5
12.82 4 3.5
20.422 4 -0.5
26.022 4 0.5
31.623 4 -2.5
39.725 4 -2.5
44.826 4 5.5
50.727 4 5.5
60.428999999999995 4 3.5
67.33 4 -5.5
73.531 4 3.5
80.938 4 2.5
87.93700000000004 4 0.5
94.134 4 2.5
99.637 4 -1.5
107.221 4 5.5
113.021 4 2.5
119.62200000000001 4 7.5
124.823 4 -1.5
134.125 4 6.5
142.126 4 7.5
149.028 4 7.5
154.529 4 -5.5
163.83 4 5.5
168.933 4 -1.5
176.832 4 -3.5
182.233 4 5.5
187.63400000000001 4 -4.5
194.135 4 -6.5
200.22299999999998 4 3.5
208.423 4 -6.5
215.123 4 -3.5
222.928 4 -7.5
232.025 4 -6.5
239.52599999999998 4 -1.5
246.93099999999998 4 -1.5
251.93200000000002 4 -7.5
259.53 4 -5.5
265.231 4 5.5
274.133 4 5.5
283.134 4 -2.5
288.635 4 2.5
297.524 4 3.5
303.124 4 6.5
312.724 4 -5.5
322.624 4 -4.5
328.325 4 -1.5
337.42699999999996 4 -1.5
342.6280000000001 4 2.5
351.53 4 2.5
357.631 4 4.5
362.83099999999996 4 -4.5
370.233 4 1.5
375.73400000000004 4 1.5
382.335 4 -1.5
388.436 4 5.5
394.625 4 -4.5
402.426 4 -0.5
408.226 4 7.5
413.926 4 4.5
421.625 4 -6.5
427.626 4 3.5
432.62699999999995 4 -5.5
441.029 4 -5.5
