4.055 4 2.5
11.436 4 2.5
18.328 4 -0.5
27.229 4 -7.5
33.429 4 -7.5
41.028999999999996 4 -7.5
47.629 4 1.5
57.32899999999999 4 5.5
62.82899999999999 4 -3.5
68.329 4 1.5
73.531 4 2.5
80.932 4 0.5
87.833 4 5.5
97.134 4 -1.5
104.936 4 7.5
113.83 4 0.5
119.33 4 -1.5
126.93 4 -4.5
134.83100000000002 4 1.5
140.93 4 5.5
149.131 4 7.5
156.931 4 -3.5
162.13 4 0.5
167.231 4 2.5
172.831 4 -2.5
181.733 4 -5.5
187.13400000000001 4 -0.5
194.535 4 4.5
200.33599999999998 4 -5.5
206.831 4 -3.5
215.832 4 -1.5
223.532 4 5.5
228.532 4 -2.5
234.032 4 7.5
243.331 4 -4.5
249.532 4 1.5
255.232 4 -6.5
261.332 4 -0.5
269.433 4 7.5
277.83299999999997 4 2.5
284.434 4 -7.5
289.535 4 5.5
298.632 4 -3.5
304.33299999999997 4 -1.5
310.433 4 -7.5
317.933 4 6.5
322.933 4 5.5
328.333 4 -3.5
338.2340000000001 4 3.5
344.233 4 4.5
350.934 4 -5.5
358.934 4 2.5
365.134 4 7.5
370.934 4 -5.5
378.534 4 -1.5
384.435 4 3.5
394.037 4 3.5
399.23400000000004 4 -7.5
404.934 4 -4.5
413.73400000000004 4 4.5
419.335 4 -4.5
424.935 4 -3.5
434.034 4 -4.5
441.035 4 6.5
