4.0280000000000005 4 -7.490196078431373
10.927999999999999 4 5.509803921568627
16.529 4 3.5098039215686274
25.331 4 -6.490196078431373
34.431999999999995 4 -5.490196078431373
40.633 4 -6.490196078431373
45.833999999999996 4 5.509803921568627
52.727 4 1.5098039215686274
58.827 4 -1.4901960784313726
68.127 4 7.509803921568627
73.827 4 4.5098039215686265
81.627 4 5.509803921568627
87.12799999999999 4 -1.4901960784313726
92.12700000000001 4 5.509803921568627
101.82799999999999 4 -7.490196078431373
109.429 4 6.509803921568627
115.03 4 7.509803921568627
121.531 4 -5.490196078431373
127.53200000000001 4 -4.4901960784313735
133.733 4 3.5098039215686274
142.135 4 -1.4901960784313726
151.029 4 2.5098039215686274
160.129 4 5.509803921568627
165.62900000000005 4 3.5098039215686274
174.52900000000002 4 -0.4901960784313726
180.02900000000002 4 -1.4901960784313726
187.829 4 2.5098039215686274
195.429 4 3.5098039215686274
204.729 4 -1.4901960784313726
210.83 4 -1.4901960784313726
218.43099999999998 4 4.5098039215686265
225.833 4 -5.490196078431373
232.53400000000002 4 -0.4901960784313726
238.035 4 0.5098039215686274
246.13 4 -2.4901960784313726
251.93 4 -5.490196078431373
258.53 4 2.5098039215686274
265.13 4 -2.4901960784313726
270.33 4 3.5098039215686274
275.73 4 0.5098039215686274
281.531 4 -5.490196078431373
288.53 4 -3.4901960784313726
296.431 4 -1.4901960784313726
302.131 4 5.509803921568627
309.631 4 3.5098039215686274
315.332 4 -6.490196078431373
320.433 4 2.5098039215686274
330.034 4 -0.4901960784313726
339.931 4 -1.4901960784313726
346.131 4 7.509803921568627
354.33099999999996 4 1.5098039215686274
360.43199999999996 4 -4.4901960784313735
369.332 4 5.509803921568627
375.23199999999997 4 6.509803921568627
383.23199999999997 4 -4.4901960784313735
388.43199999999996 4 5.509803921568627
393.832 4 7.509803921568627
408.43199999999996 4 -3.4901960784313726
413.532 4 -4.4901960784313735
420.93300000000005 4 -5.490196078431373
428.335 4 -2.4901960784313726
433.336 4 -6.490196078431373
441.037 4 2.5098039215686274
