4.046 4 4.5098039215686265
10.23 4 -2.4901960784313726
16.730999999999998 4 -0.4901960784313726
24.531999999999996 4 -2.4901960784313726
30.333000000000002 4 3.5098039215686274
39.235 4 1.5098039215686274
47.025 4 -1.4901960784313726
54.525 4 7.509803921568627
59.625 4 5.509803921568627
65.225 4 -1.4901960784313726
71.825 4 -1.4901960784313726
77.025 4 5.509803921568627
86.32700000000001 4 -1.4901960784313726
95.228 4 -1.4901960784313726
100.929 4 0.5098039215686274
109.73 4 -6.490196078431373
115.23100000000001 4 7.509803921568627
122.633 4 3.5098039215686274
128.334 4 -2.4901960784313726
133.835 4 -4.4901960784313735
139.526 4 5.509803921568627
146.226 4 2.5098039215686274
155.326 4 3.5098039215686274
164.926 4 -5.490196078431373
172.827 4 -3.4901960784313726
179.42700000000005 4 -0.4901960784313726
184.42700000000002 4 6.509803921568627
192.028 4 5.509803921568627
198.13 4 -7.490196078431373
203.23 4 2.5098039215686274
209.43200000000002 4 2.5098039215686274
219.333 4 -4.4901960784313735
227.334 4 7.509803921568627
233.227 4 -6.490196078431373
241.327 4 -1.4901960784313726
246.528 4 5.509803921568627
252.028 4 2.5098039215686274
257.028 4 -6.490196078431373
262.228 4 -3.4901960784313726
269.628 4 6.509803921568627
277.828 4 -5.490196078431373
283.328 4 -5.490196078431373
291.7290000000001 4 3.5098039215686274
301.031 4 -1.4901960784313726
308.032 4 5.509803921568627
315.633 4 -7.490196078431373
322.535 4 0.5098039215686274
328.129 4 2.5098039215686274
334.2290000000001 4 4.5098039215686265
343.92900000000014 4 1.5098039215686274
353.029 4 -5.490196078431373
359.129 4 -5.490196078431373
365.329 4 -5.490196078431373
372.72900000000004 4 3.5098039215686274
378.329 4 -4.4901960784313735
385.23 4 -0.4901960784313726
394.13 4 -6.490196078431373
399.931 4 5.509803921568627
407.63300000000004 4 -4.4901960784313735
413.034 4 5.509803921568627
420.635 4 -1.4901960784313726
429.63 4 3.5098039215686274
435.63 4 7.509803921568627
