4.029 4 5.505882352941176
10.73 4 6.505882352941176
19.631 4 -2.494117647058824
28.733 4 5.505882352941176
34.834 4 -6.494117647058824
41.035 4 -0.4941176470588236
50.928000000000004 4 1.5058823529411764
59.728 4 -4.494117647058824
66.72800000000001 4 -5.494117647058824
75.128 4 -3.494117647058824
82.728 4 -0.4941176470588236
90.228 4 4.505882352941176
95.728 4 4.505882352941176
109.73 4 -0.4941176470588236
117.531 4 -4.494117647058824
123.53200000000001 4 -4.494117647058824
130.934 4 5.505882352941176
137.829 4 -7.494117647058823
147.529 4 4.505882352941176
153.72899999999996 4 -5.494117647058824
163.329 4 -0.4941176470588236
168.929 4 -5.494117647058824
174.02900000000002 4 6.505882352941176
179.73 4 3.5058823529411764
187.43 4 3.5058823529411764
192.93 4 7.505882352941176
198.13 4 -1.4941176470588236
203.53 4 -6.494117647058824
208.731 4 -1.4941176470588236
213.93200000000002 4 6.505882352941176
219.833 4 0.5058823529411764
225.43400000000003 4 -0.4941176470588236
231.135 4 2.5058823529411764
238.73 4 3.5058823529411764
247.73 4 -4.494117647058824
253.831 4 -5.494117647058824
259.231 4 0.5058823529411764
266.83099999999996 4 3.5058823529411764
275.031 4 7.505882352941176
282.83099999999996 4 0.5058823529411764
287.83099999999996 4 4.505882352941176
293.531 4 3.5058823529411764
302.632 4 -2.494117647058824
308.132 4 -6.494117647058824
317.033 4 6.505882352941176
322.534 4 -6.494117647058824
330.43199999999996 4 -6.494117647058824
336.037 4 0.5058823529411764
344.13199999999995 4 -1.4941176470588236
350.73199999999997 4 6.505882352941176
360.032 4 2.5058823529411764
368.93199999999996 4 2.5058823529411764
375.032 4 1.5058823529411764
380.033 4 -1.4941176470588236
386.233 4 6.505882352941176
391.333 4 -3.494117647058824
397.833 4 -0.4941176470588236
405.233 4 -6.494117647058824
412.13300000000004 4 -3.494117647058824
417.934 4 4.505882352941176
427.236 4 -7.494117647058823
435.233 4 -2.494117647058824
441.038 4 3.5058823529411764
