4.045 4 3.5215686274509803
9.427999999999999 4 -6.47843137254902
16.329 4 7.52156862745098
25.230999999999998 4 -0.4784313725490197
34.132 4 0.5215686274509803
39.633 4 -1.4784313725490197
48.735 4 5.52156862745098
54.83600000000001 4 1.5215686274509803
63.726000000000006 4 -4.47843137254902
71.32600000000002 4 0.5215686274509803
78.027 4 2.5215686274509803
85.62700000000002 4 2.5215686274509803
93.027 4 -3.47843137254902
100.82799999999999 4 5.52156862745098
109.932 4 -0.4784313725490197
116.53 4 -5.47843137254902
121.531 4 4.52156862745098
127.73200000000001 4 6.52156862745098
132.934 4 7.52156862745098
138.434 4 4.52156862745098
146.435 4 4.52156862745098
152.52700000000004 4 -2.47843137254902
158.128 4 -0.4784313725490197
167.128 4 -4.47843137254902
175.227 4 -2.47843137254902
184.928 4 -1.4784313725490197
191.928 4 7.52156862745098
199.72799999999998 4 0.5215686274509803
205.52900000000002 4 7.52156862745098
211.43 4 -3.47843137254902
220.732 4 6.52156862745098
226.333 4 -5.47843137254902
232.53400000000002 4 -0.4784313725490197
240.93900000000002 4 -3.47843137254902
246.628 4 -6.47843137254902
252.329 4 0.5215686274509803
257.329 4 -6.47843137254902
263.829 4 0.5215686274509803
271.329 4 4.52156862745098
276.42900000000003 4 -4.47843137254902
281.83 4 4.52156862745098
287.4290000000001 4 7.52156862745098
292.53 4 -2.47843137254902
299.933 4 3.5215686274509803
307.53 4 3.5215686274509803
316.332 4 -7.47843137254902
322.533 4 -7.47843137254902
332.135 4 0.5215686274509803
338.236 4 2.5215686274509803
345.93 4 -5.47843137254902
355.83099999999996 4 3.5215686274509803
363.23 4 3.5215686274509803
370.13 4 -1.4784313725490197
375.93199999999996 4 -5.47843137254902
382.531 4 -6.47843137254902
390.431 4 6.52156862745098
395.934 4 -1.4784313725490197
401.131 4 -5.47843137254902
407.131 4 5.52156862745098
412.333 4 -6.47843137254902
417.833 4 2.5215686274509803
423.534 4 -7.47843137254902
431.736 4 -2.47843137254902
441.032 4 -2.47843137254902
