4.05 4 -6.494117647058824
9.433 4 2.5058823529411764
16.434 4 -7.494117647058823
25.535999999999998 4 -2.494117647058824
32.229 4 -6.494117647058824
39.629 4 -2.494117647058824
44.83 4 -5.494117647058824
50.33 4 -0.4941176470588236
59.229 4 -3.494117647058824
65.73 4 -6.494117647058824
71.83 4 -0.4941176470588236
77.03 4 6.505882352941176
82.53 4 -2.494117647058824
88.031 4 4.505882352941176
94.23200000000001 4 0.5058823529411764
102.633 4 7.505882352941176
110.734 4 -7.494117647058823
116.436 4 -1.4941176470588236
125.73100000000001 4 2.5058823529411764
132.33 4 0.5058823529411764
139.231 4 -3.494117647058824
146.131 4 -7.494117647058823
152.131 4 -2.494117647058824
157.231 4 -4.494117647058824
163.131 4 -0.4941176470588236
168.63099999999997 4 -7.494117647058823
173.63099999999997 4 -5.494117647058824
181.13099999999997 4 6.505882352941176
189.332 4 4.505882352941176
198.63299999999998 4 -7.494117647058823
206.234 4 1.5058823529411764
212.03599999999997 4 -3.494117647058824
219.93400000000003 4 7.505882352941176
225.132 4 -3.494117647058824
230.732 4 4.505882352941176
239.532 4 1.5058823529411764
244.935 4 3.5058823529411764
253.935 4 5.505882352941176
259.533 4 -5.494117647058824
267.533 4 -1.4941176470588236
273.733 4 1.5058823529411764
279.533 4 2.5058823529411764
287.133 4 1.5058823529411764
292.233 4 -0.4941176470588236
297.935 4 0.5058823529411764
304.035 4 -5.494117647058824
309.036 4 3.5058823529411764
314.733 4 4.505882352941176
320.83299999999997 4 0.5058823529411764
329.93300000000005 4 6.505882352941176
336.534 4 0.5058823529411764
345.434 4 0.5058823529411764
351.63300000000015 4 -4.494117647058824
357.23400000000015 4 5.505882352941176
365.034 4 -6.494117647058824
373.934 4 7.505882352941176
383.534 4 -2.494117647058824
391.134 4 0.5058823529411764
398.535 4 7.505882352941176
408.43699999999995 4 5.505882352941176
415.838 4 -1.4941176470588236
423.634 4 -7.494117647058823
433.335 4 7.505882352941176
441.035 4 4.505882352941176
