4.065 4 3.5098039215686274
9.529 4 1.5098039215686274
17.129 4 -7.490196078431373
23.629 4 1.5098039215686274
29.129 4 -3.4901960784313726
35.33 4 -0.4901960784313726
40.931 4 -5.490196078431373
46.933 4 -7.490196078431373
54.934 4 7.509803921568627
61.135 4 1.5098039215686274
68.63 4 -3.4901960784313726
75.33 4 3.5098039215686274
80.53 4 5.509803921568627
85.63 4 -1.4901960784313726
91.531 4 -7.490196078431373
96.631 4 2.5098039215686274
104.83 4 6.509803921568627
110.53 4 -1.4901960784313726
117.931 4 1.5098039215686274
122.931 4 -7.490196078431373
129.031 4 -5.490196078431373
134.531 4 5.509803921568627
141.13299999999995 4 -2.4901960784313726
150.234 4 5.509803921568627
159.336 4 -7.490196078431373
168.232 4 -1.4901960784313726
178.132 4 2.5098039215686274
185.532 4 0.5098039215686274
193.332 4 -0.4901960784313726
202.232 4 3.5098039215686274
207.632 4 6.509803921568627
215.43200000000002 4 0.5098039215686274
220.632 4 -3.4901960784313726
226.43200000000002 4 7.509803921568627
243.93400000000003 4 -4.4901960784313735
251.335 4 -5.490196078431373
259.033 4 -7.490196078431373
268.733 4 7.509803921568627
277.133 4 2.5098039215686274
285.233 4 5.509803921568627
290.83299999999997 4 -4.4901960784313735
299.7340000000001 4 5.509803921568627
305.834 4 5.509803921568627
314.633 4 -2.4901960784313726
320.434 4 -4.4901960784313735
328.034 4 -4.4901960784313735
333.434 4 -3.4901960784313726
342.435 4 4.5098039215686265
347.436 4 -3.4901960784313726
356.73699999999997 4 4.5098039215686265
366.035 4 7.509803921568627
372.935 4 7.509803921568627
379.135 4 -0.4901960784313726
384.735 4 4.5098039215686265
390.435 4 -6.490196078431373
396.535 4 -5.490196078431373
403.135 4 -1.4901960784313726
408.835 4 0.5098039215686274
415.835 4 -1.4901960784313726
423.435 4 2.5098039215686274
428.635 4 2.5098039215686274
434.135 4 -3.4901960784313726
441.036 4 -4.4901960784313735
4.065 4 3.5098039215686274
9.529 4 1.5098039215686274
17.129 4 -7.490196078431373
23.629 4 1.5098039215686274
29.129 4 -3.4901960784313726
35.33 4 -0.4901960784313726
40.931 4 -5.490196078431373
46.933 4 -7.490196078431373
54.934 4 7.509803921568627
61.135 4 1.5098039215686274
68.63 4 -3.4901960784313726
75.33 4 3.5098039215686274
80.53 4 5.509803921568627
85.63 4 -1.4901960784313726
91.531 4 -7.490196078431373
96.631 4 2.5098039215686274
104.83 4 6.509803921568627
110.53 4 -1.4901960784313726
117.931 4 1.5098039215686274
122.931 4 -7.490196078431373
129.031 4 -5.490196078431373
134.531 4 5.509803921568627
141.13299999999995 4 -2.4901960784313726
150.234 4 5.509803921568627
159.336 4 -7.490196078431373
168.232 4 -1.4901960784313726
178.132 4 2.5098039215686274
185.532 4 0.5098039215686274
193.332 4 -0.4901960784313726
202.232 4 3.5098039215686274
207.632 4 6.509803921568627
215.43200000000002 4 0.5098039215686274
220.632 4 -3.4901960784313726
226.43200000000002 4 7.509803921568627
243.93400000000003 4 -4.4901960784313735
251.335 4 -5.490196078431373
259.033 4 -7.490196078431373
268.733 4 7.509803921568627
277.133 4 2.5098039215686274
285.233 4 5.509803921568627
290.83299999999997 4 -4.4901960784313735
299.7340000000001 4 5.509803921568627
305.834 4 5.509803921568627
314.633 4 -2.4901960784313726
320.434 4 -4.4901960784313735
328.034 4 -4.4901960784313735
333.434 4 -3.4901960784313726
342.435 4 4.5098039215686265
347.436 4 -3.4901960784313726
356.73699999999997 4 4.5098039215686265
366.035 4 7.509803921568627
372.935 4 7.509803921568627
379.135 4 -0.4901960784313726
384.735 4 4.5098039215686265
390.435 4 -6.490196078431373
396.535 4 -5.490196078431373
403.135 4 -1.4901960784313726
408.835 4 0.5098039215686274
415.835 4 -1.4901960784313726
423.435 4 2.5098039215686274
428.635 4 2.5098039215686274
434.135 4 -3.4901960784313726
441.036 4 -4.4901960784313735
