4.04 4 -3.5583333333333336
12.923 4 -2.5583333333333336
19.824 4 6.441666666666666
25.425 4 -3.5583333333333336
32.025999999999996 4 -2.5583333333333336
38.126999999999995 4 1.4416666666666664
44.129 4 6.441666666666666
51.53 4 -4.558333333333334
57.03100000000001 4 4.441666666666666
64.932 4 7.441666666666666
70.333 4 -6.558333333333334
77.834 4 -4.558333333333334
83.024 4 -5.558333333333334
92.624 4 4.441666666666666
100.22399999999999 4 1.4416666666666664
109.124 4 4.441666666666666
121.626 4 3.4416666666666664
126.626 4 -2.5583333333333336
132.72799999999998 4 -6.558333333333334
142.629 4 -0.5583333333333336
148.23 4 -1.5583333333333336
157.532 4 -4.558333333333334
166.834 4 7.441666666666666
174.435 4 3.4416666666666664
180.125 4 5.441666666666666
185.325 4 -6.558333333333334
193.125 4 2.4416666666666664
205.525 4 -1.5583333333333336
211.226 4 -0.5583333333333336
220.02599999999998 4 5.441666666666666
226.52700000000002 4 -7.558333333333334
235.62900000000002 4 1.4416666666666664
241.83 4 -3.5583333333333336
248.03099999999998 4 -4.558333333333334
256.232 4 5.441666666666666
262.033 4 -5.558333333333334
269.635 4 3.4416666666666664
279.327 4 6.441666666666666
286.7270000000001 4 6.441666666666666
292.127 4 -6.558333333333334
301.2270000000001 4 -0.5583333333333336
307.028 4 -1.5583333333333336
313.7270000000001 4 1.4416666666666664
320.327 4 -4.558333333333334
325.328 4 -1.5583333333333336
333.7290000000001 4 -5.558333333333334
338.93 4 -2.5583333333333336
351.833 4 2.4416666666666664
359.934 4 -7.558333333333334
366.135 4 2.4416666666666664
375.037 4 3.4416666666666664
382.82800000000003 4 5.441666666666666
387.92800000000005 4 7.441666666666666
395.92800000000005 4 3.4416666666666664
402.028 4 -5.558333333333334
407.62800000000004 4 1.4416666666666664
413.129 4 2.4416666666666664
420.829 4 0.4416666666666664
426.529 4 -6.558333333333334
432.03 4 0.4416666666666664
441.032 4 6.441666666666666
