4.053999999999999 4 -1.5
9.636000000000001 4 1.5
16.335 4 -2.5
23.336 4 6.5
29.923000000000002 4 6.5
39.821999999999996 4 0.5
49.523999999999994 4 -4.5
55.224 4 -7.5
60.226000000000006 4 -0.5
66.32600000000001 4 5.5
74.428 4 -5.5
80.62899999999998 4 0.5
89.531 4 -1.5
97.53200000000001 4 7.5
106.53399999999999 4 1.5
115.63799999999999 4 3.5
123.021 4 6.5
129.52100000000002 4 -0.5
137.92600000000002 4 5.5
143.623 4 -7.5
152.92600000000004 4 3.5
160.827 4 -1.5
166.328 4 4.5
172.93 4 5.5
178.53 4 6.5
186.13099999999997 4 -5.5
195.033 4 -2.5
200.13400000000001 4 6.5
207.03400000000002 4 0.5
214.83900000000003 4 4.5
223.622 4 -7.5
229.122 4 -7.5
236.72299999999998 4 4.5
241.926 4 -6.5
247.725 4 -6.5
253.12599999999998 4 -3.5
258.627 4 2.5
266.028 4 -2.5
271.22900000000004 4 -0.5
276.33 4 -7.5
282.231 4 -4.5
291.33299999999997 4 4.5
296.934 4 -7.5
306.536 4 -6.5
312.624 4 4.5
318.123 4 6.5
324.324 4 -3.5
332.024 4 1.5
338.925 4 6.5
347.82599999999996 4 0.5
352.827 4 2.5
360.228 4 -7.5
368.03 4 -0.5
375.531 4 -0.5
381.332 4 2.5
390.634 4 -3.5
396.835 4 -6.5
402.035 4 -4.5
408.025 4 3.5
414.125 4 1.5
421.725 4 1.5
427.425 4 -3.5
432.825 4 1.5
441.026 4 -0.5
