4.042 4 -1.5
10.925 4 -1.5
16.425 4 -6.5
21.425 4 7.5
31.125999999999998 4 -0.5
38.626999999999995 4 -7.5
44.528 4 -2.5
52.13 4 -6.5
60.331 4 -4.5
66.932 4 4.5
73.633 4 3.5
78.634 4 6.5
84.126 4 -7.5
89.82600000000002 4 0.5
95.32600000000001 4 3.5
100.52600000000001 4 2.5
105.626 4 2.5
113.726 4 6.5
121.32600000000001 4 -3.5
127.427 4 4.5
134.827 4 -3.5
142.529 4 -0.5
152.431 4 -2.5
160.232 4 -0.5
165.833 4 -2.5
174.734 4 7.5
180.42700000000002 4 -4.5
186.02700000000002 4 -2.5
193.028 4 3.5
201.928 4 0.5
210.72799999999998 4 6.5
219.128 4 7.5
225.22799999999998 4 1.5
232.628 4 -0.5
238.829 4 7.5
244.23 4 -1.5
253.132 4 -2.5
258.332 4 -4.5
266.23400000000004 4 -5.5
271.435 4 -5.5
276.529 4 0.5
284.329 4 0.5
291.7290000000001 4 -5.5
299.329 4 5.5
307.329 4 2.5
316.9290000000001 4 2.5
322.9290000000001 4 -7.5
332.23 4 3.5
341.53 4 -5.5
347.231 4 5.5
354.13300000000015 4 5.5
360.334 4 -6.5
366.835 4 0.5
373.03 4 4.5
378.63 4 -1.5
385.23 4 -3.5
391.33 4 -6.5
400.33099999999996 4 -6.5
406.131 4 -5.5
415.231 4 0.5
421.031 4 3.5
426.431 4 7.5
431.931 4 4.5
441.031 4 4.5
