4.06 4 2.5
11.433 4 2.5
18.334 4 -0.5
27.234 4 -7.5
33.434 4 -7.5
41.034 4 -7.5
47.63399999999999 4 1.5
57.335 4 5.5
62.83600000000001 4 -3.5
68.337 4 1.5
73.535 4 2.5
80.939 4 0.5
87.835 4 5.5
97.135 4 -1.5
104.935 4 7.5
113.835 4 0.5
119.336 4 -1.5
126.936 4 -4.5
134.836 4 1.5
140.935 4 5.5
149.136 4 7.5
156.936 4 -3.5
162.137 4 0.5
167.238 4 2.5
172.83900000000003 4 -2.5
181.736 4 -5.5
187.137 4 -0.5
194.52599999999998 4 4.5
200.327 4 -5.5
206.828 4 -3.5
215.83 4 -1.5
223.53099999999998 4 5.5
228.532 4 -2.5
234.033 4 7.5
243.33700000000002 4 -4.5
249.537 4 1.5
255.22099999999998 4 -6.5
261.32099999999997 4 -0.5
269.423 4 7.5
277.824 4 2.5
284.425 4 -7.5
289.526 4 5.5
298.627 4 -3.5
304.328 4 -1.5
310.4290000000001 4 -7.5
317.934 4 6.5
322.934 4 5.5
328.333 4 -3.5
338.2340000000001 4 3.5
344.235 4 4.5
350.92199999999997 4 -5.5
358.92199999999997 4 2.5
365.12199999999996 4 7.5
370.92400000000004 4 -5.5
378.525 4 -1.5
384.426 4 3.5
394.028 4 3.5
399.228 4 -7.5
404.935 4 -4.5
413.731 4 4.5
419.332 4 -4.5
424.935 4 -3.5
434.035 4 -4.5
441.036 4 6.5
