4.037 4 -0.5137254901960784
9.628 4 1.4862745098039216
17.729 4 -2.5137254901960784
25.531 4 0.4862745098039216
32.032 4 0.4862745098039216
39.733000000000004 4 0.4862745098039216
46.733999999999995 4 6.486274509803923
53.621 4 5.4862745098039225
59.82100000000001 4 0.4862745098039216
65.62100000000001 4 3.4862745098039216
72.52199999999998 4 7.486274509803923
77.623 4 4.486274509803922
82.824 4 1.4862745098039216
88.025 4 4.486274509803922
93.126 4 -6.513725490196077
102.727 4 -3.5137254901960784
111.829 4 5.4862745098039225
119.23 4 -7.513725490196077
126.73200000000001 4 -2.5137254901960784
132.13299999999998 4 -7.513725490196077
137.334 4 -0.5137254901960784
143.035 4 -0.5137254901960784
150.623 4 2.4862745098039216
158.523 4 -6.513725490196077
166.72299999999996 4 4.486274509803922
172.923 4 6.486274509803923
180.525 4 0.4862745098039216
189.426 4 6.486274509803923
198.328 4 -7.513725490196077
204.929 4 -5.5137254901960775
209.93 4 -3.5137254901960784
216.63099999999997 4 -2.5137254901960784
222.732 4 0.4862745098039216
232.03400000000002 4 1.4862745098039216
237.635 4 -3.5137254901960784
246.72400000000002 4 -1.5137254901960784
256.42400000000004 4 0.4862745098039216
262.524 4 -6.513725490196077
269.92400000000004 4 -2.5137254901960784
278.925 4 -3.5137254901960784
284.526 4 -7.513725490196077
291.927 4 -4.513725490196078
297.328 4 -5.5137254901960775
306.63 4 -5.5137254901960775
312.631 4 3.4862745098039216
320.433 4 4.486274509803922
328.034 4 -0.5137254901960784
336.425 4 7.486274509803923
346.325 4 2.4862745098039216
352.925 4 7.486274509803923
359.026 4 -6.513725490196077
364.726 4 -7.513725490196077
370.426 4 2.4862745098039216
375.426 4 5.4862745098039225
384.227 4 -5.5137254901960775
393.129 4 7.486274509803923
398.629 4 7.486274509803923
404.83099999999996 4 -1.5137254901960784
410.332 4 -4.513725490196078
416.13300000000004 4 -2.5137254901960784
422.034 4 -7.513725490196077
427.535 4 4.486274509803922
433.036 4 1.4862745098039216
441.027 4 -1.5137254901960784
4.037 4 -0.5137254901960784
9.628 4 1.4862745098039216
17.729 4 -2.5137254901960784
25.531 4 0.4862745098039216
32.032 4 0.4862745098039216
39.733000000000004 4 0.4862745098039216
46.733999999999995 4 6.486274509803923
53.621 4 5.4862745098039225
59.82100000000001 4 0.4862745098039216
65.62100000000001 4 3.4862745098039216
72.52199999999998 4 7.486274509803923
77.623 4 4.486274509803922
82.824 4 1.4862745098039216
88.025 4 4.486274509803922
93.126 4 -6.513725490196077
102.727 4 -3.5137254901960784
111.829 4 5.4862745098039225
119.23 4 -7.513725490196077
126.73200000000001 4 -2.5137254901960784
132.13299999999998 4 -7.513725490196077
137.334 4 -0.5137254901960784
143.035 4 -0.5137254901960784
150.623 4 2.4862745098039216
158.523 4 -6.513725490196077
166.72299999999996 4 4.486274509803922
172.923 4 6.486274509803923
180.525 4 0.4862745098039216
189.426 4 6.486274509803923
198.328 4 -7.513725490196077
204.929 4 -5.5137254901960775
209.93 4 -3.5137254901960784
216.63099999999997 4 -2.5137254901960784
222.732 4 0.4862745098039216
232.03400000000002 4 1.4862745098039216
237.635 4 -3.5137254901960784
246.72400000000002 4 -1.5137254901960784
256.42400000000004 4 0.4862745098039216
262.524 4 -6.513725490196077
269.92400000000004 4 -2.5137254901960784
278.925 4 -3.5137254901960784
284.526 4 -7.513725490196077
291.927 4 -4.513725490196078
297.328 4 -5.5137254901960775
306.63 4 -5.5137254901960775
312.631 4 3.4862745098039216
320.433 4 4.486274509803922
328.034 4 -0.5137254901960784
336.425 4 7.486274509803923
346.325 4 2.4862745098039216
352.925 4 7.486274509803923
359.026 4 -6.513725490196077
364.726 4 -7.513725490196077
370.426 4 2.4862745098039216
375.426 4 5.4862745098039225
384.227 4 -5.5137254901960775
393.129 4 7.486274509803923
398.629 4 7.486274509803923
404.83099999999996 4 -1.5137254901960784
410.332 4 -4.513725490196078
416.13300000000004 4 -2.5137254901960784
422.034 4 -7.513725490196077
427.535 4 4.486274509803922
433.036 4 1.4862745098039216
441.027 4 -1.5137254901960784
