4.048 4 -6.478260869565218
11.831 4 1.5217391304347831
19.532 4 0.5217391304347831
27.534000000000002 4 -2.478260869565217
36.435 4 6.521739130434782
43.93600000000001 4 -4.478260869565217
50.53100000000001 4 -3.478260869565217
59.832 4 2.521739130434783
65.832 4 -5.478260869565216
71.532 4 -6.478260869565218
80.432 4 -7.478260869565218
89.73200000000001 4 2.521739130434783
95.23299999999999 4 4.521739130434783
100.33200000000001 4 -3.478260869565217
105.53299999999999 4 0.5217391304347831
113.132 4 7.521739130434782
122.134 4 -2.478260869565217
128.234 4 1.5217391304347831
135.636 4 -3.478260869565217
141.233 4 -7.478260869565218
148.13299999999995 4 7.521739130434782
155.13299999999995 4 0.5217391304347831
163.533 4 -3.478260869565217
171.433 4 -7.478260869565218
178.834 4 -5.478260869565216
188.734 4 -4.478260869565217
195.43400000000003 4 -4.478260869565217
200.53400000000002 4 -4.478260869565217
213.937 4 3.521739130434783
220.13400000000001 4 -6.478260869565218
229.03599999999997 4 1.5217391304347831
234.53599999999997 4 -5.478260869565216
239.738 4 1.5217391304347831
247.135 4 -3.478260869565217
253.235 4 5.521739130434784
262.335 4 1.5217391304347831
271.435 4 -2.478260869565217
276.835 4 3.521739130434783
285.035 4 7.521739130434782
310.13599999999997 4 1.5217391304347831
315.736 4 -0.4782608695652169
321.938 4 2.521739130434783
329.537 4 -0.4782608695652169
335.4380000000001 4 7.521739130434782
340.6380000000001 4 6.521739130434782
348.436 4 -2.478260869565217
353.925 4 -0.4782608695652169
361.526 4 6.521739130434782
367.727 4 -1.4782608695652169
373.528 4 -3.478260869565217
378.528 4 0.5217391304347831
384.63 4 6.521739130434782
390.131 4 -4.478260869565217
395.13199999999995 4 7.521739130434782
400.733 4 -7.478260869565218
410.337 4 -2.478260869565217
416.037 4 1.5217391304347831
421.73699999999997 4 -4.478260869565217
427.52099999999996 4 4.521739130434783
435.62199999999996 4 5.521739130434784
441.023 4 7.521739130434782
4.048 4 -6.478260869565218
11.831 4 1.5217391304347831
19.532 4 0.5217391304347831
27.534000000000002 4 -2.478260869565217
36.435 4 6.521739130434782
43.93600000000001 4 -4.478260869565217
50.53100000000001 4 -3.478260869565217
59.832 4 2.521739130434783
65.832 4 -5.478260869565216
71.532 4 -6.478260869565218
80.432 4 -7.478260869565218
89.73200000000001 4 2.521739130434783
95.23299999999999 4 4.521739130434783
100.33200000000001 4 -3.478260869565217
105.53299999999999 4 0.5217391304347831
113.132 4 7.521739130434782
122.134 4 -2.478260869565217
128.234 4 1.5217391304347831
135.636 4 -3.478260869565217
141.233 4 -7.478260869565218
148.13299999999995 4 7.521739130434782
155.13299999999995 4 0.5217391304347831
163.533 4 -3.478260869565217
171.433 4 -7.478260869565218
178.834 4 -5.478260869565216
188.734 4 -4.478260869565217
195.43400000000003 4 -4.478260869565217
200.53400000000002 4 -4.478260869565217
213.937 4 3.521739130434783
220.13400000000001 4 -6.478260869565218
229.03599999999997 4 1.5217391304347831
234.53599999999997 4 -5.478260869565216
239.738 4 1.5217391304347831
247.135 4 -3.478260869565217
253.235 4 5.521739130434784
262.335 4 1.5217391304347831
271.435 4 -2.478260869565217
276.835 4 3.521739130434783
285.035 4 7.521739130434782
310.13599999999997 4 1.5217391304347831
315.736 4 -0.4782608695652169
321.938 4 2.521739130434783
329.537 4 -0.4782608695652169
335.4380000000001 4 7.521739130434782
340.6380000000001 4 6.521739130434782
348.436 4 -2.478260869565217
353.925 4 -0.4782608695652169
361.526 4 6.521739130434782
367.727 4 -1.4782608695652169
373.528 4 -3.478260869565217
378.528 4 0.5217391304347831
384.63 4 6.521739130434782
390.131 4 -4.478260869565217
395.13199999999995 4 7.521739130434782
400.733 4 -7.478260869565218
410.337 4 -2.478260869565217
416.037 4 1.5217391304347831
421.73699999999997 4 -4.478260869565217
427.52099999999996 4 4.521739130434783
435.62199999999996 4 5.521739130434784
441.023 4 7.521739130434782
