4.047 4 1.5217391304347831
10.03 4 5.521739130434784
16.531 4 5.521739130434784
25.433000000000003 4 2.521739130434783
33.434 4 -7.478260869565218
42.724 4 -0.4782608695652169
48.523999999999994 4 -4.478260869565217
53.724 4 -6.478260869565218
61.925 4 1.5217391304347831
67.42399999999999 4 -2.478260869565217
75.825 4 -0.4782608695652169
83.227 4 -3.478260869565217
91.02799999999999 4 3.521739130434783
97.929 4 4.521739130434783
103.33 4 -6.478260869565218
108.831 4 -7.478260869565218
114.432 4 7.521739130434782
123.53399999999999 4 -4.478260869565217
129.735 4 6.521739130434782
138.636 4 2.521739130434783
145.625 4 -0.4782608695652169
150.625 4 6.521739130434782
156.42600000000004 4 3.521739130434783
164.325 4 -0.4782608695652169
170.426 4 -1.4782608695652169
176.12599999999995 4 0.5217391304347831
182.727 4 -7.478260869565218
187.93200000000002 4 -5.478260869565216
196.933 4 6.521739130434782
204.53099999999998 4 -0.4782608695652169
214.433 4 -6.478260869565218
220.53400000000002 4 -7.478260869565218
226.135 4 -3.478260869565217
231.136 4 6.521739130434782
236.327 4 -5.478260869565216
242.52700000000002 4 4.521739130434783
252.227 4 1.5217391304347831
258.827 4 -7.478260869565218
267.931 4 -2.478260869565217
273.327 4 0.5217391304347831
282.128 4 6.521739130434782
287.829 4 4.521739130434783
294.731 4 -3.478260869565217
301.432 4 -3.478260869565217
308.83299999999997 4 1.5217391304347831
316.936 4 -6.478260869565218
322.835 4 4.521739130434783
330.42800000000005 4 5.521739130434784
336.1280000000001 4 3.521739130434783
341.228 4 -0.4782608695652169
346.728 4 -1.4782608695652169
354.529 4 -7.478260869565218
360.62800000000004 4 0.5217391304347831
366.129 4 4.521739130434783
371.22900000000004 4 1.5217391304347831
378.829 4 0.5217391304347831
387.73 4 6.521739130434782
395.431 4 -4.478260869565217
401.63199999999995 4 -1.4782608695652169
407.23400000000004 4 2.521739130434783
414.635 4 -2.478260869565217
423.93 4 1.5217391304347831
431.42900000000003 4 -7.478260869565218
441.03 4 6.521739130434782
4.047 4 1.5217391304347831
10.03 4 5.521739130434784
16.531 4 5.521739130434784
25.433000000000003 4 2.521739130434783
33.434 4 -7.478260869565218
42.724 4 -0.4782608695652169
48.523999999999994 4 -4.478260869565217
53.724 4 -6.478260869565218
61.925 4 1.5217391304347831
67.42399999999999 4 -2.478260869565217
75.825 4 -0.4782608695652169
83.227 4 -3.478260869565217
91.02799999999999 4 3.521739130434783
97.929 4 4.521739130434783
103.33 4 -6.478260869565218
108.831 4 -7.478260869565218
114.432 4 7.521739130434782
123.53399999999999 4 -4.478260869565217
129.735 4 6.521739130434782
138.636 4 2.521739130434783
145.625 4 -0.4782608695652169
150.625 4 6.521739130434782
156.42600000000004 4 3.521739130434783
164.325 4 -0.4782608695652169
170.426 4 -1.4782608695652169
176.12599999999995 4 0.5217391304347831
182.727 4 -7.478260869565218
187.93200000000002 4 -5.478260869565216
196.933 4 6.521739130434782
204.53099999999998 4 -0.4782608695652169
214.433 4 -6.478260869565218
220.53400000000002 4 -7.478260869565218
226.135 4 -3.478260869565217
231.136 4 6.521739130434782
236.327 4 -5.478260869565216
242.52700000000002 4 4.521739130434783
252.227 4 1.5217391304347831
258.827 4 -7.478260869565218
267.931 4 -2.478260869565217
273.327 4 0.5217391304347831
282.128 4 6.521739130434782
287.829 4 4.521739130434783
294.731 4 -3.478260869565217
301.432 4 -3.478260869565217
308.83299999999997 4 1.5217391304347831
316.936 4 -6.478260869565218
322.835 4 4.521739130434783
330.42800000000005 4 5.521739130434784
336.1280000000001 4 3.521739130434783
341.228 4 -0.4782608695652169
346.728 4 -1.4782608695652169
354.529 4 -7.478260869565218
360.62800000000004 4 0.5217391304347831
366.129 4 4.521739130434783
371.22900000000004 4 1.5217391304347831
378.829 4 0.5217391304347831
387.73 4 6.521739130434782
395.431 4 -4.478260869565217
401.63199999999995 4 -1.4782608695652169
407.23400000000004 4 2.521739130434783
414.635 4 -2.478260869565217
423.93 4 1.5217391304347831
431.42900000000003 4 -7.478260869565218
441.03 4 6.521739130434782
