4.046 4 4.487903225806452
13.33 4 0.487903225806452
18.831 4 -2.512096774193548
26.432 4 -2.512096774193548
31.534000000000002 4 4.487903225806452
39.435 4 -4.512096774193548
47.823 4 6.487903225806452
55.223 4 0.487903225806452
60.922 4 -3.5120967741935485
65.923 4 -5.512096774193548
71.824 4 1.487903225806452
80.82600000000002 4 0.487903225806452
86.32700000000001 4 4.487903225806452
95.228 4 -7.512096774193548
100.329 4 5.487903225806452
108.13 4 7.487903225806452
113.73100000000001 4 -2.512096774193548
119.432 4 -1.512096774193548
126.334 4 -6.512096774193548
134.035 4 -7.512096774193548
141.036 4 2.487903225806452
147.624 4 7.487903225806452
153.024 4 -0.5120967741935479
160.624 4 -3.5120967741935485
170.524 4 7.487903225806452
178.02599999999995 4 0.487903225806452
183.827 4 4.487903225806452
189.928 4 3.4879032258064515
199.02900000000002 4 -0.5120967741935479
204.231 4 -5.512096774193548
209.731 4 -7.512096774193548
216.632 4 7.487903225806452
225.93400000000003 4 -5.512096774193548
230.935 4 2.487903225806452
237.136 4 0.487903225806452
243.225 4 -6.512096774193548
248.425 4 -7.512096774193548
254.926 4 -5.512096774193548
261.626 4 -7.512096774193548
266.82599999999996 4 0.487903225806452
275.72700000000003 4 1.487903225806452
285.328 4 -0.5120967741935479
290.9290000000001 4 4.487903225806452
304.332 4 5.487903225806452
311.733 4 -1.512096774193548
317.7340000000001 4 1.487903225806452
323.935 4 -3.5120967741935485
332.1269999999999 4 -7.512096774193548
341.227 4 -0.5120967741935479
346.92699999999996 4 6.487903225806452
352.327 4 0.487903225806452
358.12699999999984 4 -1.512096774193548
364.727 4 6.487903225806452
370.92800000000005 4 -2.512096774193548
378.32800000000003 4 2.487903225806452
383.829 4 -6.512096774193548
391.43 4 7.487903225806452
400.332 4 5.487903225806452
406.43199999999996 4 1.487903225806452
416.135 4 -4.512096774193548
432.92800000000005 4 -3.5120967741935485
441.028 4 -6.512096774193548
