4.055 4 -1.5
9.137 4 5.5
15.338 4 -2.5
23.121 4 -7.5
30.721999999999998 4 1.5
39.62300000000001 4 -7.5
45.123999999999995 4 0.5
50.825 4 7.5
58.227 4 3.5
67.328 4 2.5
72.329 4 6.5
78.53 4 -4.5
84.131 4 -5.5
93.03299999999999 4 -1.5
98.939 4 2.5
107.035 4 2.5
113.94 4 5.5
121.323 4 -0.5
126.522 4 2.5
132.22299999999998 4 4.5
139.624 4 -7.5
145.725 4 1.5
151.42600000000004 4 -1.5
156.42700000000005 4 -3.5
164.429 4 0.5
173.33 4 -0.5
178.831 4 -5.5
187.233 4 5.5
193.834 4 -6.5
202.94 4 -7.5
212.22400000000002 4 5.5
218.024 4 -4.5
223.62400000000002 4 5.5
231.324 4 1.5
237.825 4 -5.5
243.02599999999998 4 5.5
250.02700000000002 4 6.5
255.428 4 -3.5
260.829 4 -4.5
267.73 4 0.5
277.032 4 7.5
284.936 4 -4.5
292.535 4 -3.5
297.735 4 -3.5
302.825 4 3.5
308.825 4 3.5
314.325 4 -1.5
320.425 4 7.5
326.225 4 -7.5
332.426 4 2.5
342.027 4 2.5
347.62800000000016 4 -5.5
353.12800000000016 4 7.5
361.33 4 -2.5
368.83099999999996 4 -0.5
378.733 4 1.5
388.435 4 -1.5
396.236 4 4.5
405.027 4 7.5
411.727 4 -4.5
418.327 4 -3.5
424.42699999999996 4 -3.5
433.42699999999996 4 4.5
441.027 4 -7.5
4.055 4 -1.5
9.137 4 5.5
15.338 4 -2.5
23.121 4 -7.5
30.721999999999998 4 1.5
39.62300000000001 4 -7.5
45.123999999999995 4 0.5
50.825 4 7.5
58.227 4 3.5
67.328 4 2.5
72.329 4 6.5
78.53 4 -4.5
84.131 4 -5.5
93.03299999999999 4 -1.5
98.939 4 2.5
107.035 4 2.5
113.94 4 5.5
121.323 4 -0.5
126.522 4 2.5
132.22299999999998 4 4.5
139.624 4 -7.5
145.725 4 1.5
151.42600000000004 4 -1.5
156.42700000000005 4 -3.5
164.429 4 0.5
173.33 4 -0.5
178.831 4 -5.5
187.233 4 5.5
193.834 4 -6.5
202.94 4 -7.5
212.22400000000002 4 5.5
218.024 4 -4.5
223.62400000000002 4 5.5
231.324 4 1.5
237.825 4 -5.5
243.02599999999998 4 5.5
250.02700000000002 4 6.5
255.428 4 -3.5
260.829 4 -4.5
267.73 4 0.5
277.032 4 7.5
284.936 4 -4.5
292.535 4 -3.5
297.735 4 -3.5
302.825 4 3.5
308.825 4 3.5
314.325 4 -1.5
320.425 4 7.5
326.225 4 -7.5
332.426 4 2.5
342.027 4 2.5
347.62800000000016 4 -5.5
353.12800000000016 4 7.5
361.33 4 -2.5
368.83099999999996 4 -0.5
378.733 4 1.5
388.435 4 -1.5
396.236 4 4.5
405.027 4 7.5
411.727 4 -4.5
418.327 4 -3.5
424.42699999999996 4 -3.5
433.42699999999996 4 4.5
441.027 4 -7.5
