4.062 4 -6.5
13.129000000000001 4 5.5
18.33 4 5.5
24.432 4 -1.5
32.133 4 -6.5
40.334 4 0.5
49.438 4 -2.5
56.32100000000001 4 -2.5
64.322 4 -7.5
69.92399999999999 4 6.5
75.824 4 -7.5
82.525 4 4.5
91.527 4 -5.5
99.02799999999999 4 -1.5
105.931 4 -4.5
114.331 4 0.5
120.53200000000001 4 6.5
128.13299999999998 4 -6.5
134.334 4 2.5
140.935 4 -1.5
150.623 4 -4.5
158.423 4 3.5
167.32299999999995 4 -5.5
173.324 4 -3.5
179.125 4 -0.5
187.227 4 7.5
192.828 4 -6.5
197.929 4 1.5
203.43 4 -2.5
208.831 4 -3.5
218.43200000000002 4 -4.5
223.933 4 3.5
229.63400000000001 4 -0.5
237.236 4 4.5
246.12400000000002 4 -2.5
252.72400000000002 4 -2.5
262.024 4 -0.5
267.724 4 1.5
275.32599999999996 4 4.5
280.32599999999996 4 -6.5
288.128 4 -2.5
293.629 4 2.5
298.63 4 6.5
303.731 4 2.5
309.33099999999996 4 1.5
319.233 4 5.5
328.135 4 1.5
334.236 4 -5.5
340.425 4 6.5
347.426 4 7.5
353.526 4 -5.5
358.726 4 7.5
363.926 4 3.5
371.82599999999996 4 3.5
378.327 4 -1.5
385.728 4 7.5
391.23 4 -4.5
400.531 4 -4.5
407.93300000000005 4 6.5
416.73400000000004 4 1.5
422.535 4 -3.5
427.939 4 2.5
435.327 4 5.5
441.027 4 3.5
