4.0280000000000005 4 7.5
12.927999999999999 4 2.5
21.728 4 -4.5
27.128 4 3.5
35.029 4 -5.5
40.229 4 -6.5
47.831 4 0.5
57.533 4 -6.5
63.133 4 -1.5
68.53399999999999 4 -2.5
76.229 4 -7.5
82.429 4 6.5
87.929 4 0.5
95.529 4 5.5
104.829 4 0.5
110.029 4 2.5
118.929 4 -2.5
124.729 4 -3.5
130.429 4 7.5
136.03 4 0.5
145.131 4 -0.5
154.13299999999995 4 -5.5
159.134 4 4.5
166.635 4 2.5
174.03 4 -1.5
179.23 4 5.5
186.23 4 -5.5
195.33 4 6.5
201.43 4 3.5
210.731 4 -4.5
218.93099999999998 4 -4.5
227.831 4 7.5
235.63099999999997 4 -6.5
241.43099999999998 4 -6.5
248.833 4 4.5
256.834 4 7.5
261.83099999999996 4 -5.5
267.531 4 3.5
275.931 4 -1.5
281.431 4 7.5
287.032 4 -2.5
293.032 4 -0.5
300.632 4 2.5
306.532 4 -3.5
312.632 4 3.5
318.132 4 4.5
324.332 4 -7.5
331.032 4 -1.5
340.63199999999995 4 -3.5
347.533 4 5.5
353.735 4 -2.5
361.536 4 -0.5
369.63300000000004 4 0.5
375.333 4 -7.5
380.833 4 -2.5
387.733 4 -5.5
392.833 4 1.5
399.43300000000005 4 0.5
406.834 4 6.5
416.73400000000004 4 4.5
421.834 4 -0.5
428.334 4 3.5
434.934 4 -6.5
441.034 4 4.5
