4.051 4 -4.5
9.734 4 -0.5
15.635 4 6.5
22.533 4 -1.5
31.533 4 6.5
40.633 4 -4.5
46.733999999999995 4 5.5
51.933 4 -3.5
57.433 4 4.5
62.933 4 3.5
70.934 4 -3.5
80.234 4 7.5
86.434 4 -0.5
91.434 4 7.5
98.334 4 3.5
104.53399999999999 4 2.5
110.135 4 -1.5
115.736 4 -1.5
121.73700000000001 4 1.5
126.93799999999999 4 -4.5
132.635 4 7.5
141.535 4 2.5
151.435 4 -7.5
156.835 4 4.5
164.735 4 -6.5
172.335 4 2.5
177.735 4 7.5
182.835 4 -2.5
189.435 4 -7.5
195.236 4 -5.5
202.736 4 1.5
211.53599999999997 4 1.5
220.62099999999998 4 -7.5
228.03599999999997 4 5.5
236.938 4 -7.5
242.625 4 -1.5
248.12599999999998 4 0.5
255.127 4 -3.5
263.329 4 -3.5
270.73 4 -7.5
278.531 4 7.5
287.433 4 -0.5
292.434 4 -2.5
300.0370000000001 4 -1.5
306.52099999999996 4 5.5
314.921 4 1.5
324.52299999999997 4 -7.5
330.624 4 -5.5
340.32599999999996 4 0.5
349.62699999999984 4 5.5
354.829 4 -4.5
361.529 4 -3.5
367.631 4 -5.5
375.032 4 0.5
382.733 4 2.5
390.835 4 -3.5
397.436 4 -5.5
405.222 4 2.5
410.82300000000004 4 5.5
416.62300000000016 4 3.5
424.224 4 5.5
429.725 4 2.5
435.926 4 4.5
441.027 4 -4.5
