4.048 4 -1.488188976377952
10.932 4 -1.488188976377952
16.433 4 -6.488188976377952
21.434 4 7.511811023622048
31.135 4 -0.4881889763779519
38.626999999999995 4 -7.488188976377952
44.527 4 -2.488188976377952
52.126999999999995 4 -6.488188976377952
60.327 4 -4.488188976377952
66.928 4 4.511811023622048
73.628 4 3.5118110236220486
78.628 4 6.511811023622048
84.12799999999999 4 -7.488188976377952
89.829 4 0.5118110236220481
95.33 4 3.5118110236220486
100.531 4 2.511811023622048
105.632 4 2.511811023622048
113.73299999999999 4 6.511811023622048
121.334 4 -3.4881889763779514
127.436 4 4.511811023622048
134.829 4 -3.4881889763779514
142.529 4 -0.4881889763779519
152.429 4 -2.488188976377952
160.22899999999996 4 -0.4881889763779519
165.829 4 -2.488188976377952
174.729 4 7.511811023622048
180.429 4 -4.488188976377952
186.02900000000002 4 -2.488188976377952
193.03 4 3.5118110236220486
201.93200000000002 4 0.5118110236220481
210.734 4 6.511811023622048
219.135 4 7.511811023622048
225.236 4 1.511811023622048
232.63 4 -0.4881889763779519
238.83 4 7.511811023622048
244.23 4 -1.488188976377952
253.13 4 -2.488188976377952
258.33 4 -4.488188976377952
266.231 4 -5.488188976377952
271.431 4 -5.488188976377952
276.531 4 0.5118110236220481
284.33099999999996 4 0.5118110236220481
291.731 4 -5.488188976377952
299.33299999999997 4 5.511811023622048
307.334 4 2.511811023622048
316.936 4 2.511811023622048
322.932 4 -7.488188976377952
332.231 4 3.5118110236220486
341.532 4 -5.488188976377952
347.23199999999997 4 5.511811023622048
354.13199999999995 4 5.511811023622048
360.332 4 -6.488188976377952
366.832 4 0.5118110236220481
373.032 4 4.511811023622048
378.63199999999995 4 -1.488188976377952
385.233 4 -3.4881889763779514
391.332 4 -6.488188976377952
400.334 4 -6.488188976377952
406.134 4 -5.488188976377952
415.236 4 0.5118110236220481
421.033 4 3.5118110236220486
426.43300000000005 4 7.511811023622048
431.93300000000005 4 4.511811023622048
441.033 4 4.511811023622048
