4.027 4 6.4980392156862745
10.227 4 7.498039215686274
18.627 4 4.4980392156862745
26.628 4 -1.5019607843137257
32.429 4 2.4980392156862745
38.13 4 0.4980392156862745
45.131 4 -6.5019607843137255
53.032 4 6.4980392156862745
60.433 4 -2.501960784313725
69.335 4 -2.501960784313725
76.828 4 -5.5019607843137255
81.828 4 1.4980392156862743
88.52799999999998 4 3.4980392156862745
97.62799999999999 4 -1.5019607843137257
103.82799999999999 4 -4.5019607843137255
112.728 4 1.4980392156862743
122.02799999999999 4 -5.5019607843137255
127.529 4 -3.501960784313725
136.53 4 -5.5019607843137255
144.332 4 -0.5019607843137255
154.233 4 -4.5019607843137255
159.935 4 2.4980392156862745
167.52900000000002 4 -6.5019607843137255
174.429 4 -6.5019607843137255
183.329 4 4.4980392156862745
193.02900000000002 4 -4.5019607843137255
198.43 4 -3.501960784313725
204.03 4 2.4980392156862745
209.43 4 -2.501960784313725
217.03 4 -2.501960784313725
222.53 4 0.4980392156862745
228.73 4 6.4980392156862745
236.831 4 -1.5019607843137257
244.233 4 4.4980392156862745
250.834 4 5.4980392156862745
255.935 4 -4.5019607843137255
264.73 4 6.4980392156862745
269.931 4 5.4980392156862745
278.131 4 -6.5019607843137255
284.031 4 1.4980392156862743
289.631 4 -7.501960784313725
298.731 4 6.4980392156862745
303.931 4 7.498039215686274
311.631 4 -3.501960784313725
316.83099999999996 4 -7.501960784313725
322.931 4 -0.5019607843137255
329.532 4 -2.501960784313725
335.332 4 -5.5019607843137255
340.333 4 -1.5019607843137257
345.434 4 -2.501960784313725
354.735 4 3.4980392156862745
360.23199999999997 4 7.498039215686274
367.832 4 3.4980392156862745
377.43199999999996 4 3.4980392156862745
383.532 4 -6.5019607843137255
389.63199999999995 4 -0.5019607843137255
395.333 4 5.4980392156862745
402.233 4 7.498039215686274
407.833 4 5.4980392156862745
413.333 4 3.4980392156862745
419.333 4 -4.5019607843137255
425.833 4 2.4980392156862745
433.63300000000004 4 1.4980392156862743
441.034 4 1.4980392156862743
