4.048 4 4.587301587301587
12.931 4 3.587301587301587
21.730999999999998 4 3.587301587301587
29.131 4 1.5873015873015868
37.231 4 -2.412698412698413
42.731 4 -1.4126984126984132
50.533 4 6.587301587301588
56.534 4 -0.412698412698413
66.235 4 1.5873015873015868
71.336 4 -0.412698412698413
80.232 4 -3.412698412698413
85.83200000000002 4 -2.412698412698413
91.932 4 -5.412698412698413
98.132 4 3.587301587301587
103.83200000000001 4 -6.412698412698412
110.432 4 4.587301587301587
115.934 4 6.587301587301588
122.03200000000001 4 0.587301587301587
127.73299999999999 4 -0.412698412698413
136.832 4 3.587301587301587
142.333 4 -6.412698412698412
150.533 4 -0.412698412698413
155.734 4 -0.412698412698413
161.235 4 -1.4126984126984132
169.13299999999995 4 5.587301587301587
178.433 4 -5.412698412698413
186.433 4 -2.412698412698413
191.43400000000003 4 6.587301587301588
196.43400000000003 4 6.587301587301588
204.13400000000001 4 3.587301587301587
212.53400000000002 4 6.587301587301588
220.13400000000001 4 -3.412698412698413
226.834 4 0.587301587301587
234.63400000000001 4 0.587301587301587
244.234 4 -7.412698412698412
251.135 4 3.587301587301587
256.335 4 -3.412698412698413
262.536 4 6.587301587301588
272.435 4 -6.412698412698412
278.335 4 -4.412698412698413
287.635 4 -6.412698412698412
293.035 4 4.587301587301587
298.235 4 -5.412698412698413
304.835 4 7.587301587301588
311.035 4 -4.412698412698413
318.63599999999997 4 -6.412698412698412
324.435 4 4.587301587301587
331.436 4 -7.412698412698412
340.336 4 -0.412698412698413
347.936 4 2.587301587301587
353.536 4 0.587301587301587
362.537 4 5.587301587301587
369.43800000000016 4 -1.4126984126984132
375.23900000000003 4 2.587301587301587
380.63599999999997 4 1.5873015873015868
389.736 4 -4.412698412698413
395.32599999999996 4 2.587301587301587
401.027 4 -4.412698412698413
408.528 4 4.587301587301587
415.93300000000005 4 -5.412698412698413
422.031 4 5.587301587301587
428.532 4 -1.4126984126984132
435.935 4 -6.412698412698412
441.037 4 7.587301587301588
4.048 4 4.587301587301587
12.931 4 3.587301587301587
21.730999999999998 4 3.587301587301587
29.131 4 1.5873015873015868
37.231 4 -2.412698412698413
42.731 4 -1.4126984126984132
50.533 4 6.587301587301588
56.534 4 -0.412698412698413
66.235 4 1.5873015873015868
71.336 4 -0.412698412698413
80.232 4 -3.412698412698413
85.83200000000002 4 -2.412698412698413
91.932 4 -5.412698412698413
98.132 4 3.587301587301587
103.83200000000001 4 -6.412698412698412
110.432 4 4.587301587301587
115.934 4 6.587301587301588
122.03200000000001 4 0.587301587301587
127.73299999999999 4 -0.412698412698413
136.832 4 3.587301587301587
142.333 4 -6.412698412698412
150.533 4 -0.412698412698413
155.734 4 -0.412698412698413
161.235 4 -1.4126984126984132
169.13299999999995 4 5.587301587301587
178.433 4 -5.412698412698413
186.433 4 -2.412698412698413
191.43400000000003 4 6.587301587301588
196.43400000000003 4 6.587301587301588
204.13400000000001 4 3.587301587301587
212.53400000000002 4 6.587301587301588
220.13400000000001 4 -3.412698412698413
226.834 4 0.587301587301587
234.63400000000001 4 0.587301587301587
244.234 4 -7.412698412698412
251.135 4 3.587301587301587
256.335 4 -3.412698412698413
262.536 4 6.587301587301588
272.435 4 -6.412698412698412
278.335 4 -4.412698412698413
287.635 4 -6.412698412698412
293.035 4 4.587301587301587
298.235 4 -5.412698412698413
304.835 4 7.587301587301588
311.035 4 -4.412698412698413
318.63599999999997 4 -6.412698412698412
324.435 4 4.587301587301587
331.436 4 -7.412698412698412
340.336 4 -0.412698412698413
347.936 4 2.587301587301587
353.536 4 0.587301587301587
362.537 4 5.587301587301587
369.43800000000016 4 -1.4126984126984132
375.23900000000003 4 2.587301587301587
380.63599999999997 4 1.5873015873015868
389.736 4 -4.412698412698413
395.32599999999996 4 2.587301587301587
401.027 4 -4.412698412698413
408.528 4 4.587301587301587
415.93300000000005 4 -5.412698412698413
422.031 4 5.587301587301587
428.532 4 -1.4126984126984132
435.935 4 -6.412698412698412
441.037 4 7.587301587301588
4.048 4 4.587301587301587
12.931 4 3.587301587301587
21.730999999999998 4 3.587301587301587
29.131 4 1.5873015873015868
37.231 4 -2.412698412698413
42.731 4 -1.4126984126984132
50.533 4 6.587301587301588
56.534 4 -0.412698412698413
66.235 4 1.5873015873015868
71.336 4 -0.412698412698413
80.232 4 -3.412698412698413
85.83200000000002 4 -2.412698412698413
91.932 4 -5.412698412698413
98.132 4 3.587301587301587
103.83200000000001 4 -6.412698412698412
110.432 4 4.587301587301587
115.934 4 6.587301587301588
122.03200000000001 4 0.587301587301587
127.73299999999999 4 -0.412698412698413
136.832 4 3.587301587301587
142.333 4 -6.412698412698412
150.533 4 -0.412698412698413
155.734 4 -0.412698412698413
161.235 4 -1.4126984126984132
169.13299999999995 4 5.587301587301587
178.433 4 -5.412698412698413
186.433 4 -2.412698412698413
191.43400000000003 4 6.587301587301588
196.43400000000003 4 6.587301587301588
204.13400000000001 4 3.587301587301587
212.53400000000002 4 6.587301587301588
220.13400000000001 4 -3.412698412698413
226.834 4 0.587301587301587
234.63400000000001 4 0.587301587301587
244.234 4 -7.412698412698412
251.135 4 3.587301587301587
256.335 4 -3.412698412698413
262.536 4 6.587301587301588
272.435 4 -6.412698412698412
278.335 4 -4.412698412698413
287.635 4 -6.412698412698412
293.035 4 4.587301587301587
298.235 4 -5.412698412698413
304.835 4 7.587301587301588
311.035 4 -4.412698412698413
318.63599999999997 4 -6.412698412698412
324.435 4 4.587301587301587
331.436 4 -7.412698412698412
340.336 4 -0.412698412698413
347.936 4 2.587301587301587
353.536 4 0.587301587301587
362.537 4 5.587301587301587
369.43800000000016 4 -1.4126984126984132
375.23900000000003 4 2.587301587301587
380.63599999999997 4 1.5873015873015868
389.736 4 -4.412698412698413
395.32599999999996 4 2.587301587301587
401.027 4 -4.412698412698413
408.528 4 4.587301587301587
415.93300000000005 4 -5.412698412698413
422.031 4 5.587301587301587
428.532 4 -1.4126984126984132
435.935 4 -6.412698412698412
441.037 4 7.587301587301588
4.048 4 4.587301587301587
12.931 4 3.587301587301587
21.730999999999998 4 3.587301587301587
29.131 4 1.5873015873015868
37.231 4 -2.412698412698413
42.731 4 -1.4126984126984132
50.533 4 6.587301587301588
56.534 4 -0.412698412698413
66.235 4 1.5873015873015868
71.336 4 -0.412698412698413
80.232 4 -3.412698412698413
85.83200000000002 4 -2.412698412698413
91.932 4 -5.412698412698413
98.132 4 3.587301587301587
103.83200000000001 4 -6.412698412698412
110.432 4 4.587301587301587
115.934 4 6.587301587301588
122.03200000000001 4 0.587301587301587
127.73299999999999 4 -0.412698412698413
136.832 4 3.587301587301587
142.333 4 -6.412698412698412
150.533 4 -0.412698412698413
155.734 4 -0.412698412698413
161.235 4 -1.4126984126984132
169.13299999999995 4 5.587301587301587
178.433 4 -5.412698412698413
186.433 4 -2.412698412698413
191.43400000000003 4 6.587301587301588
196.43400000000003 4 6.587301587301588
204.13400000000001 4 3.587301587301587
212.53400000000002 4 6.587301587301588
220.13400000000001 4 -3.412698412698413
226.834 4 0.587301587301587
234.63400000000001 4 0.587301587301587
244.234 4 -7.412698412698412
251.135 4 3.587301587301587
256.335 4 -3.412698412698413
262.536 4 6.587301587301588
272.435 4 -6.412698412698412
278.335 4 -4.412698412698413
287.635 4 -6.412698412698412
293.035 4 4.587301587301587
298.235 4 -5.412698412698413
304.835 4 7.587301587301588
311.035 4 -4.412698412698413
318.63599999999997 4 -6.412698412698412
324.435 4 4.587301587301587
331.436 4 -7.412698412698412
340.336 4 -0.412698412698413
347.936 4 2.587301587301587
353.536 4 0.587301587301587
362.537 4 5.587301587301587
369.43800000000016 4 -1.4126984126984132
375.23900000000003 4 2.587301587301587
380.63599999999997 4 1.5873015873015868
389.736 4 -4.412698412698413
395.32599999999996 4 2.587301587301587
401.027 4 -4.412698412698413
408.528 4 4.587301587301587
415.93300000000005 4 -5.412698412698413
422.031 4 5.587301587301587
428.532 4 -1.4126984126984132
435.935 4 -6.412698412698412
441.037 4 7.587301587301588
4.048 4 4.587301587301587
12.931 4 3.587301587301587
21.730999999999998 4 3.587301587301587
29.131 4 1.5873015873015868
37.231 4 -2.412698412698413
42.731 4 -1.4126984126984132
50.533 4 6.587301587301588
56.534 4 -0.412698412698413
66.235 4 1.5873015873015868
71.336 4 -0.412698412698413
80.232 4 -3.412698412698413
85.83200000000002 4 -2.412698412698413
91.932 4 -5.412698412698413
98.132 4 3.587301587301587
103.83200000000001 4 -6.412698412698412
110.432 4 4.587301587301587
115.934 4 6.587301587301588
122.03200000000001 4 0.587301587301587
127.73299999999999 4 -0.412698412698413
136.832 4 3.587301587301587
142.333 4 -6.412698412698412
150.533 4 -0.412698412698413
155.734 4 -0.412698412698413
161.235 4 -1.4126984126984132
169.13299999999995 4 5.587301587301587
178.433 4 -5.412698412698413
186.433 4 -2.412698412698413
191.43400000000003 4 6.587301587301588
196.43400000000003 4 6.587301587301588
204.13400000000001 4 3.587301587301587
212.53400000000002 4 6.587301587301588
220.13400000000001 4 -3.412698412698413
226.834 4 0.587301587301587
234.63400000000001 4 0.587301587301587
244.234 4 -7.412698412698412
251.135 4 3.587301587301587
256.335 4 -3.412698412698413
262.536 4 6.587301587301588
272.435 4 -6.412698412698412
278.335 4 -4.412698412698413
287.635 4 -6.412698412698412
293.035 4 4.587301587301587
298.235 4 -5.412698412698413
304.835 4 7.587301587301588
311.035 4 -4.412698412698413
318.63599999999997 4 -6.412698412698412
324.435 4 4.587301587301587
331.436 4 -7.412698412698412
340.336 4 -0.412698412698413
347.936 4 2.587301587301587
353.536 4 0.587301587301587
362.537 4 5.587301587301587
369.43800000000016 4 -1.4126984126984132
375.23900000000003 4 2.587301587301587
380.63599999999997 4 1.5873015873015868
389.736 4 -4.412698412698413
395.32599999999996 4 2.587301587301587
401.027 4 -4.412698412698413
408.528 4 4.587301587301587
415.93300000000005 4 -5.412698412698413
422.031 4 5.587301587301587
428.532 4 -1.4126984126984132
435.935 4 -6.412698412698412
441.037 4 7.587301587301588
