4.063 4 4.5
13.127 4 2.5
18.327 4 1.5
23.826999999999998 4 2.5
30.826999999999998 4 2.5
37.427 4 3.5
46.227 4 5.5
54.228 4 -1.5
61.63 4 -3.5
69.831 4 -3.5
76.033 4 2.5
83.53399999999998 4 -1.5
93.435 4 2.5
99.62799999999999 4 -3.5
105.02799999999999 4 7.5
113.929 4 -7.5
120.029 4 -2.5
125.62899999999999 4 -4.5
133.72899999999998 4 6.5
142.629 4 3.5
149.22899999999996 4 -3.5
154.93 4 7.5
160.031 4 -4.5
169.732 4 -7.5
175.433 4 -7.5
180.937 4 5.5
187.035 4 1.5
192.13 4 1.5
199.93 4 -1.5
205.43 4 -4.5
214.73 4 5.5
220.53 4 -0.5
225.53 4 5.5
233.93099999999998 4 3.5
239.53 4 -1.5
245.53 4 -5.5
251.13 4 -0.5
256.631 4 5.5
261.832 4 6.5
268.33299999999997 4 1.5
275.73400000000004 4 -6.5
283.335 4 -7.5
289.531 4 -5.5
294.731 4 -1.5
302.431 4 2.5
310.231 4 -7.5
317.832 4 5.5
323.532 4 7.5
332.63199999999995 4 -0.5
337.63199999999995 4 -5.5
343.43199999999996 4 -7.5
353.032 4 -3.5
360.43199999999996 4 -2.5
369.334 4 0.5
376.235 4 4.5
382.935 4 7.5
391.934 4 -4.5
399.532 4 -3.5
408.833 4 4.5
414.733 4 0.5
420.833 4 7.5
428.733 4 0.5
435.63300000000004 4 -4.5
441.033 4 -5.5
