4.05 4 -7.5
12.034 4 2.5
17.635 4 7.5
26.936 4 3.5
32.632 4 -2.5
41.532 4 -3.5
49.132 4 2.5
56.032 4 -3.5
62.532 4 -5.5
68.232 4 5.5
77.032 4 7.5
82.632 4 -5.5
88.132 4 3.5
95.936 4 -6.5
101.53299999999999 4 -0.5
106.53399999999999 4 -4.5
115.635 4 5.5
123.03299999999999 4 0.5
128.13299999999998 4 -1.5
137.033 4 5.5
144.434 4 3.5
151.033 4 -5.5
156.434 4 -1.5
164.53400000000005 4 -2.5
172.13400000000001 4 3.5
181.03400000000002 4 3.5
187.935 4 4.5
193.63400000000001 4 1.5
199.735 4 -1.5
204.93400000000003 4 -7.5
213.33599999999998 4 -2.5
218.83700000000002 4 6.5
224.835 4 5.5
233.835 4 3.5
240.035 4 -1.5
247.935 4 -6.5
257.035 4 -1.5
263.735 4 -5.5
269.235 4 -4.5
275.335 4 2.5
280.735 4 -5.5
288.936 4 5.5
294.436 4 -1.5
299.635 4 -4.5
304.63599999999997 4 4.5
314.337 4 -0.5
320.138 4 -5.5
326.039 4 2.5
333.724 4 5.5
341.325 4 6.5
347.426 4 0.5
352.527 4 -4.5
358.32800000000015 4 5.5
364.931 4 -1.5
370.13 4 7.5
379.73199999999997 4 2.5
385.936 4 5.5
395.23699999999997 4 -6.5
402.63699999999994 4 -6.5
410.121 4 7.5
417.92199999999997 4 1.5
424.12300000000016 4 -0.5
434.025 4 2.5
441.026 4 -1.5
