4.042 4 -6.5
13.127 4 5.5
18.328 4 5.5
24.429000000000002 4 -1.5
32.13 4 -6.5
40.332 4 0.5
49.433 4 -2.5
56.333999999999996 4 -2.5
64.325 4 -7.5
69.925 4 6.5
75.825 4 -7.5
82.525 4 4.5
91.525 4 -5.5
99.025 4 -1.5
105.927 4 -4.5
114.32799999999999 4 0.5
120.529 4 6.5
128.131 4 -6.5
134.33100000000002 4 2.5
140.933 4 -1.5
150.634 4 -4.5
158.42600000000004 4 3.5
167.326 4 -5.5
173.327 4 -3.5
179.127 4 -0.5
187.227 4 7.5
192.827 4 -6.5
197.92700000000002 4 1.5
203.42700000000002 4 -2.5
208.828 4 -3.5
218.43 4 -4.5
223.93099999999998 4 3.5
229.632 4 -0.5
237.233 4 4.5
246.13400000000001 4 -2.5
252.72799999999998 4 -2.5
262.028 4 -0.5
267.728 4 1.5
275.328 4 4.5
280.328 4 -6.5
288.128 4 -2.5
293.628 4 2.5
298.628 4 6.5
303.728 4 2.5
309.329 4 1.5
319.231 4 5.5
328.13199999999995 4 1.5
334.233 4 -5.5
340.434 4 6.5
347.42900000000014 4 7.5
353.529 4 -5.5
358.72900000000016 4 7.5
363.92900000000003 4 3.5
371.829 4 3.5
378.33 4 -1.5
385.72900000000004 4 7.5
391.23 4 -4.5
400.53 4 -4.5
407.93 4 6.5
416.731 4 1.5
422.532 4 -3.5
427.93300000000005 4 2.5
435.334 4 5.5
441.035 4 3.5
