4.045 4 -1.5
10.227 4 3.5
19.927 4 -0.5
27.628 4 2.5
33.329 4 -4.5
40.93 4 2.5
50.232 4 4.5
59.133 4 1.5
66.635 4 5.5
72.13600000000002 4 4.5
77.22800000000002 4 -3.5
83.228 4 5.5
91.02799999999999 4 0.5
98.62799999999999 4 -7.5
105.52799999999999 4 2.5
113.529 4 2.5
122.529 4 -7.5
128.629 4 2.5
135.63 4 5.5
141.731 4 4.5
147.332 4 -5.5
153.033 4 -5.5
160.635 4 -7.5
166.135 4 -2.5
174.33 4 -7.5
179.73 4 7.5
185.53 4 -2.5
193.43 4 3.5
202.23 4 -6.5
210.03 4 -3.5
216.53 4 -4.5
226.43 4 1.5
231.63 4 5.5
240.532 4 -4.5
249.63400000000001 4 -4.5
258.535 4 5.5
263.936 4 -3.5
269.83099999999996 4 -7.5
278.231 4 1.5
283.431 4 6.5
289.631 4 1.5
297.731 4 2.5
302.83099999999996 4 7.5
310.232 4 6.5
319.532 4 -4.5
326.132 4 7.5
332.23199999999997 4 -1.5
337.832 4 0.5
347.434 4 5.5
354.835 4 0.5
360.332 4 -1.5
366.533 4 -5.5
371.533 4 -1.5
376.733 4 3.5
383.333 4 -1.5
389.13300000000004 4 7.5
395.833 4 7.5
401.533 4 -3.5
407.033 4 -5.5
412.63300000000004 4 -3.5
421.733 4 -7.5
428.63300000000004 4 -3.5
433.63300000000004 4 -0.5
441.034 4 -0.5
