4.043 4 7.5
9.026 4 -0.5
17.826 4 5.5
23.82800000000001 4 -5.5
30.028000000000002 4 5.5
36.93 4 -1.5
44.331 4 -2.5
53.233000000000004 4 -3.5
58.934 4 5.5
65.035 4 6.5
70.627 4 4.5
79.627 4 -4.5
89.527 4 3.5
96.027 4 -5.5
104.027 4 -5.5
111.027 4 -4.5
116.727 4 6.5
122.32799999999999 4 -6.5
129.029 4 0.5
134.53 4 -1.5
143.632 4 3.5
148.733 4 -5.5
154.534 4 2.5
160.235 4 3.5
165.22799999999995 4 1.5
171.428 4 3.5
181.028 4 -6.5
188.428 4 -0.5
197.328 4 -4.5
205.12900000000002 4 2.5
210.929 4 -1.5
218.52900000000002 4 -5.5
223.929 4 5.5
231.831 4 3.5
237.93200000000002 4 -4.5
245.433 4 -6.5
253.63400000000001 4 -7.5
261.43 4 5.5
269.03 4 2.5
274.93 4 -3.5
281.03 4 4.5
286.63 4 -1.5
291.83 4 -0.5
299.93 4 2.5
305.13 4 -6.5
313.53 4 0.5
319.031 4 -1.5
325.93 4 -1.5
331.43199999999996 4 2.5
336.63199999999995 4 -1.5
345.73400000000015 4 1.5
350.835 4 -2.5
360.131 4 -5.5
367.531 4 2.5
376.83099999999996 4 5.5
382.231 4 -1.5
388.83099999999996 4 7.5
396.531 4 3.5
402.032 4 7.5
410.93199999999996 4 5.5
418.532 4 5.5
425.13199999999995 4 -2.5
434.833 4 7.5
441.034 4 -7.5
