4.05 4 -1.5
10.934000000000001 4 -1.5
16.435 4 -6.5
21.435 4 7.5
31.129 4 -0.5
38.629 4 -7.5
44.528999999999996 4 -2.5
52.129 4 -6.5
60.32899999999999 4 -4.5
66.934 4 4.5
73.62899999999998 4 3.5
78.63 4 6.5
84.13 4 -7.5
89.831 4 0.5
95.33200000000001 4 3.5
100.53299999999999 4 2.5
105.634 4 2.5
113.735 4 6.5
121.33 4 -3.5
127.43 4 4.5
134.83 4 -3.5
142.53 4 -0.5
152.431 4 -2.5
160.231 4 -0.5
165.831 4 -2.5
174.731 4 7.5
180.43099999999998 4 -4.5
186.03099999999998 4 -2.5
193.032 4 3.5
201.93400000000003 4 0.5
210.736 4 6.5
219.132 4 7.5
225.232 4 1.5
232.632 4 -0.5
238.832 4 7.5
244.232 4 -1.5
253.132 4 -2.5
258.332 4 -4.5
266.232 4 -5.5
271.432 4 -5.5
276.533 4 0.5
284.33299999999997 4 0.5
291.733 4 -5.5
299.334 4 5.5
307.336 4 2.5
316.933 4 2.5
322.933 4 -7.5
332.233 4 3.5
341.533 4 -5.5
347.233 4 5.5
354.134 4 5.5
360.334 4 -6.5
366.834 4 0.5
373.034 4 4.5
378.634 4 -1.5
385.23400000000004 4 -3.5
391.334 4 -6.5
400.336 4 -6.5
406.13699999999994 4 -5.5
415.235 4 0.5
421.035 4 3.5
426.435 4 7.5
431.935 4 4.5
441.035 4 4.5
