4.052 4 2.5
11.435 4 2.5
18.336 4 -0.5
27.232 4 -7.5
33.431999999999995 4 -7.5
41.032 4 -7.5
47.632 4 1.5
57.332 4 5.5
62.832 4 -3.5
68.333 4 1.5
73.533 4 2.5
80.933 4 0.5
87.833 4 5.5
97.133 4 -1.5
104.935 4 7.5
113.836 4 0.5
119.333 4 -1.5
126.935 4 -4.5
134.834 4 1.5
140.936 4 5.5
149.134 4 7.5
156.934 4 -3.5
162.134 4 0.5
167.234 4 2.5
172.834 4 -2.5
181.734 4 -5.5
187.13400000000001 4 -0.5
194.535 4 4.5
200.335 4 -5.5
206.83599999999998 4 -3.5
215.83700000000002 4 -1.5
223.535 4 5.5
228.535 4 -2.5
234.035 4 7.5
243.335 4 -4.5
249.535 4 1.5
255.235 4 -6.5
261.335 4 -0.5
269.435 4 7.5
277.835 4 2.5
284.436 4 -7.5
289.536 4 5.5
298.63599999999997 4 -3.5
304.336 4 -1.5
310.437 4 -7.5
317.922 4 6.5
322.923 4 5.5
328.324 4 -3.5
338.226 4 3.5
344.227 4 4.5
350.92800000000005 4 -5.5
358.931 4 2.5
365.13 4 7.5
370.934 4 -5.5
378.533 4 -1.5
384.434 4 3.5
394.037 4 3.5
399.221 4 -7.5
404.921 4 -4.5
413.722 4 4.5
419.32300000000004 4 -4.5
424.92400000000004 4 -3.5
434.026 4 -4.5
441.027 4 6.5
