4.052 4 -6.5
10.033999999999999 4 4.5
15.534 4 3.5
25.134 4 -1.5
35.034 4 2.5
41.534 4 3.5
47.635 4 -4.5
55.636 4 -1.5
60.637 4 -6.5
68.435 4 -2.5
75.035 4 2.5
82.635 4 -1.5
90.035 4 1.5
95.535 4 -4.5
101.435 4 5.5
108.436 4 -3.5
113.535 4 -0.5
119.036 4 -4.5
124.736 4 2.5
131.336 4 4.5
136.436 4 7.5
142.036 4 4.5
149.736 4 -7.5
156.621 4 -5.5
165.925 4 -5.5
172.12400000000005 4 -4.5
177.72400000000005 4 -0.5
186.726 4 5.5
192.42700000000002 4 -7.5
200.028 4 3.5
206.73 4 -0.5
212.53099999999998 4 6.5
221.832 4 -0.5
227.63400000000001 4 0.5
236.037 4 -6.5
242.137 4 3.5
249.521 4 6.5
258.422 4 -6.5
264.623 4 -5.5
273.525 4 1.5
278.925 4 -2.5
284.126 4 6.5
289.327 4 3.5
297.529 4 0.5
306.43 4 -3.5
315.532 4 -6.5
324.633 4 6.5
329.634 4 7.5
335.835 4 -0.5
341.32199999999995 4 4.5
348.92400000000015 4 0.5
358.62300000000016 4 -2.5
366.024 4 3.5
374.126 4 0.5
382.93 4 -0.5
389.82800000000003 4 4.5
395.529 4 -3.5
403.33099999999996 4 6.5
410.832 4 -5.5
418.733 4 1.5
424.335 4 6.5
430.435 4 -1.5
435.824 4 -6.5
441.024 4 5.5
