4.045 4 5.5
10.129 4 4.5
15.329 4 0.5
20.83 4 0.5
27.732 4 -2.5
33.433 4 -3.5
41.233999999999995 4 2.5
50.136 4 0.5
58.025 4 -7.5
67.625 4 -2.5
73.725 4 2.5
79.525 4 6.5
84.725 4 1.5
92.32600000000001 4 1.5
99.728 4 7.5
106.729 4 -3.5
114.73 4 -4.5
124.03200000000001 4 -7.5
129.833 4 -6.5
139.134 4 4.5
145.636 4 6.5
153.326 4 -0.5
158.826 4 -6.5
164.226 4 -1.5
169.226 4 -6.5
178.127 4 6.5
187.226 4 5.5
193.928 4 6.5
200.128 4 -7.5
206.73 4 -7.5
215.13099999999997 4 -2.5
220.732 4 -3.5
227.334 4 6.5
236.235 4 -5.5
242.236 4 -7.5
249.128 4 6.5
256.928 4 1.5
262.828 4 -7.5
272.528 4 1.5
277.928 4 -1.5
285.328 4 -5.5
291.028 4 3.5
296.129 4 0.5
301.33 4 4.5
308.83099999999996 4 4.5
314.332 4 3.5
322.433 4 -4.5
328.635 4 3.5
336.036 4 2.5
345.93199999999996 4 -0.5
354.72900000000016 4 1.5
362.93 4 1.5
369.029 4 -6.5
376.63 4 5.5
385.63 4 6.5
391.83 4 -0.5
397.43 4 -1.5
402.934 4 4.5
408.532 4 -0.5
413.63300000000004 4 -3.5
418.634 4 -7.5
427.735 4 -4.5
435.33 4 -0.5
441.031 4 -0.5
