4.044 4 4.5
13.126 4 2.5
18.326 4 1.5
23.826999999999998 4 2.5
30.829 4 2.5
37.43 4 3.5
46.232 4 5.5
54.233000000000004 4 -1.5
61.63399999999999 4 -3.5
69.835 4 -3.5
76.028 4 2.5
83.527 4 -1.5
93.428 4 2.5
99.62799999999999 4 -3.5
105.02799999999999 4 7.5
113.928 4 -7.5
120.02799999999999 4 -2.5
125.62899999999999 4 -4.5
133.73 4 6.5
142.632 4 3.5
149.233 4 -3.5
154.934 4 7.5
160.035 4 -4.5
169.729 4 -7.5
175.429 4 -7.5
180.929 4 5.5
187.02900000000002 4 1.5
192.12900000000002 4 1.5
199.929 4 -1.5
205.429 4 -4.5
214.73 4 5.5
220.53 4 -0.5
225.53 4 5.5
233.93099999999998 4 3.5
239.532 4 -1.5
245.533 4 -5.5
251.13400000000001 4 -0.5
256.635 4 5.5
261.836 4 6.5
268.33 4 1.5
275.73 4 -6.5
283.33099999999996 4 -7.5
289.531 4 -5.5
294.731 4 -1.5
302.431 4 2.5
310.231 4 -7.5
317.83099999999996 4 5.5
323.531 4 7.5
332.63199999999995 4 -0.5
337.6330000000001 4 -5.5
343.43300000000005 4 -7.5
353.035 4 -3.5
360.43199999999996 4 -2.5
369.332 4 0.5
376.23199999999997 4 4.5
382.93300000000005 4 7.5
391.93300000000005 4 -4.5
399.532 4 -3.5
408.832 4 4.5
414.73199999999997 4 0.5
420.833 4 7.5
428.733 4 0.5
435.63300000000004 4 -4.5
441.034 4 -5.5
