4.061 4 1.5177865612648225
10.227 4 -3.4822134387351777
16.729 4 -4.482213438735178
23.63 4 1.5177865612648225
32.431 4 -4.482213438735178
37.931999999999995 4 -7.482213438735178
45.533 4 -4.482213438735178
54.535 4 -2.4822134387351777
61.925 4 6.517786561264822
67.624 4 -2.4822134387351777
72.624 4 7.517786561264822
81.926 4 7.517786561264822
87.124 4 3.5177865612648223
100.82700000000001 4 -4.482213438735178
107.728 4 7.517786561264822
112.729 4 1.5177865612648225
121.63 4 5.517786561264822
128.231 4 -0.4822134387351778
133.733 4 -7.482213438735178
139.933 4 -5.482213438735178
145.835 4 7.517786561264822
151.336 4 -3.4822134387351777
157.125 4 7.517786561264822
166.025 4 -4.482213438735178
172.125 4 -6.482213438735178
180.525 4 -7.482213438735178
187.525 4 -0.4822134387351778
192.92700000000002 4 -1.4822134387351775
201.028 4 -2.4822134387351777
207.229 4 4.517786561264822
216.33 4 1.5177865612648225
224.232 4 2.5177865612648223
234.13299999999998 4 -6.482213438735178
242.335 4 -5.482213438735178
252.02599999999998 4 0.5177865612648223
257.426 4 7.517786561264822
266.327 4 -7.482213438735178
273.72700000000003 4 -3.4822134387351777
279.22700000000003 4 0.5177865612648223
291.427 4 -3.4822134387351777
296.528 4 -4.482213438735178
302.2290000000001 4 1.5177865612648225
309.63 4 6.517786561264822
315.231 4 4.517786561264822
322.832 4 4.517786561264822
328.533 4 -0.4822134387351778
336.035 4 -2.4822134387351777
341.236 4 6.517786561264822
348.827 4 0.5177865612648223
356.82800000000015 4 4.517786561264822
364.62800000000004 4 -6.482213438735178
371.32800000000003 4 2.5177865612648223
376.42800000000005 4 6.517786561264822
382.228 4 1.5177865612648225
388.82800000000003 4 0.5177865612648223
396.629 4 -5.482213438735178
405.93 4 -3.4822134387351777
411.531 4 -3.4822134387351777
416.73199999999997 4 -3.4822134387351777
422.333 4 5.517786561264822
431.935 4 1.5177865612648225
441.029 4 2.5177865612648223
