4.043 4 -6.482213438735178
9.127 4 -0.4822134387351778
14.628 4 1.5177865612648225
21.629 4 -7.482213438735178
26.83 4 6.517786561264822
32.937 4 -2.4822134387351777
40.431999999999995 4 -7.482213438735178
47.833 4 6.517786561264822
57.137 4 6.517786561264822
62.137 4 -5.482213438735178
70.923 4 -6.482213438735178
80.523 4 -1.4822134387351775
87.124 4 -7.482213438735178
92.625 4 6.517786561264822
100.226 4 4.517786561264822
109.32700000000001 4 -6.482213438735178
114.829 4 0.5177865612648223
120.23 4 -1.4822134387351775
128.33100000000002 4 -4.482213438735178
136.732 4 0.5177865612648223
143.234 4 -5.482213438735178
150.935 4 -3.4822134387351777
158.52200000000005 4 1.5177865612648225
168.222 4 -4.482213438735178
174.422 4 -1.4822134387351775
180.123 4 -2.4822134387351777
186.225 4 -0.4822134387351778
192.025 4 6.517786561264822
201.127 4 1.5177865612648225
207.72799999999998 4 6.517786561264822
213.329 4 -7.482213438735178
219.23 4 5.517786561264822
233.033 4 0.5177865612648223
242.03400000000002 4 -4.482213438735178
249.83599999999998 4 1.5177865612648225
255.523 4 -0.4822134387351778
262.224 4 -0.4822134387351778
269.124 4 -3.4822134387351777
276.92400000000004 4 -7.482213438735178
284.325 4 2.5177865612648223
291.226 4 0.5177865612648223
299.127 4 4.517786561264822
306.529 4 5.517786561264822
312.73 4 4.517786561264822
320.934 4 -2.4822134387351777
325.933 4 3.5177865612648223
334.834 4 3.5177865612648223
340.335 4 1.5177865612648225
349.625 4 1.5177865612648225
354.725 4 -3.4822134387351777
363.625 4 5.517786561264822
369.225 4 4.517786561264822
378.125 4 -7.482213438735178
384.126 4 4.517786561264822
394.028 4 -0.4822134387351778
400.22900000000004 4 2.5177865612648223
407.83 4 7.517786561264822
413.931 4 -0.4822134387351778
419.13199999999995 4 2.5177865612648223
424.533 4 -6.482213438735178
430.23400000000004 4 -3.4822134387351777
435.435 4 -7.482213438735178
441.036 4 6.517786561264822
