4.058 4 1.4921259842519683
10.136000000000001 4 1.4921259842519683
16.624000000000002 4 5.4921259842519685
21.724 4 -0.5078740157480315
27.124000000000002 4 0.4921259842519685
32.925 4 7.492125984251968
40.324 4 6.4921259842519685
45.925 4 5.4921259842519685
51.326 4 -3.5078740157480315
57.027 4 4.4921259842519685
65.829 4 7.492125984251968
70.83 4 -3.5078740157480315
79.732 4 -7.507874015748031
87.43299999999998 4 -2.5078740157480315
96.53399999999999 4 -2.5078740157480315
103.435 4 2.4921259842519685
108.625 4 7.492125984251968
115.325 4 -6.507874015748032
122.925 4 4.4921259842519685
129.92700000000002 4 -3.5078740157480315
137.928 4 -7.507874015748031
144.526 4 4.4921259842519685
150.227 4 1.4921259842519683
158.328 4 2.4921259842519685
167.23 4 -5.507874015748032
175.43200000000004 4 -7.507874015748031
181.43200000000002 4 -5.507874015748032
189.834 4 -5.507874015748032
195.93599999999998 4 -4.507874015748032
201.43599999999998 4 -3.5078740157480315
206.62599999999998 4 -0.5078740157480315
215.62599999999998 4 6.4921259842519685
223.227 4 -3.5078740157480315
230.627 4 -1.5078740157480317
236.727 4 -4.507874015748032
242.627 4 -2.5078740157480315
252.528 4 -3.5078740157480315
258.72900000000004 4 6.4921259842519685
267.631 4 -0.5078740157480315
277.233 4 -7.507874015748031
285.134 4 -6.507874015748032
290.635 4 2.4921259842519685
296.836 4 7.492125984251968
306.128 4 6.4921259842519685
311.928 4 0.4921259842519685
319.728 4 1.4921259842519683
325.328 4 -4.507874015748032
330.8280000000001 4 3.4921259842519685
338.42800000000005 4 -2.5078740157480315
345.32800000000015 4 3.4921259842519685
350.829 4 -4.507874015748032
356.03 4 1.4921259842519683
362.631 4 0.4921259842519685
370.032 4 7.492125984251968
379.73400000000004 4 0.4921259842519685
387.235 4 -6.507874015748032
392.92900000000003 4 1.4921259842519683
399.129 4 -4.507874015748032
408.42900000000003 4 -3.5078740157480315
417.529 4 7.492125984251968
425.33 4 -4.507874015748032
430.43 4 4.4921259842519685
435.43 4 -2.5078740157480315
441.03 4 1.4921259842519683
