4.027 4 7.493877551020407
12.925999999999998 4 2.4938775510204074
21.726999999999997 4 -4.506122448979593
27.128 4 3.4938775510204074
35.03 4 -5.506122448979593
40.231 4 -6.506122448979593
47.832 4 0.4938775510204074
57.534 4 -6.506122448979593
63.13399999999999 4 -1.5061224489795926
68.527 4 -2.506122448979593
76.227 4 -7.506122448979593
82.427 4 6.493877551020407
95.52799999999999 4 5.493877551020407
104.82700000000001 4 0.4938775510204074
110.02799999999999 4 2.4938775510204074
118.928 4 -2.506122448979593
124.729 4 -3.506122448979593
130.43 4 7.493877551020407
136.031 4 0.4938775510204074
145.132 4 -0.5061224489795926
154.134 4 -5.506122448979593
159.135 4 4.493877551020407
166.628 4 2.4938775510204074
174.02900000000002 4 -1.5061224489795926
179.229 4 5.493877551020407
186.229 4 -5.506122448979593
195.329 4 6.493877551020407
201.429 4 3.4938775510204074
210.729 4 -4.506122448979593
218.929 4 -4.506122448979593
227.83 4 7.493877551020407
235.63099999999997 4 -6.506122448979593
241.433 4 -6.506122448979593
248.834 4 4.493877551020407
256.83 4 7.493877551020407
261.83 4 -5.506122448979593
267.53 4 3.4938775510204074
275.93 4 -1.5061224489795926
281.43 4 7.493877551020407
287.03 4 -2.506122448979593
293.03 4 -0.5061224489795926
300.63 4 2.4938775510204074
306.531 4 -3.506122448979593
312.631 4 3.4938775510204074
318.131 4 4.493877551020407
324.33099999999996 4 -7.506122448979593
331.032 4 -1.5061224489795926
340.6330000000001 4 -3.506122448979593
347.535 4 5.493877551020407
353.731 4 -2.506122448979593
361.531 4 -0.5061224489795926
369.63199999999995 4 0.4938775510204074
375.33099999999996 4 -7.506122448979593
380.832 4 -2.506122448979593
387.73199999999997 4 -5.506122448979593
392.832 4 1.4938775510204074
399.43199999999996 4 0.4938775510204074
406.832 4 6.493877551020407
416.73199999999997 4 4.493877551020407
421.832 4 -0.5061224489795926
428.333 4 3.4938775510204074
434.93300000000005 4 -6.506122448979593
441.034 4 4.493877551020407
