4.047 4 4.535714285714287
9.433 4 6.535714285714287
15.033 4 2.5357142857142865
20.933000000000003 4 6.535714285714287
26.134 4 -1.4642857142857135
33.534 4 7.5357142857142865
41.135 4 7.5357142857142865
46.83600000000001 4 -0.4642857142857135
52.63399999999999 4 -7.4642857142857135
60.733999999999995 4 6.535714285714287
66.234 4 3.5357142857142865
71.434 4 -4.4642857142857135
79.334 4 -5.4642857142857135
84.434 4 -3.464285714285713
92.135 4 2.5357142857142865
99.535 4 -6.4642857142857135
104.535 4 -5.4642857142857135
109.535 4 5.535714285714287
115.135 4 -1.4642857142857135
124.035 4 -1.4642857142857135
131.035 4 -0.4642857142857135
139.936 4 5.535714285714287
147.537 4 0.5357142857142865
154.438 4 -6.4642857142857135
160.636 4 0.5357142857142865
169.93599999999995 4 3.5357142857142865
175.636 4 3.5357142857142865
182.33599999999998 4 -4.4642857142857135
187.736 4 4.535714285714287
193.236 4 7.5357142857142865
200.136 4 4.535714285714287
205.831 4 -6.4642857142857135
212.43200000000002 4 -5.4642857142857135
219.833 4 4.535714285714287
225.636 4 -7.4642857142857135
230.737 4 7.5357142857142865
238.52 4 -2.464285714285713
246.72099999999998 4 -5.4642857142857135
255.52200000000002 4 -4.4642857142857135
264.524 4 -1.4642857142857135
272.926 4 4.535714285714287
279.027 4 -3.464285714285713
288.128 4 -6.4642857142857135
295.63 4 2.5357142857142865
301.131 4 -0.4642857142857135
307.332 4 0.5357142857142865
313.533 4 2.5357142857142865
319.134 4 -7.4642857142857135
325.735 4 1.5357142857142865
331.82199999999995 4 -6.4642857142857135
337.32099999999997 4 0.5357142857142865
345.12199999999996 4 -3.464285714285713
354.824 4 -2.464285714285713
361.325 4 -2.464285714285713
370.426 4 -2.464285714285713
380.32800000000003 4 0.5357142857142865
389.22900000000004 4 -0.4642857142857135
394.431 4 7.5357142857142865
402.43199999999996 4 0.5357142857142865
408.43300000000005 4 -5.4642857142857135
417.73400000000004 4 5.535714285714287
423.835 4 3.5357142857142865
431.423 4 3.5357142857142865
441.023 4 -2.464285714285713
