4.053999999999999 4 -2.5
11.431 4 -5.5
17.132 4 0.5
23.734 4 2.5
33.037 4 4.5
39.92 4 -4.5
46.621 4 3.5
54.622 4 5.5
63.523999999999994 4 6.5
69.625 4 3.5
74.82600000000002 4 -1.5
80.327 4 2.5
87.82799999999996 4 1.5
96.93 4 -5.5
105.831 4 -1.5
111.53200000000001 4 -3.5
119.334 4 6.5
125.435 4 5.5
134.421 4 -0.5
142.02200000000005 4 -6.5
149.422 4 -1.5
158.32399999999996 4 -2.5
163.926 4 7.5
173.52700000000004 4 4.5
179.528 4 7.5
189.429 4 -2.5
195.93099999999998 4 -7.5
203.332 4 5.5
208.833 4 2.5
213.93400000000003 4 -7.5
221.535 4 3.5
227.736 4 -0.5
234.623 4 -4.5
242.523 4 4.5
249.123 4 -4.5
254.926 4 1.5
260.025 4 -6.5
265.82599999999996 4 1.5
271.027 4 7.5
279.129 4 5.5
285.23 4 1.5
290.83099999999996 4 -4.5
300.132 4 3.5
309.2340000000001 4 -2.5
315.435 4 6.5
321.13599999999997 4 7.5
330.824 4 -6.5
336.224 4 -0.5
344.624 4 -6.5
350.525 4 -6.5
358.226 4 6.5
363.827 4 -5.5
369.027 4 2.5
376.029 4 -5.5
383.83 4 6.5
390.031 4 -4.5
395.532 4 3.5
400.533 4 0.5
409.335 4 -3.5
417.526 4 -2.5
422.926 4 -2.5
430.526 4 1.5
435.526 4 -3.5
441.026 4 -1.5
