4.046 4 5.5
10.129 4 4.5
15.33 4 0.5
20.831 4 0.5
27.733 4 -2.5
33.433 4 -3.5
41.235 4 2.5
50.12300000000001 4 0.5
58.023 4 -7.5
67.623 4 -2.5
73.72399999999998 4 2.5
79.525 4 6.5
84.726 4 1.5
92.32700000000001 4 1.5
99.728 4 7.5
106.73 4 -3.5
114.73100000000001 4 -4.5
124.03299999999999 4 -7.5
129.834 4 -6.5
139.136 4 4.5
145.625 4 6.5
153.325 4 -0.5
158.825 4 -6.5
164.225 4 -1.5
169.225 4 -6.5
178.12599999999995 4 6.5
187.227 4 5.5
193.93099999999998 4 6.5
200.12900000000002 4 -7.5
206.731 4 -7.5
215.132 4 -2.5
220.733 4 -3.5
227.334 4 6.5
236.236 4 -5.5
242.226 4 -7.5
249.12599999999998 4 6.5
256.927 4 1.5
262.82599999999996 4 -7.5
272.526 4 1.5
277.928 4 -1.5
285.328 4 -5.5
291.029 4 3.5
296.13 4 0.5
301.33099999999996 4 4.5
308.832 4 4.5
314.33299999999997 4 3.5
322.434 4 -4.5
328.635 4 3.5
336.027 4 2.5
345.92800000000005 4 -0.5
354.728 4 1.5
362.92900000000003 4 1.5
369.028 4 -6.5
376.62800000000004 4 5.5
385.629 4 6.5
391.83 4 -0.5
397.431 4 -1.5
402.93199999999996 4 4.5
408.533 4 -0.5
413.634 4 -3.5
418.635 4 -7.5
427.736 4 -4.5
435.329 4 -0.5
441.029 4 -0.5
