4.052 4 0.5
9.934 4 4.5
19.634 4 3.5
25.835 4 2.5
33.635999999999996 4 2.5
42.937 4 -4.5
51.835 4 4.5
59.435 4 -0.5
68.735 4 -7.5
73.935 4 7.5
80.035 4 4.5
89.135 4 7.5
94.735 4 -4.5
102.63600000000001 4 -3.5
111.536 4 -6.5
120.436 4 6.5
125.936 4 5.5
130.92 4 6.5
136.621 4 -5.5
143.222 4 -2.5
148.623 4 5.5
155.624 4 -0.5
160.625 4 1.5
169.02599999999995 4 -1.5
174.227 4 -1.5
179.328 4 -5.5
187.12900000000002 4 -0.5
194.53099999999998 4 3.5
200.632 4 2.5
206.13299999999998 4 -0.5
212.334 4 -5.5
218.53799999999998 4 0.5
226.521 4 -2.5
236.12099999999998 4 7.5
245.22299999999998 4 0.5
254.024 4 -6.5
262.126 4 4.5
268.72700000000003 4 -6.5
274.228 4 -7.5
284.13 4 -3.5
290.231 4 -3.5
295.937 4 0.5
301.33299999999997 4 -5.5
307.134 4 -2.5
314.535 4 2.5
320.536 4 7.5
325.622 4 5.5
332.32199999999995 4 -2.5
339.923 4 0.5
347.524 4 -7.5
354.025 4 -4.5
359.626 4 -6.5
367.12800000000004 4 -1.5
376.129 4 -5.5
383.83 4 4.5
389.031 4 3.5
396.43300000000005 4 3.5
403.334 4 -1.5
408.835 4 -6.5
414.63599999999997 4 6.5
420.324 4 -2.5
428.524 4 7.5
434.124 4 3.5
441.024 4 0.5
