4.048 4 2.5
10.131 4 -7.5
18.333 4 7.5
23.434 4 0.5
30.035 4 0.5
35.736 4 -6.5
42.425 4 5.5
47.926 4 1.5
53.726000000000006 4 5.5
59.726000000000006 4 -2.5
68.82600000000001 4 -3.5
74.52600000000002 4 5.5
81.527 4 7.5
87.228 4 7.5
96.13 4 1.5
105.031 4 -1.5
114.03299999999999 4 -1.5
120.634 4 1.5
128.335 4 -3.5
135.227 4 -7.5
140.827 4 7.5
146.92700000000005 4 -5.5
153.827 4 -0.5
163.42700000000005 4 -1.5
170.827 4 -7.5
178.22799999999995 4 2.5
187.52900000000002 4 -3.5
195.33 4 -5.5
202.732 4 -1.5
210.533 4 2.5
215.734 4 4.5
220.735 4 2.5
225.828 4 5.5
231.628 4 6.5
236.828 4 -2.5
246.72799999999998 4 -4.5
256.42900000000003 4 -7.5
265.329 4 -1.5
272.92900000000003 4 2.5
279.42900000000003 4 -4.5
287.43 4 5.5
293.631 4 4.5
299.032 4 2.5
305.233 4 6.5
314.035 4 -4.5
321.931 4 -7.5
331.03 4 5.5
336.03 4 1.5
344.13 4 0.5
349.63 4 -0.5
357.13 4 -0.5
364.73 4 -3.5
370.63 4 -3.5
376.23 4 -5.5
382.43 4 -3.5
388.031 4 3.5
393.532 4 3.5
401.936 4 7.5
411.235 4 -4.5
418.83099999999996 4 4.5
424.231 4 -7.5
429.431 4 3.5
434.93199999999996 4 -4.5
441.031 4 -5.5
