4.048 4 4.529411764705882
10.231 4 -2.4705882352941178
16.733 4 -0.4705882352941178
24.534000000000002 4 -2.4705882352941178
30.335 4 3.5294117647058822
39.223 4 1.5294117647058822
47.023 4 -1.4705882352941178
54.523 4 7.529411764705883
59.623999999999995 4 5.529411764705882
65.225 4 -1.4705882352941178
71.82600000000002 4 -1.4705882352941178
77.027 4 5.529411764705882
86.32799999999996 4 -1.4705882352941178
95.23 4 -1.4705882352941178
100.931 4 0.5294117647058822
109.73299999999999 4 -6.470588235294117
115.23299999999999 4 7.529411764705883
122.635 4 3.5294117647058822
128.336 4 -2.4705882352941178
133.82399999999998 4 -4.470588235294118
139.524 4 5.529411764705882
146.224 4 2.5294117647058822
155.32399999999996 4 3.5294117647058822
164.928 4 -5.470588235294118
172.827 4 -3.4705882352941178
179.428 4 -0.4705882352941178
184.429 4 6.529411764705883
192.03 4 5.529411764705882
198.13099999999997 4 -7.470588235294117
203.232 4 2.5294117647058822
209.433 4 2.5294117647058822
219.335 4 -4.470588235294118
227.326 4 7.529411764705883
233.226 4 -6.470588235294117
241.326 4 -1.4705882352941178
246.52599999999998 4 5.529411764705882
252.02599999999998 4 2.5294117647058822
257.026 4 -6.470588235294117
262.226 4 -3.4705882352941178
269.627 4 6.529411764705883
277.829 4 -5.470588235294118
283.33 4 -5.470588235294118
291.731 4 3.5294117647058822
301.033 4 -1.4705882352941178
308.034 4 5.529411764705882
315.635 4 -7.470588235294117
322.527 4 0.5294117647058822
328.1269999999999 4 2.5294117647058822
334.227 4 4.529411764705882
343.92699999999996 4 1.5294117647058822
353.027 4 -5.470588235294118
359.12800000000016 4 -5.470588235294118
365.32800000000003 4 -5.470588235294118
372.72900000000004 4 3.5294117647058822
378.33 4 -4.470588235294118
385.231 4 -0.4705882352941178
394.13300000000004 4 -6.470588235294117
399.935 4 5.529411764705882
407.635 4 -4.470588235294118
413.036 4 5.529411764705882
420.629 4 -1.4705882352941178
429.629 4 3.5294117647058822
435.629 4 7.529411764705883
441.029 4 2.5294117647058822
