4.027 4 1.5
9.027000000000001 4 1.5
14.626 4 5.5
20.127 4 -7.5
25.528000000000002 4 -0.5
31.229 4 5.5
37.03 4 -3.5
46.132 4 1.5
51.233000000000004 4 2.5
58.13399999999999 4 -7.5
67.42699999999999 4 7.5
77.128 4 1.5
82.928 4 -3.5
90.52799999999999 4 -5.5
97.928 4 6.5
104.52799999999999 4 2.5
110.728 4 -0.5
117.62799999999999 4 4.5
126.029 4 -3.5
133.531 4 -3.5
138.632 4 -7.5
147.433 4 -2.5
153.534 4 -2.5
163.429 4 4.5
171.62900000000005 4 -4.5
177.229 4 -3.5
183.929 4 -3.5
191.929 4 -6.5
197.329 4 7.5
205.12900000000002 4 2.5
213.229 4 7.5
219.33 4 0.5
225.93 4 1.5
235.032 4 -5.5
240.933 4 1.5
247.93400000000003 4 0.5
252.935 4 0.5
258.93 4 -2.5
267.93 4 0.5
274.43 4 3.5
283.33099999999996 4 -4.5
291.231 4 4.5
298.631 4 6.5
308.231 4 3.5
315.83099999999996 4 7.5
323.431 4 -4.5
328.631 4 6.5
334.73199999999997 4 -5.5
342.134 4 -2.5
347.835 4 7.5
353.036 4 -4.5
359.23199999999997 4 4.5
364.43199999999996 4 -3.5
369.93199999999996 4 -2.5
375.532 4 -4.5
381.032 4 -0.5
389.93199999999996 4 -6.5
396.13199999999995 4 -4.5
401.832 4 -6.5
411.13199999999995 4 6.5
420.033 4 1.5
427.833 4 7.5
433.333 4 -7.5
441.035 4 -1.5
