4.046 4 4.5
13.329 4 0.5
18.829 4 -2.5
26.429000000000002 4 -2.5
31.529 4 4.5
39.429 4 -4.5
47.82899999999999 4 6.5
55.229 4 0.5
60.93 4 -3.5
65.93 4 -5.5
71.83 4 1.5
80.832 4 0.5
86.333 4 4.5
95.234 4 -7.5
100.335 4 5.5
108.13 4 7.5
113.73 4 -2.5
119.43 4 -1.5
126.331 4 -6.5
134.031 4 -7.5
141.031 4 2.5
147.631 4 7.5
153.031 4 -0.5
160.631 4 -3.5
170.53099999999995 4 7.5
178.032 4 0.5
183.833 4 4.5
189.93400000000003 4 3.5
199.03599999999997 4 -0.5
204.232 4 -5.5
209.732 4 -7.5
216.632 4 7.5
225.93200000000002 4 -5.5
230.93200000000002 4 2.5
237.132 4 0.5
243.232 4 -6.5
248.43200000000002 4 -7.5
254.93200000000002 4 -5.5
261.632 4 -7.5
266.83299999999997 4 0.5
275.733 4 1.5
285.334 4 -0.5
290.935 4 4.5
296.533 4 -2.5
304.33299999999997 4 5.5
311.733 4 -1.5
317.733 4 1.5
323.935 4 -3.5
332.134 4 -7.5
341.2340000000001 4 -0.5
346.935 4 6.5
352.334 4 0.5
358.134 4 -1.5
364.73400000000004 4 6.5
370.934 4 -2.5
378.334 4 2.5
383.835 4 -6.5
391.436 4 7.5
400.335 4 5.5
406.435 4 1.5
416.135 4 -4.5
424.135 4 3.5
432.935 4 -3.5
441.035 4 -6.5
