4.042 4 -6.490196078431373
9.133 4 -0.4901960784313726
14.634 4 1.5098039215686274
21.634 4 -7.490196078431373
26.834 4 6.509803921568627
32.934 4 -2.4901960784313726
40.434 4 -7.490196078431373
47.833999999999996 4 6.509803921568627
57.13399999999999 4 6.509803921568627
62.13399999999999 4 -5.490196078431373
70.938 4 -6.490196078431373
80.53699999999998 4 -1.4901960784313726
87.135 4 -7.490196078431373
92.635 4 6.509803921568627
100.235 4 4.5098039215686265
109.335 4 -6.490196078431373
114.835 4 0.5098039215686274
120.235 4 -1.4901960784313726
128.335 4 -4.4901960784313735
136.736 4 0.5098039215686274
143.236 4 -5.490196078431373
150.936 4 -3.4901960784313726
158.536 4 1.5098039215686274
168.236 4 -4.4901960784313735
174.437 4 -1.4901960784313726
180.138 4 -2.4901960784313726
186.239 4 -0.4901960784313726
192.024 4 6.509803921568627
201.125 4 1.5098039215686274
207.726 4 6.509803921568627
213.327 4 -7.490196078431373
219.22799999999998 4 5.509803921568627
227.23 4 3.5098039215686274
233.03099999999998 4 0.5098039215686274
242.032 4 -4.4901960784313735
249.834 4 1.5098039215686274
255.537 4 -0.4901960784313726
262.238 4 -0.4901960784313726
269.121 4 -3.4901960784313726
276.922 4 -7.490196078431373
284.323 4 2.5098039215686274
291.224 4 0.5098039215686274
299.126 4 4.5098039215686265
306.527 4 5.509803921568627
312.728 4 4.5098039215686265
320.931 4 -2.4901960784313726
325.932 4 3.5098039215686274
334.832 4 3.5098039215686274
340.333 4 1.5098039215686274
349.635 4 1.5098039215686274
354.736 4 -3.4901960784313726
363.62199999999996 4 5.509803921568627
369.222 4 4.5098039215686265
378.12300000000016 4 -7.490196078431373
384.124 4 4.5098039215686265
394.026 4 -0.4901960784313726
400.227 4 2.5098039215686274
407.82800000000003 4 7.509803921568627
413.931 4 -0.4901960784313726
419.13 4 2.5098039215686274
424.531 4 -6.490196078431373
430.23199999999997 4 -3.4901960784313726
435.43300000000005 4 -7.490196078431373
441.034 4 6.509803921568627
