4.05 4 1.5176470588235291
10.13 4 1.5176470588235291
16.63 4 5.5176470588235285
21.73 4 -0.4823529411764706
27.13 4 0.5176470588235293
32.931 4 7.5176470588235285
40.332 4 6.5176470588235285
45.933 4 5.5176470588235285
51.333999999999996 4 -3.4823529411764707
57.035 4 4.5176470588235285
65.831 4 7.5176470588235285
70.831 4 -3.4823529411764707
79.73100000000002 4 -7.4823529411764715
87.431 4 -2.4823529411764707
96.531 4 -2.4823529411764707
103.431 4 2.5176470588235293
108.631 4 7.5176470588235285
115.33200000000001 4 -6.4823529411764715
122.932 4 4.5176470588235285
129.93200000000002 4 -3.4823529411764707
137.93200000000002 4 -7.4823529411764715
144.534 4 4.5176470588235285
150.235 4 1.5176470588235291
158.336 4 2.5176470588235293
167.233 4 -5.4823529411764715
175.433 4 -7.4823529411764715
181.433 4 -5.4823529411764715
189.833 4 -5.4823529411764715
195.933 4 -4.4823529411764715
201.433 4 -3.4823529411764707
206.63299999999998 4 -0.4823529411764706
215.63299999999998 4 6.5176470588235285
223.233 4 -3.4823529411764707
230.63299999999998 4 -1.4823529411764709
236.733 4 -4.4823529411764715
242.63400000000001 4 -2.4823529411764707
252.53599999999997 4 -3.4823529411764707
258.737 4 6.5176470588235285
267.634 4 -0.4823529411764706
277.23400000000004 4 -7.4823529411764715
285.134 4 -6.4823529411764715
290.634 4 2.5176470588235293
296.834 4 7.5176470588235285
306.135 4 6.5176470588235285
311.935 4 0.5176470588235293
319.735 4 1.5176470588235291
325.335 4 -4.4823529411764715
330.835 4 3.5176470588235293
338.435 4 -2.4823529411764707
345.336 4 3.5176470588235293
350.837 4 -4.4823529411764715
356.037 4 1.5176470588235291
362.639 4 0.5176470588235293
370.035 4 7.5176470588235285
379.736 4 0.5176470588235293
387.236 4 -6.4823529411764715
392.936 4 1.5176470588235291
399.13599999999997 4 -4.4823529411764715
408.436 4 -3.4823529411764707
417.532 4 7.5176470588235285
425.333 4 -4.4823529411764715
430.436 4 4.5176470588235285
435.436 4 -2.4823529411764707
441.037 4 1.5176470588235291
