4.051 4 3.529644268774703
9.533999999999999 4 1.5296442687747032
17.135 4 -7.470355731225298
23.621 4 1.5296442687747032
29.121 4 -3.470355731225297
35.321999999999996 4 -0.4703557312252968
40.923 4 -5.470355731225298
46.924 4 -7.470355731225298
54.925 4 7.529644268774702
61.12600000000001 4 1.5296442687747032
68.628 4 -3.470355731225297
80.53 4 5.529644268774702
85.631 4 -1.4703557312252968
91.53200000000001 4 -7.470355731225298
96.633 4 2.529644268774703
104.834 4 6.529644268774702
110.535 4 -1.4703557312252968
117.92299999999999 4 1.5296442687747032
122.92299999999999 4 -7.470355731225298
129.023 4 -5.470355731225298
134.523 4 5.529644268774702
141.124 4 -2.470355731225297
150.225 4 5.529644268774702
159.327 4 -7.470355731225298
168.22799999999995 4 -1.4703557312252968
178.13 4 2.529644268774703
185.53099999999998 4 0.5296442687747032
202.234 4 3.529644268774703
207.635 4 6.529644268774702
215.424 4 0.5296442687747032
220.62400000000002 4 -3.470355731225297
226.424 4 7.529644268774702
234.325 4 2.529644268774703
243.925 4 -4.470355731225297
251.326 4 -5.470355731225298
259.028 4 -7.470355731225298
268.72900000000004 4 7.529644268774702
277.131 4 2.529644268774703
285.232 4 5.529644268774702
290.83299999999997 4 -4.470355731225297
299.735 4 5.529644268774702
305.82599999999996 4 5.529644268774702
314.626 4 -2.470355731225297
320.426 4 -4.470355731225297
328.026 4 -4.470355731225297
333.426 4 -3.470355731225297
342.426 4 4.529644268774703
347.42699999999996 4 -3.470355731225297
356.728 4 4.529644268774703
366.03 4 7.529644268774702
372.931 4 7.529644268774702
379.13199999999995 4 -0.4703557312252968
390.434 4 -6.470355731225298
396.535 4 -5.470355731225298
403.12699999999995 4 -1.4703557312252968
408.827 4 0.5296442687747032
415.827 4 -1.4703557312252968
423.42699999999996 4 2.529644268774703
428.62800000000004 4 2.529644268774703
434.12800000000004 4 -3.470355731225297
441.028 4 -4.470355731225297
