4.041 4 -4.470355731225297
11.93 4 7.529644268774702
18.131 4 -2.470355731225297
26.531999999999996 4 -6.470355731225298
33.434 4 -0.4703557312252968
42.324 4 -3.470355731225297
51.424 4 -4.470355731225297
60.724 4 1.5296442687747032
68.425 4 -6.470355731225298
73.925 4 6.529644268774702
81.725 4 -3.470355731225297
86.926 4 5.529644268774702
94.32799999999999 4 6.529644268774702
99.32799999999999 4 6.529644268774702
108.13 4 6.529644268774702
113.631 4 5.529644268774702
123.53299999999999 4 -0.4703557312252968
130.234 4 4.529644268774703
138.026 4 -5.470355731225298
146.92600000000004 4 -6.470355731225298
152.026 4 -7.470355731225298
160.026 4 3.529644268774703
166.52599999999995 4 0.5296442687747032
174.12599999999995 4 -4.470355731225297
179.12599999999995 4 2.529644268774703
185.327 4 -0.4703557312252968
190.928 4 -4.470355731225297
197.02900000000002 4 4.529644268774703
204.63099999999997 4 -0.4703557312252968
209.831 4 3.529644268774703
216.433 4 6.529644268774702
223.834 4 -0.4703557312252968
231.435 4 3.529644268774703
237.227 4 5.529644268774702
242.627 4 -5.470355731225298
248.127 4 7.529644268774702
254.327 4 -7.470355731225298
261.22700000000003 4 3.529644268774703
267.128 4 0.5296442687747032
273.228 4 4.529644268774703
278.328 4 0.5296442687747032
285.828 4 3.529644268774703
295.13 4 2.529644268774703
303.231 4 -5.470355731225298
308.932 4 -6.470355731225298
314.33299999999997 4 -0.4703557312252968
322.534 4 -1.4703557312252968
328.035 4 1.5296442687747032
334.028 4 -6.470355731225298
343.629 4 3.529644268774703
349.72900000000016 4 4.529644268774703
357.129 4 -6.470355731225298
362.829 4 0.5296442687747032
371.829 4 -5.470355731225298
377.029 4 -2.470355731225297
384.032 4 -2.470355731225297
389.63 4 4.529644268774703
395.231 4 2.529644268774703
401.832 4 -3.470355731225297
407.63300000000004 4 -1.4703557312252968
417.334 4 6.529644268774702
423.035 4 1.5296442687747032
431.93 4 -1.4703557312252968
441.03 4 -1.4703557312252968
