4.052 4 6.5
9.635 4 -0.5
19.326 4 -7.5
29.226 4 0.5
34.926 4 -6.5
40.426 4 -3.5
46.526 4 -7.5
54.526 4 0.5
60.428000000000004 4 4.5
65.528 4 0.5
70.729 4 -3.5
77.63 4 5.5
85.23200000000001 4 4.5
90.93299999999999 4 -1.5
97.03399999999999 4 -2.5
103.235 4 7.5
110.837 4 7.5
116.82700000000001 4 -2.5
123.727 4 3.5
129.327 4 -5.5
137.227 4 -0.5
146.127 4 -2.5
153.72799999999995 4 -5.5
159.328 4 -7.5
164.329 4 -5.5
172.53099999999995 4 0.5
177.731 4 2.5
183.532 4 2.5
192.834 4 2.5
202.136 4 4.5
209.828 4 0.5
215.229 4 7.5
220.22799999999998 4 5.5
225.329 4 -7.5
234.229 4 7.5
240.93099999999998 4 7.5
248.329 4 -1.5
256.42900000000003 4 -4.5
261.629 4 -4.5
270.431 4 4.5
279.433 4 -7.5
286.434 4 6.5
294.835 4 6.5
301.0370000000001 4 1.5
310.13 4 -6.5
317.53 4 -7.5
325.33 4 5.5
330.83 4 3.5
336.53 4 4.5
342.63 4 1.5
348.43 4 -5.5
358.031 4 1.5
364.63 4 0.5
370.13199999999995 4 1.5
375.63300000000004 4 -2.5
381.033 4 -6.5
390.135 4 -6.5
396.33099999999996 4 -2.5
403.731 4 0.5
411.531 4 -0.5
418.032 4 -0.5
425.532 4 -1.5
432.13199999999995 4 -3.5
441.032 4 -3.5
