4.0489999999999995 4 -1.4862745098039216
10.231 4 3.5137254901960784
19.933 4 -0.4862745098039216
27.634 4 2.5137254901960784
33.335 4 -4.486274509803922
40.924 4 2.5137254901960784
50.224 4 4.513725490196078
59.123999999999995 4 1.5137254901960784
66.625 4 5.5137254901960775
72.125 4 4.513725490196078
77.226 4 -3.4862745098039216
83.227 4 5.5137254901960775
91.029 4 0.5137254901960784
98.63 4 -7.486274509803923
105.531 4 2.5137254901960784
113.53299999999999 4 2.5137254901960784
122.53399999999999 4 -7.486274509803923
128.635 4 2.5137254901960784
135.626 4 5.5137254901960775
141.726 4 4.513725490196078
147.326 4 -5.4862745098039225
153.026 4 -5.4862745098039225
160.626 4 -7.486274509803923
166.12599999999995 4 -2.4862745098039216
174.327 4 -7.486274509803923
179.72799999999995 4 7.513725490196077
185.52900000000002 4 -2.4862745098039216
202.231 4 -6.486274509803923
210.033 4 -3.4862745098039216
216.53400000000002 4 -4.486274509803922
226.43599999999998 4 1.5137254901960784
231.627 4 5.5137254901960775
240.52700000000002 4 -4.486274509803922
249.627 4 -4.486274509803922
258.527 4 5.5137254901960775
263.927 4 -3.4862745098039216
269.828 4 -7.486274509803923
278.228 4 1.5137254901960784
283.4290000000001 4 6.513725490196077
289.63 4 1.5137254901960784
297.732 4 2.5137254901960784
302.83299999999997 4 7.513725490196077
310.2340000000001 4 6.513725490196077
319.536 4 -4.486274509803922
326.129 4 7.513725490196077
332.2290000000001 4 -1.4862745098039216
337.829 4 0.5137254901960784
347.42900000000014 4 5.5137254901960775
354.829 4 0.5137254901960784
360.329 4 -1.4862745098039216
366.529 4 -5.4862745098039225
371.529 4 -1.4862745098039216
376.72900000000004 4 3.5137254901960784
383.33 4 -1.4862745098039216
389.131 4 7.513725490196077
395.832 4 7.513725490196077
401.533 4 -3.4862745098039216
407.035 4 -5.4862745098039225
412.635 4 -3.4862745098039216
421.73 4 -7.486274509803923
428.63 4 -3.4862745098039216
433.63 4 -0.4862745098039216
441.03 4 -0.4862745098039216
