4.0489999999999995 4 5.452755905511812
10.132 4 -0.5472440944881889
17.834 4 7.452755905511812
25.835 4 6.452755905511812
33.231 4 7.452755905511812
39.031 4 -5.547244094488188
44.131 4 -6.547244094488188
49.831 4 -2.547244094488189
55.431000000000004 4 4.452755905511811
65.131 4 -7.547244094488188
71.23100000000002 4 -1.547244094488189
78.131 4 -0.5472440944881889
83.53200000000002 4 -2.547244094488189
91.931 4 -7.547244094488188
96.932 4 -5.547244094488188
103.132 4 -0.5472440944881889
111.23299999999999 4 0.4527559055118111
116.434 4 -6.547244094488188
124.236 4 1.452755905511811
133.132 4 0.4527559055118111
138.332 4 1.452755905511811
143.332 4 -5.547244094488188
152.333 4 -2.547244094488189
157.833 4 -2.547244094488189
164.833 4 3.4527559055118107
171.333 4 -7.547244094488188
176.833 4 -7.547244094488188
183.733 4 -0.5472440944881889
190.433 4 -5.547244094488188
199.733 4 7.452755905511812
207.333 4 0.4527559055118111
213.13400000000001 4 4.452755905511811
222.736 4 5.452755905511812
231.834 4 -7.547244094488188
237.53400000000002 4 7.452755905511812
245.13400000000001 4 -4.547244094488189
250.63400000000001 4 6.452755905511812
257.23400000000004 4 2.452755905511811
263.23400000000004 4 4.452755905511811
269.834 4 -7.547244094488188
275.934 4 -4.547244094488189
283.435 4 0.4527559055118111
289.635 4 -3.5472440944881893
298.535 4 -6.547244094488188
304.435 4 -2.547244094488189
312.036 4 1.452755905511811
321.937 4 3.4527559055118107
327.33799999999997 4 -3.5472440944881893
335.235 4 0.4527559055118111
344.035 4 4.452755905511811
351.436 4 1.452755905511811
360.336 4 7.452755905511812
365.436 4 -1.547244094488189
374.736 4 -3.5472440944881893
379.931 4 -1.547244094488189
385.431 4 0.4527559055118111
391.032 4 2.452755905511811
399.236 4 0.4527559055118111
404.936 4 6.452755905511812
412.32 4 -3.5472440944881893
420.121 4 5.452755905511812
429.223 4 -6.547244094488188
435.42400000000004 4 4.452755905511811
441.025 4 2.452755905511811
