4.045 4 -0.5
12.829 4 3.5
20.430999999999997 4 -0.5
26.031999999999996 4 0.5
31.63300000000001 4 -2.5
39.734 4 -2.5
44.835 4 5.5
50.726000000000006 4 5.5
60.426 4 3.5
67.32600000000001 4 -5.5
73.52600000000002 4 3.5
80.92699999999998 4 2.5
87.93 4 0.5
94.12700000000001 4 2.5
99.62799999999999 4 -1.5
107.229 4 5.5
113.03 4 2.5
119.631 4 7.5
124.83200000000001 4 -1.5
134.134 4 6.5
142.136 4 7.5
149.02700000000004 4 7.5
154.52700000000004 4 -5.5
163.827 4 5.5
168.92700000000005 4 -1.5
176.827 4 -3.5
182.22799999999998 4 5.5
187.627 4 -4.5
194.128 4 -6.5
200.229 4 3.5
208.43 4 -6.5
215.13099999999997 4 -3.5
222.935 4 -7.5
232.03400000000002 4 -6.5
239.53599999999997 4 -1.5
246.93 4 -1.5
251.933 4 -7.5
259.529 4 -5.5
265.22900000000004 4 5.5
274.129 4 5.5
283.129 4 -2.5
288.629 4 2.5
297.529 4 3.5
303.13 4 6.5
312.732 4 -5.5
322.634 4 -4.5
328.335 4 -1.5
337.43 4 -1.5
342.63 4 2.5
351.53 4 2.5
357.63 4 4.5
362.83 4 -4.5
370.23 4 1.5
375.731 4 1.5
382.33099999999996 4 -1.5
388.431 4 5.5
394.631 4 -4.5
402.431 4 -0.5
408.23199999999997 4 7.5
413.934 4 4.5
421.634 4 -6.5
427.63599999999997 4 3.5
432.631 4 -5.5
441.031 4 -5.5
