4.055 4 2.496062992125984
11.431 4 2.496062992125984
18.33 4 -0.5039370078740166
27.230999999999998 4 -7.5039370078740175
33.431 4 -7.5039370078740175
41.03100000000001 4 -7.5039370078740175
47.631 4 1.4960629921259834
57.331 4 5.496062992125983
62.831 4 -3.5039370078740166
68.332 4 1.4960629921259834
73.533 4 2.496062992125984
80.935 4 0.4960629921259834
87.836 4 5.496062992125983
97.132 4 -1.5039370078740166
104.939 4 7.4960629921259825
113.83200000000001 4 0.4960629921259834
119.33200000000001 4 -1.5039370078740166
126.935 4 -4.503937007874017
134.832 4 1.4960629921259834
140.934 4 5.496062992125983
149.13299999999995 4 7.4960629921259825
156.933 4 -3.5039370078740166
162.13299999999995 4 0.4960629921259834
167.233 4 2.496062992125984
172.834 4 -2.5039370078740166
181.736 4 -5.503937007874017
187.13299999999998 4 -0.5039370078740166
194.533 4 4.496062992125983
200.333 4 -5.503937007874017
206.833 4 -3.5039370078740166
215.834 4 -1.5039370078740166
223.53400000000002 4 5.496062992125983
228.53400000000002 4 -2.5039370078740166
234.03400000000002 4 7.4960629921259825
243.334 4 -4.503937007874017
249.53400000000002 4 1.4960629921259834
255.234 4 -6.5039370078740175
261.334 4 -0.5039370078740166
269.434 4 7.4960629921259825
277.836 4 2.496062992125984
284.437 4 -7.5039370078740175
298.635 4 -3.5039370078740166
304.335 4 -1.5039370078740166
310.435 4 -7.5039370078740175
317.939 4 6.4960629921259825
322.937 4 5.496062992125983
328.335 4 -3.5039370078740166
338.235 4 3.496062992125984
344.236 4 4.496062992125983
350.93699999999984 4 -5.503937007874017
358.939 4 2.496062992125984
365.13599999999997 4 7.4960629921259825
370.93800000000016 4 -5.503937007874017
378.537 4 -1.5039370078740166
384.421 4 3.496062992125984
394.023 4 3.496062992125984
399.224 4 -7.5039370078740175
404.925 4 -4.503937007874017
413.726 4 4.496062992125983
419.327 4 -4.503937007874017
424.93199999999996 4 -3.5039370078740166
434.03 4 -4.503937007874017
441.031 4 6.4960629921259825
