4.053 4 -6.48605577689243
16.835 4 -0.4860557768924298
22.031 4 1.5139442231075702
27.831 4 -3.4860557768924303
44.331 4 -2.4860557768924303
50.832 4 -3.4860557768924303
56.532 4 0.5139442231075702
62.632 4 -2.4860557768924303
68.132 4 -2.4860557768924303
74.232 4 1.5139442231075702
88.73200000000001 4 7.51394422310757
96.33200000000001 4 -3.4860557768924303
102.234 4 -3.4860557768924303
107.234 4 1.5139442231075702
113.435 4 -4.48605577689243
118.53299999999999 4 -7.48605577689243
124.133 4 6.51394422310757
129.833 4 6.51394422310757
139.533 4 3.5139442231075697
147.433 4 3.5139442231075697
156.333 4 5.51394422310757
161.333 4 4.51394422310757
170.233 4 -7.48605577689243
177.13299999999995 4 -3.4860557768924303
192.234 4 6.51394422310757
198.234 4 -5.48605577689243
204.935 4 -6.48605577689243
212.736 4 -5.48605577689243
220.334 4 -4.48605577689243
225.834 4 -1.4860557768924298
231.53400000000002 4 -3.4860557768924303
237.03400000000002 4 0.5139442231075702
242.53400000000002 4 -6.48605577689243
247.734 4 0.5139442231075702
256.535 4 -7.48605577689243
263.935 4 0.5139442231075702
269.535 4 -7.48605577689243
278.535 4 -0.4860557768924298
286.335 4 -3.4860557768924303
291.935 4 7.51394422310757
301.235 4 5.51394422310757
306.63599999999997 4 7.51394422310757
315.938 4 -5.48605577689243
322.039 4 7.51394422310757
329.436 4 2.5139442231075697
336.336 4 4.51394422310757
342.13599999999997 4 2.5139442231075697
350.536 4 1.5139442231075702
358.62800000000016 4 1.5139442231075702
366.13 4 4.51394422310757
371.231 4 7.51394422310757
379.43199999999996 4 -4.48605577689243
386.434 4 7.51394422310757
392.63699999999994 4 -4.48605577689243
400.037 4 1.5139442231075702
406.62 4 -4.48605577689243
415.722 4 2.5139442231075697
423.423 4 -4.48605577689243
433.025 4 -2.4860557768924303
441.026 4 1.5139442231075702
