4.05 4 5.51394422310757
10.133 4 4.51394422310757
15.334000000000001 4 0.5139442231075702
20.835 4 0.5139442231075702
27.721 4 -2.4860557768924303
33.421 4 -3.4860557768924303
41.222 4 2.5139442231075697
50.12300000000001 4 0.5139442231075702
58.025 4 -7.48605577689243
67.627 4 -2.4860557768924303
73.72800000000002 4 2.5139442231075697
79.529 4 6.51394422310757
84.729 4 1.5139442231075702
92.331 4 1.5139442231075702
99.73200000000001 4 7.51394422310757
106.73299999999999 4 -3.4860557768924303
114.735 4 -4.48605577689243
124.023 4 -7.48605577689243
129.82299999999998 4 -6.48605577689243
139.123 4 4.51394422310757
145.623 4 6.51394422310757
153.325 4 -0.4860557768924298
158.826 4 -6.48605577689243
164.227 4 -1.4860557768924298
169.22799999999995 4 -6.48605577689243
178.12900000000005 4 6.51394422310757
187.231 4 5.51394422310757
193.93400000000003 4 6.51394422310757
200.13299999999998 4 -7.48605577689243
206.734 4 -7.48605577689243
215.136 4 -2.4860557768924303
220.72400000000002 4 -3.4860557768924303
227.324 4 6.51394422310757
236.22400000000002 4 -5.48605577689243
242.225 4 -7.48605577689243
249.125 4 6.51394422310757
256.926 4 1.5139442231075702
262.827 4 -7.48605577689243
272.529 4 1.5139442231075702
277.93 4 -1.4860557768924298
285.33099999999996 4 -5.48605577689243
291.032 4 3.5139442231075697
296.133 4 0.5139442231075702
301.334 4 4.51394422310757
308.836 4 4.51394422310757
314.32599999999996 4 3.5139442231075697
322.426 4 -4.48605577689243
328.626 4 3.5139442231075697
336.026 4 2.5139442231075697
345.926 4 -0.4860557768924298
354.727 4 1.5139442231075702
362.92900000000003 4 1.5139442231075702
369.03 4 -6.48605577689243
376.631 4 5.51394422310757
385.63300000000004 4 6.51394422310757
391.834 4 -0.4860557768924298
397.435 4 -1.4860557768924298
402.93699999999995 4 4.51394422310757
408.527 4 -0.4860557768924298
413.62699999999995 4 -3.4860557768924303
418.62699999999995 4 -7.48605577689243
427.727 4 -4.48605577689243
435.327 4 -0.4860557768924298
441.028 4 -0.4860557768924298
