4.048 4 0.5139442231075702
9.93 4 4.51394422310757
19.63 4 3.5139442231075697
25.831 4 2.5139442231075697
33.631 4 2.5139442231075697
42.931000000000004 4 -4.48605577689243
51.832 4 4.51394422310757
59.433 4 -0.4860557768924298
68.735 4 -7.48605577689243
73.931 4 7.51394422310757
80.031 4 4.51394422310757
89.131 4 7.51394422310757
94.73200000000001 4 -4.48605577689243
102.632 4 -3.4860557768924303
111.53200000000001 4 -6.48605577689243
120.432 4 6.51394422310757
125.932 4 5.51394422310757
130.936 4 6.51394422310757
136.632 4 -5.48605577689243
143.232 4 -2.4860557768924303
148.632 4 5.51394422310757
155.634 4 -0.4860557768924298
160.635 4 1.5139442231075702
169.03599999999997 4 -1.4860557768924298
174.233 4 -1.4860557768924298
179.333 4 -5.48605577689243
187.13299999999998 4 -0.4860557768924298
194.533 4 3.5139442231075697
200.63299999999998 4 2.5139442231075697
206.13299999999998 4 -0.4860557768924298
212.333 4 -5.48605577689243
218.533 4 0.5139442231075702
226.533 4 -2.4860557768924303
236.13400000000001 4 7.51394422310757
245.234 4 0.5139442231075702
254.03400000000002 4 -6.48605577689243
262.13599999999997 4 4.51394422310757
268.737 4 -6.48605577689243
274.23400000000004 4 -7.48605577689243
284.134 4 -3.4860557768924303
290.2340000000001 4 -3.4860557768924303
295.938 4 0.5139442231075702
301.335 4 -5.48605577689243
307.135 4 -2.4860557768924303
314.535 4 2.5139442231075697
320.535 4 7.51394422310757
325.635 4 5.51394422310757
332.335 4 -2.4860557768924303
339.9369999999999 4 0.5139442231075702
347.535 4 -7.48605577689243
354.035 4 -4.48605577689243
359.63599999999997 4 -6.48605577689243
367.13800000000003 4 -1.4860557768924298
376.13599999999997 4 -5.48605577689243
383.836 4 4.51394422310757
389.036 4 3.5139442231075697
396.436 4 3.5139442231075697
403.327 4 -1.4860557768924298
408.82800000000003 4 -6.48605577689243
414.629 4 6.51394422310757
420.33 4 -2.4860557768924303
428.532 4 7.51394422310757
434.13300000000004 4 3.5139442231075697
441.034 4 0.5139442231075702
