4.044 4 2.5338645418326693
10.126 4 -7.466135458167331
18.327 4 7.533864541832669
23.427 4 0.5338645418326688
30.026999999999997 4 0.5338645418326688
35.727 4 -6.466135458167331
42.427 4 5.533864541832669
47.927 4 1.5338645418326688
53.728 4 5.533864541832669
59.729 4 -2.4661354581673307
68.831 4 -3.466135458167331
74.532 4 5.533864541832669
81.533 4 7.533864541832669
87.234 4 7.533864541832669
96.12799999999999 4 1.5338645418326688
105.02799999999999 4 -1.4661354581673312
120.62799999999999 4 1.5338645418326688
128.328 4 -3.466135458167331
135.22799999999998 4 -7.466135458167331
140.829 4 7.533864541832669
146.929 4 -5.466135458167331
163.431 4 -1.4661354581673312
170.832 4 -7.466135458167331
178.233 4 2.5338645418326693
187.535 4 -3.466135458167331
195.329 4 -5.466135458167331
202.729 4 -1.4661354581673312
210.52900000000002 4 2.5338645418326693
215.73 4 4.533864541832669
225.83 4 5.533864541832669
231.63 4 6.533864541832669
236.83 4 -2.4661354581673307
246.73 4 -4.466135458167331
256.43 4 -7.466135458167331
265.332 4 -1.4661354581673312
272.933 4 2.5338645418326693
279.434 4 -4.466135458167331
287.431 4 5.533864541832669
293.631 4 4.533864541832669
299.031 4 2.5338645418326693
305.231 4 6.533864541832669
314.031 4 -4.466135458167331
321.931 4 -7.466135458167331
331.031 4 5.533864541832669
336.031 4 1.5338645418326688
349.63199999999995 4 -0.4661354581673312
357.13199999999995 4 -0.4661354581673312
364.733 4 -3.466135458167331
370.634 4 -3.466135458167331
376.235 4 -5.466135458167331
382.43199999999996 4 -3.466135458167331
388.032 4 3.533864541832669
393.532 4 3.533864541832669
411.233 4 -4.466135458167331
418.833 4 4.533864541832669
424.233 4 -7.466135458167331
429.43300000000005 4 3.533864541832669
434.93300000000005 4 -4.466135458167331
441.033 4 -5.466135458167331
