4.052 4 -0.4661354581673312
9.635 4 1.5338645418326688
17.736 4 -2.4661354581673307
25.538 4 0.5338645418326688
32.035 4 0.5338645418326688
39.735 4 0.5338645418326688
46.735 4 6.533864541832669
53.635 4 5.533864541832669
59.835 4 0.5338645418326688
65.635 4 3.533864541832669
72.535 4 7.533864541832669
77.635 4 4.533864541832669
82.836 4 1.5338645418326688
88.036 4 4.533864541832669
93.13600000000001 4 -6.466135458167331
102.736 4 -3.466135458167331
111.837 4 5.533864541832669
119.221 4 -7.466135458167331
126.72200000000001 4 -2.4661354581673307
132.124 4 -7.466135458167331
137.32399999999998 4 -0.4661354581673312
143.025 4 -0.4661354581673312
150.626 4 2.5338645418326693
158.528 4 -6.466135458167331
166.73 4 4.533864541832669
172.93099999999995 4 6.533864541832669
180.532 4 0.5338645418326688
189.43400000000003 4 6.533864541832669
198.33700000000002 4 -7.466135458167331
204.921 4 -5.466135458167331
209.921 4 -3.466135458167331
216.62099999999998 4 -2.4661354581673307
222.72299999999998 4 0.5338645418326688
232.024 4 1.5338645418326688
237.625 4 -3.466135458167331
246.727 4 -1.4661354581673312
256.42900000000003 4 0.5338645418326688
262.53 4 -6.466135458167331
269.931 4 -2.4661354581673307
278.933 4 -3.466135458167331
284.534 4 -7.466135458167331
291.935 4 -4.466135458167331
297.336 4 -5.466135458167331
306.622 4 -5.466135458167331
312.622 4 3.533864541832669
320.423 4 4.533864541832669
328.024 4 -0.4661354581673312
336.426 4 7.533864541832669
346.32800000000015 4 2.5338645418326693
352.92900000000014 4 7.533864541832669
359.03 4 -6.466135458167331
364.731 4 -7.466135458167331
370.43199999999996 4 2.5338645418326693
375.43300000000005 4 5.533864541832669
384.23400000000004 4 -5.466135458167331
393.13599999999997 4 7.533864541832669
398.62300000000016 4 7.533864541832669
404.824 4 -1.4661354581673312
410.324 4 -4.466135458167331
416.124 4 -2.4661354581673307
422.024 4 -7.466135458167331
427.525 4 4.533864541832669
433.026 4 1.5338645418326688
441.028 4 -1.4661354581673312
