4.053 4 1.5
9.035 4 1.5
14.635 4 5.5
20.135 4 -7.5
25.535999999999998 4 -0.5
31.237 4 5.5
37.038000000000004 4 -3.5
46.136 4 1.5
51.236000000000004 4 2.5
58.136 4 -7.5
67.436 4 7.5
77.12899999999998 4 1.5
82.932 4 -3.5
90.531 4 -5.5
97.934 4 6.5
104.53299999999999 4 2.5
110.73700000000001 4 -0.5
117.637 4 4.5
126.021 4 -3.5
133.52200000000002 4 -3.5
138.623 4 -7.5
147.424 4 -2.5
153.525 4 -2.5
163.42700000000005 4 4.5
171.628 4 -4.5
177.229 4 -3.5
183.933 4 -3.5
191.93400000000003 4 -6.5
197.333 4 7.5
205.13400000000001 4 2.5
213.238 4 7.5
219.322 4 0.5
225.922 4 1.5
235.023 4 -5.5
240.924 4 1.5
247.925 4 0.5
252.926 4 0.5
258.927 4 -2.5
267.92900000000003 4 0.5
274.43 4 3.5
283.33099999999996 4 -4.5
291.233 4 4.5
298.634 4 6.5
308.236 4 3.5
315.823 4 7.5
323.423 4 -4.5
328.6230000000001 4 6.5
334.724 4 -5.5
342.125 4 -2.5
347.82599999999996 4 7.5
353.027 4 -4.5
359.228 4 4.5
364.42900000000003 4 -3.5
369.93 4 -2.5
375.531 4 -4.5
381.032 4 -0.5
389.93300000000005 4 -6.5
396.135 4 -4.5
401.836 4 -6.5
411.124 4 6.5
420.025 4 1.5
427.825 4 7.5
433.325 4 -7.5
441.026 4 -1.5
