4.05 4 7.501960784313725
12.933 4 2.501960784313725
21.735 4 -4.4980392156862745
27.136 4 3.501960784313725
35.03 4 -5.4980392156862745
40.23 4 -6.4980392156862745
47.83 4 0.5019607843137255
57.53 4 -6.4980392156862745
63.13 4 -1.4980392156862743
68.53 4 -2.4980392156862745
76.23 4 -7.498039215686274
82.43 4 6.5019607843137255
87.93299999999998 4 0.5019607843137255
95.531 4 5.5019607843137255
104.833 4 0.5019607843137255
110.03299999999999 4 2.501960784313725
118.935 4 -2.4980392156862745
124.736 4 -3.4980392156862745
130.431 4 7.501960784313725
136.031 4 0.5019607843137255
145.132 4 -0.4980392156862745
154.131 4 -5.4980392156862745
159.132 4 4.5019607843137255
166.632 4 2.501960784313725
174.032 4 -1.4980392156862743
179.232 4 5.5019607843137255
186.232 4 -5.4980392156862745
195.332 4 6.5019607843137255
201.433 4 3.501960784313725
210.735 4 -4.4980392156862745
218.938 4 -4.4980392156862745
227.833 4 7.501960784313725
235.63299999999998 4 -6.4980392156862745
241.433 4 -6.4980392156862745
248.833 4 4.5019607843137255
256.83299999999997 4 7.501960784313725
261.83299999999997 4 -5.4980392156862745
267.533 4 3.501960784313725
275.936 4 -1.4980392156862743
281.434 4 7.501960784313725
287.033 4 -2.4980392156862745
293.034 4 -0.4980392156862745
300.634 4 2.501960784313725
306.534 4 -3.4980392156862745
312.63599999999997 4 3.501960784313725
318.137 4 4.5019607843137255
324.334 4 -7.498039215686274
331.051 4 -1.4980392156862743
340.634 4 -3.4980392156862745
347.534 4 5.5019607843137255
353.735 4 -2.4980392156862745
361.535 4 -0.4980392156862745
369.635 4 0.5019607843137255
375.335 4 -7.498039215686274
380.835 4 -2.4980392156862745
387.735 4 -5.4980392156862745
392.835 4 1.5019607843137257
399.435 4 0.5019607843137255
406.836 4 6.5019607843137255
416.73800000000006 4 4.5019607843137255
421.838 4 -0.4980392156862745
428.336 4 3.501960784313725
434.935 4 -6.4980392156862745
441.036 4 4.5019607843137255
