4.048 4 3.5
9.532 4 1.5
17.133 4 -7.5
23.634 4 1.5
35.327 4 -0.5
54.928000000000004 4 7.5
61.128 4 1.5
75.328 4 3.5
80.528 4 5.5
85.62799999999999 4 -1.5
91.529 4 -7.5
96.63 4 2.5
104.83200000000001 4 6.5
110.53299999999999 4 -1.5
117.934 4 1.5
134.529 4 5.5
141.129 4 -2.5
150.22899999999996 4 5.5
178.12900000000005 4 2.5
185.53 4 0.5
193.331 4 -0.5
202.232 4 3.5
207.63299999999998 4 6.5
220.635 4 -3.5
226.43 4 7.5
251.331 4 -5.5
268.731 4 7.5
277.131 4 2.5
285.231 4 5.5
299.733 4 5.5
305.834 4 5.5
328.032 4 -4.5
342.43199999999996 4 4.5
356.73199999999997 4 4.5
366.032 4 7.5
372.934 4 7.5
384.733 4 4.5
403.134 4 -1.5
408.835 4 0.5
415.833 4 -1.5
423.43300000000005 4 2.5
428.63300000000004 4 2.5
