5.548 1 1
13.63 1 -1
18.730999999999998 1 1
25.23 1 -1
31.03 1 1
37.73 1 -1
43.131 1 -1
52.031000000000006 1 1
57.531000000000006 1 1
65.131 1 1
72.531 1 1
77.632 1 -1
85.53299999999999 1 -1
94.635 1 1
100.836 1 1
107.831 1 -1
114.432 1 -1
121.83200000000001 1 -1
129.43200000000002 1 1
138.532 1 -1
143.732 1 -1
152.732 1 -1
160.93200000000002 1 -1
166.43200000000002 1 -1
171.63299999999998 1 1
177.033 1 -1
182.733 1 -1
191.635 1 1
197.136 1 1
203.233 1 1
208.233 1 -1
213.933 1 -1
220.533 1 1
227.433 1 -1
237.13299999999998 1 1
242.333 1 1
248.53400000000002 1 -1
257.434 1 1
265.23400000000004 1 1
271.434 1 1
277.23400000000004 1 -1
286.535 1 -1
292.63599999999997 1 -1
302.23400000000004 1 -1
308.134 1 -1
315.735 1 -1
321.735 1 1
330.135 1 1
335.635 1 1
343.135 1 -1
348.135 1 1
355.835 1 1
365.135 1 -1
370.735 1 1
378.13599999999997 1 -1
383.736 1 -1
392.537 1 1
402.439 1 1
408.13599999999997 1 -1
416.124 1 -1
421.725 1 1
429.527 1 1
436.43 1 -1
442.529 1 -1
