5.535 1 -1
11.035 1 1
18.433 1 1
27.733 1 1
36.133 1 1
41.934 1 -1
48.833999999999996 1 -1
55.434 1 1
63.034 1 1
68.734 1 -1
73.934 1 1
80.134 1 1
89.03399999999999 1 -1
98.634 1 1
103.735 1 -1
112.837 1 1
118.338 1 1
126.535 1 1
132.035 1 1
138.035 1 -1
143.435 1 1
149.035 1 1
156.935 1 1
162.635 1 -1
171.736 1 1
178.235 1 -1
183.83599999999998 1 1
191.236 1 -1
199.33599999999998 1 -1
209.237 1 1
216.838 1 1
226.523 1 -1
232.024 1 1
238.225 1 1
243.226 1 1
248.42700000000002 1 1
254.528 1 1
259.72900000000004 1 1
265.53 1 1
272.231 1 1
279.132 1 1
284.133 1 -1
291.937 1 1
300.921 1 1
306.52099999999996 1 -1
313.922 1 1
321.724 1 1
327.824 1 1
334.426 1 1
342.027 1 1
351.329 1 1
359.03 1 -1
365.231 1 -1
373.23199999999997 1 1
379.333 1 1
388.235 1 1
395.222 1 1
400.62199999999996 1 1
405.722 1 -1
411.62199999999996 1 1
417.32300000000004 1 1
426.225 1 1
433.726 1 1
442.528 1 1
