5.552 1 -1
11.734 1 1
18.234 1 1
25.134 1 1
33.934 1 1
39.435 1 1
47.036 1 1
56.038000000000004 1 1
63.435 1 -1
69.135 1 -1
74.135 1 1
83.435 1 -1
88.635 1 -1
96.335 1 -1
102.335 1 1
109.236 1 1
114.236 1 -1
123.13600000000001 1 -1
129.736 1 1
135.236 1 1
141.436 1 1
147.33700000000002 1 1
152.821 1 -1
158.622 1 -1
167.524 1 1
173.625 1 1
182.02700000000002 1 1
189.028 1 1
194.429 1 1
202.53 1 1
208.731 1 1
217.833 1 1
225.734 1 -1
235.637 1 1
243.821 1 1
253.523 1 1
258.923 1 -1
267.825 1 1
275.226 1 1
280.72700000000003 1 1
286.828 1 1
292.92900000000003 1 1
298.03 1 1
303.731 1 1
311.132 1 1
316.733 1 1
324.335 1 1
330.036 1 1
337.522 1 1
342.722 1 1
350.32300000000004 1 1
358.324 1 -1
366.126 1 1
372.827 1 1
377.92800000000005 1 1
383.728 1 1
390.33 1 1
398.131 1 -1
407.43300000000005 1 1
413.034 1 1
418.23400000000004 1 1
423.835 1 1
433.42400000000004 1 1
442.524 1 1
