5.5489999999999995 1 1
11.731 1 1
16.930999999999997 1 1
22.932 1 -1
32.532 1 -1
40.033 1 -1
49.034 1 1
56.636 1 -1
62.431999999999995 1 -1
68.132 1 -1
73.632 1 1
79.232 1 -1
86.133 1 1
91.53299999999999 1 -1
101.43299999999999 1 -1
110.73299999999999 1 1
117.43299999999999 1 -1
122.53299999999999 1 -1
127.53299999999999 1 1
133.63299999999998 1 1
140.234 1 -1
146.135 1 1
151.936 1 -1
157.634 1 -1
166.53400000000002 1 1
174.13400000000001 1 -1
179.334 1 -1
184.53400000000002 1 1
192.234 1 1
201.93400000000003 1 1
209.734 1 -1
217.135 1 -1
223.235 1 -1
228.735 1 -1
236.135 1 -1
241.635 1 -1
246.636 1 -1
251.737 1 1
259.83799999999997 1 -1
265.935 1 1
272.835 1 -1
278.441 1 -1
285.835 1 1
291.436 1 -1
300.336 1 -1
308.736 1 1
316.336 1 -1
325.233 1 1
334.336 1 -1
340.936 1 -1
346.62 1 -1
352.82099999999997 1 1
361.023 1 1
367.524 1 1
375.525 1 1
383.327 1 -1
392.62800000000004 1 1
398.029 1 -1
404.23 1 1
412.13199999999995 1 1
421.233 1 1
430.034 1 1
435.538 1 1
442.52099999999996 1 -1
