5.545 1 -1
13.735999999999999 1 -1
22.636 1 -1
29.531 1 -1
34.732 1 -1
39.833 1 1
45.236000000000004 1 -1
52.736999999999995 1 1
62.621 1 -1
71.722 1 -1
79.123 1 1
88.825 1 -1
94.52600000000001 1 -1
102.12700000000001 1 -1
108.229 1 -1
113.829 1 -1
121.23100000000001 1 -1
130.332 1 -1
136.033 1 -1
141.534 1 -1
147.03799999999998 1 -1
153.222 1 -1
161.122 1 1
166.222 1 -1
171.72299999999998 1 -1
181.325 1 -1
190.226 1 -1
195.92700000000002 1 -1
202.128 1 -1
208.229 1 -1
214.731 1 -1
221.332 1 -1
226.532 1 -1
233.234 1 -1
238.735 1 -1
244.53599999999997 1 -1
252.123 1 -1
261.425 1 -1
266.623 1 -1
272.224 1 1
278.225 1 -1
283.82599999999996 1 -1
291.428 1 -1
297.528 1 -1
303.72900000000004 1 -1
312.531 1 -1
321.533 1 -1
327.334 1 -1
335.135 1 -1
344.42699999999996 1 -1
352.426 1 -1
357.42699999999996 1 -1
363.324 1 -1
372.225 1 -1
379.226 1 1
387.62800000000004 1 -1
395.029 1 -1
407.731 1 -1
414.332 1 -1
421.23400000000004 1 -1
429.035 1 -1
437.126 1 -1
442.526 1 -1
