5.546 1 -1
15.229000000000001 1 1
24.129 1 1
31.929000000000002 1 1
37.93 1 1
44.131 1 1
49.532 1 -1
55.633 1 1
61.13399999999999 1 1
66.235 1 1
75.33 1 1
82.83 1 1
87.93 1 -1
95.83 1 1
103.23 1 1
108.83 1 1
116.23 1 1
122.33 1 1
131.433 1 1
139.031 1 1
144.732 1 1
152.834 1 1
158.535 1 1
165.036 1 1
172.03099999999998 1 1
177.03099999999998 1 1
182.731 1 1
192.63099999999997 1 1
201.53099999999998 1 1
208.43099999999998 1 1
214.332 1 1
219.832 1 1
240.832 1 1
246.63299999999998 1 1
252.13400000000001 1 1
260.536 1 1
268.233 1 1
276.434 1 1
282.033 1 1
289.633 1 1
295.133 1 1
304.033 1 1
310.633 1 1
315.83299999999997 1 1
322.533 1 1
330.533 1 1
338.333 1 -1
347.635 1 -1
353.836 1 1
366.534 1 1
372.634 1 1
382.23400000000004 1 1
391.534 1 -1
396.934 1 -1
403.134 1 1
408.335 1 1
415.935 1 1
421.135 1 1
430.135 1 -1
437.535 1 -1
442.535 1 1
