5.5489999999999995 1 1
11.731 1 -1
21.430999999999997 1 1
29.131999999999998 1 1
34.832 1 1
42.431999999999995 1 -1
51.733000000000004 1 -1
60.63399999999999 1 -1
68.13600000000001 1 -1
73.632 1 -1
78.733 1 1
84.73200000000001 1 -1
92.53299999999999 1 -1
100.133 1 1
107.03299999999999 1 -1
115.03299999999999 1 -1
124.03299999999999 1 1
130.13299999999998 1 1
137.13299999999998 1 1
143.233 1 -1
148.833 1 1
154.534 1 1
162.135 1 -1
167.636 1 -1
175.834 1 1
181.234 1 -1
187.03400000000002 1 1
194.93400000000003 1 -1
203.734 1 1
211.53400000000002 1 1
218.035 1 1
227.935 1 -1
233.135 1 -1
242.035 1 -1
251.135 1 1
260.036 1 -1
265.44 1 -1
271.33799999999997 1 1
279.735 1 -1
284.936 1 -1
291.13599999999997 1 -1
299.236 1 -1
304.336 1 -1
311.736 1 -1
321.03 1 -1
327.631 1 -1
333.73199999999997 1 -1
339.333 1 1
348.936 1 -1
356.32 1 -1
361.82099999999997 1 1
368.022 1 -1
373.023 1 -1
378.223 1 -1
384.825 1 -1
390.625 1 -1
397.327 1 -1
403.028 1 1
408.529 1 1
414.13 1 1
423.231 1 1
430.13199999999995 1 1
435.134 1 1
442.535 1 -1
