5.544 1 1
12.927999999999999 1 1
18.629 1 1
25.230999999999998 1 1
34.532 1 -1
41.433 1 -1
48.13399999999999 1 -1
56.123999999999995 1 -1
65.024 1 -1
71.124 1 -1
76.324 1 -1
81.824 1 -1
89.325 1 -1
98.427 1 1
107.32799999999999 1 1
113.029 1 1
120.831 1 -1
126.932 1 -1
135.933 1 -1
143.534 1 1
150.925 1 1
159.825 1 -1
165.425 1 -1
175.02599999999998 1 -1
181.02599999999998 1 -1
190.926 1 1
197.42700000000002 1 1
204.829 1 -1
210.33 1 -1
215.43 1 1
223.032 1 -1
229.233 1 1
236.13400000000001 1 1
244.02700000000002 1 -1
250.627 1 1
256.427 1 1
261.527 1 -1
267.327 1 -1
272.527 1 -1
280.627 1 -1
286.72700000000003 1 1
292.327 1 1
301.629 1 -1
310.73 1 -1
316.932 1 -1
322.633 1 -1
332.334 1 1
337.735 1 1
346.12800000000004 1 -1
352.028 1 -1
359.728 1 -1
365.32800000000003 1 1
370.529 1 -1
377.529 1 1
385.329 1 -1
391.529 1 1
397.029 1 -1
402.03 1 -1
410.83099999999996 1 1
419.033 1 -1
424.434 1 -1
432.035 1 1
437.029 1 -1
442.537 1 -1
