5.543 1 -1
11.727 1 -1
20.128 1 -1
28.13 1 1
33.931 1 1
39.632 1 1
46.633 1 1
54.534 1 -1
61.92100000000001 1 1
70.821 1 1
78.322 1 1
83.32300000000001 1 1
90.024 1 -1
99.125 1 1
105.32600000000001 1 1
114.228 1 1
123.53 1 1
129.031 1 1
138.032 1 1
145.834 1 1
155.722 1 1
161.422 1 1
169.02200000000002 1 1
175.922 1 1
184.824 1 -1
194.525 1 1
199.926 1 1
205.52700000000002 1 -1
210.928 1 1
218.53 1 1
224.03099999999998 1 1
230.232 1 -1
238.333 1 1
245.734 1 -1
252.32299999999998 1 -1
257.424 1 1
266.224 1 -1
271.42400000000004 1 -1
279.624 1 1
285.525 1 1
291.126 1 1
300.22700000000003 1 -1
305.428 1 -1
313.13 1 1
318.33099999999996 1 1
324.432 1 1
331.033 1 1
336.834 1 1
341.835 1 1
346.925 1 1
356.225 1 -1
361.725 1 -1
369.325 1 -1
378.925 1 -1
385.026 1 1
391.12699999999995 1 1
396.82800000000003 1 -1
403.72900000000004 1 -1
409.33 1 -1
414.83099999999996 1 -1
420.832 1 1
427.333 1 -1
435.135 1 1
442.526 1 1
