5.527 1 1
12.427 1 1
17.928 1 1
23.329 1 1
29.03 1 -1
35.931 1 1
45.033 1 1
53.434 1 1
62.325 1 -1
71.625 1 -1
81.525 1 -1
87.325 1 -1
92.32600000000001 1 -1
100.02600000000001 1 -1
105.12700000000001 1 1
110.728 1 -1
118.329 1 1
123.83 1 -1
132.631 1 1
140.733 1 -1
148.234 1 -1
157.327 1 -1
164.02700000000002 1 -1
169.92700000000002 1 -1
179.227 1 1
186.627 1 1
192.227 1 1
198.327 1 1
207.328 1 1
214.929 1 1
220.33 1 -1
229.93200000000002 1 1
235.033 1 -1
240.734 1 -1
245.935 1 -1
250.928 1 -1
256.72799999999995 1 -1
264.928 1 1
270.128 1 -1
275.328 1 1
281.528 1 1
288.528 1 -1
296.329 1 1
303.72900000000004 1 -1
309.329 1 -1
318.231 1 -1
325.632 1 1
334.534 1 -1
340.635 1 -1
348.536 1 1
354.63 1 1
360.63 1 -1
367.23 1 1
373.43 1 -1
381.03 1 1
390.73 1 -1
396.23 1 1
401.73 1 1
409.73 1 1
416.33099999999996 1 -1
422.032 1 -1
428.534 1 -1
434.735 1 1
442.536 1 1
