5.5489999999999995 1 1
10.532 1 1
19.333 1 1
25.334 1 1
31.535 1 -1
38.426 1 1
45.827 1 1
54.727 1 1
60.427 1 1
66.527 1 -1
72.127 1 1
81.127 1 1
91.03 1 -1
97.531 1 1
105.53200000000001 1 1
112.53299999999999 1 1
118.234 1 1
123.835 1 1
130.528 1 1
136.028 1 1
145.128 1 1
150.22799999999998 1 1
156.028 1 -1
161.72899999999998 1 1
166.729 1 -1
172.929 1 1
182.52900000000002 1 1
189.93 1 1
198.832 1 1
206.63299999999998 1 1
212.43599999999998 1 1
220.035 1 1
225.43099999999998 1 -1
233.329 1 1
239.43099999999998 1 1
246.93 1 1
255.13 1 1
262.93 1 1
270.53 1 1
276.433 1 1
282.53 1 1
288.131 1 1
293.33099999999996 1 -1
301.434 1 1
306.634 1 1
315.035 1 1
320.531 1 1
327.435 1 1
332.931 1 1
338.131 1 1
347.231 1 1
352.33099999999996 1 1
361.631 1 1
369.032 1 1
378.33099999999996 1 1
383.73199999999997 1 1
390.332 1 1
398.033 1 1
403.534 1 1
412.436 1 1
420.032 1 1
426.63199999999995 1 1
436.333 1 1
442.532 1 1
