5.553 1 -1
11.635 1 -1
18.136 1 -1
23.237 1 1
28.638 1 -1
34.436 1 1
41.836 1 -1
47.43600000000001 1 1
52.836000000000006 1 -1
58.536 1 1
67.328 1 1
72.329 1 1
81.23 1 1
88.932 1 -1
98.03299999999999 1 1
104.93700000000001 1 -1
110.137 1 1
116.82 1 1
124.421 1 1
131.423 1 1
139.424 1 1
146.025 1 1
151.726 1 1
159.828 1 1
168.729 1 1
176.93099999999998 1 1
182.93200000000002 1 1
191.333 1 1
197.43400000000003 1 1
202.935 1 1
208.122 1 1
217.122 1 1
224.72299999999998 1 1
232.12400000000002 1 1
238.225 1 1
244.12599999999998 1 1
254.028 1 1
260.22900000000004 1 1
269.13 1 1
278.732 1 1
286.633 1 1
292.134 1 -1
298.335 1 1
307.623 1 1
313.423 1 1
321.223 1 1
326.824 1 1
332.324 1 1
339.926 1 -1
346.827 1 -1
352.32800000000003 1 1
357.529 1 -1
364.13 1 -1
371.532 1 -1
381.233 1 1
388.73400000000004 1 1
394.435 1 1
400.624 1 1
409.92400000000004 1 1
419.025 1 -1
426.825 1 1
431.925 1 1
436.926 1 1
442.527 1 -1
