5.547 1 -1
13.431 1 -1
19.632 1 -1
28.033 1 1
34.935 1 -1
43.836000000000006 1 -1
52.931000000000004 1 -1
62.23 1 -1
69.931 1 1
75.433 1 -1
83.23100000000001 1 -1
88.432 1 -1
95.831 1 -1
100.831 1 -1
109.631 1 -1
115.132 1 -1
125.03399999999999 1 1
131.735 1 -1
139.532 1 -1
148.434 1 1
153.532 1 1
161.532 1 -1
168.032 1 1
175.632 1 1
180.632 1 1
186.832 1 -1
192.43400000000003 1 1
198.533 1 -1
206.13299999999998 1 1
211.333 1 -1
217.933 1 -1
225.334 1 -1
232.93599999999998 1 -1
238.733 1 -1
244.13299999999998 1 1
249.63299999999998 1 -1
255.834 1 1
262.73400000000004 1 -1
268.634 1 1
274.73400000000004 1 -1
279.834 1 -1
287.334 1 -1
296.635 1 -1
304.73400000000004 1 1
310.436 1 1
315.834 1 1
324.035 1 1
329.536 1 -1
335.537 1 1
345.135 1 -1
351.235 1 -1
358.635 1 1
364.335 1 -1
373.335 1 -1
378.535 1 1
385.535 1 1
391.135 1 -1
396.736 1 -1
403.335 1 -1
409.13599999999997 1 1
418.836 1 -1
424.536 1 -1
433.421 1 -1
442.523 1 1
