5.565 1 1
11.234 1 1
19.436 1 1
26.128 1 1
31.128 1 1
36.728 1 1
45.628 1 1
55.328 1 1
61.129 1 -1
67.229 1 1
72.429 1 1
78.63 1 1
86.431 1 1
92.031 1 1
100.133 1 1
105.634 1 1
111.835 1 1
119.62899999999999 1 1
127.329 1 1
134.929 1 1
142.33 1 1
147.72899999999998 1 1
157.03 1 1
164.93 1 1
174.53 1 1
183.43099999999998 1 1
191.032 1 1
196.833 1 1
205.935 1 1
211.93599999999998 1 1
217.831 1 1
225.231 1 1
230.93099999999998 1 -1
236.63099999999997 1 1
245.731 1 1
252.231 1 1
258.431 1 1
265.032 1 -1
271.132 1 1
276.231 1 -1
285.232 1 1
290.433 1 1
295.834 1 1
301.335 1 1
306.836 1 1
315.732 1 1
322.732 1 1
329.63199999999995 1 1
335.73199999999997 1 1
340.733 1 1
346.23199999999997 1 1
354.63300000000004 1 1
362.233 1 1
367.333 1 1
372.533 1 1
379.13300000000004 1 -1
386.533 1 1
396.435 1 1
405.73400000000004 1 1
412.634 1 1
420.13300000000004 1 1
428.934 1 -1
434.534 1 1
442.534 1 1
