5.544 1 1
11.527000000000001 1 -1
17.027 1 -1
26.628 1 1
36.529 1 -1
43.03 1 -1
49.132 1 1
57.132 1 1
62.13399999999999 1 1
69.935 1 1
76.536 1 -1
84.12799999999999 1 1
91.52799999999999 1 -1
97.02799999999999 1 1
102.929 1 -1
109.929 1 1
115.029 1 -1
120.529 1 -1
126.229 1 1
132.829 1 -1
137.93 1 -1
143.531 1 -1
151.232 1 1
158.134 1 1
167.438 1 -1
173.62900000000002 1 1
179.23 1 -1
188.23 1 1
193.93 1 1
201.53 1 1
208.23 1 1
214.03 1 1
223.33 1 1
229.13 1 1
237.53099999999998 1 1
243.632 1 -1
251.033 1 -1
259.935 1 1
266.131 1 1
275.031 1 -1
280.431 1 1
285.631 1 -1
290.83099999999996 1 -1
299.031 1 1
307.932 1 -1
317.032 1 1
326.132 1 -1
331.13199999999995 1 -1
337.332 1 1
342.833 1 1
350.43800000000005 1 -1
360.13599999999997 1 1
367.533 1 1
375.63199999999995 1 -1
384.435 1 1
391.333 1 -1
397.033 1 -1
404.833 1 -1
412.333 1 -1
420.233 1 -1
425.833 1 -1
431.93300000000005 1 -1
437.333 1 1
442.534 1 -1
