5.5569999999999995 1 -1
11.728 1 -1
20.128 1 -1
28.128 1 1
33.928000000000004 1 1
39.628 1 -1
46.63 1 1
54.531000000000006 1 -1
61.931999999999995 1 1
70.834 1 1
78.335 1 1
83.336 1 1
90.029 1 -1
99.12899999999999 1 -1
105.329 1 1
114.229 1 -1
123.529 1 1
129.029 1 1
138.03 1 1
145.83 1 -1
155.732 1 1
161.435 1 1
169.03400000000002 1 1
175.93599999999998 1 1
184.831 1 -1
194.53099999999998 1 1
199.93 1 -1
205.53099999999998 1 -1
210.93099999999998 1 -1
218.53099999999998 1 1
224.03099999999998 1 1
230.231 1 1
238.332 1 1
245.731 1 1
252.333 1 -1
257.436 1 1
266.235 1 -1
271.436 1 -1
279.632 1 1
285.532 1 -1
291.132 1 1
300.232 1 -1
305.435 1 -1
313.132 1 1
318.332 1 1
324.433 1 1
331.033 1 1
336.833 1 1
341.833 1 1
346.93300000000005 1 -1
356.23400000000004 1 -1
361.735 1 -1
369.336 1 -1
378.934 1 -1
385.034 1 1
391.134 1 1
396.834 1 -1
403.73400000000004 1 -1
409.334 1 -1
414.834 1 -1
420.834 1 -1
427.334 1 -1
435.134 1 1
442.534 1 1
