5.546 1 1
11.73 1 1
18.230999999999998 1 1
26.031999999999996 1 -1
31.833000000000002 1 1
40.735 1 1
48.525 1 1
56.025 1 1
61.125 1 -1
66.725 1 1
73.325 1 1
78.525 1 -1
87.82700000000001 1 -1
96.728 1 1
102.429 1 1
111.23 1 1
116.73100000000001 1 -1
124.133 1 -1
129.834 1 1
135.335 1 -1
141.026 1 1
147.726 1 1
156.826 1 -1
166.426 1 1
174.327 1 -1
180.92700000000002 1 1
185.92700000000002 1 1
193.528 1 -1
199.63 1 1
204.73 1 1
210.93200000000002 1 -1
220.833 1 1
228.834 1 1
234.727 1 1
242.827 1 -1
248.028 1 1
253.528 1 -1
258.528 1 1
263.728 1 1
271.128 1 -1
279.328 1 1
284.828 1 -1
293.22900000000004 1 1
302.531 1 1
309.532 1 1
317.133 1 1
324.035 1 1
329.629 1 1
335.72900000000004 1 -1
345.42900000000003 1 -1
354.529 1 1
360.629 1 1
366.829 1 1
374.22900000000004 1 1
379.829 1 1
386.73 1 -1
395.63 1 1
401.431 1 1
409.13300000000004 1 1
414.534 1 -1
422.135 1 1
431.13 1 1
437.13 1 -1
