5.54 1 -1
11.527999999999999 1 1
18.029 1 -1
26.929000000000002 1 1
34.929 1 1
44.23 1 -1
50.031000000000006 1 -1
55.232 1 1
63.433 1 -1
68.934 1 1
77.329 1 1
84.73 1 1
92.53 1 -1
99.43 1 -1
104.83 1 1
110.33 1 1
115.93 1 -1
125.03 1 -1
131.23 1 -1
140.131 1 1
147.131 1 -1
152.132 1 -1
157.933 1 -1
165.834 1 1
171.93099999999998 1 1
177.63099999999997 1 1
184.231 1 1
189.43099999999998 1 1
198.43099999999998 1 -1
206.03099999999998 1 1
215.93099999999998 1 1
222.032 1 1
227.632 1 1
232.632 1 -1
237.832 1 1
244.032 1 1
253.733 1 -1
260.335 1 -1
269.432 1 1
274.832 1 1
283.633 1 -1
289.33299999999997 1 -1
296.233 1 -1
302.933 1 1
310.33299999999997 1 1
318.433 1 1
324.33299999999997 1 -1
331.93300000000005 1 -1
337.63300000000004 1 -1
342.733 1 1
348.233 1 -1
356.035 1 1
362.13599999999997 1 1
367.63699999999994 1 1
372.73400000000004 1 1
380.334 1 -1
389.23400000000004 1 1
396.934 1 1
403.134 1 1
408.73400000000004 1 1
416.135 1 1
425.435 1 1
432.935 1 1
442.535 1 -1
