5.543 1 -1
14.427999999999999 1 -1
22.629 1 -1
28.83 1 -1
34.631 1 1
39.832 1 -1
49.13399999999999 1 -1
58.826 1 -1
67.726 1 1
72.926 1 -1
81.82600000000001 1 1
87.52600000000001 1 -1
96.32600000000001 1 -1
104.427 1 -1
110.12799999999999 1 1
116.229 1 1
123.83 1 -1
131.631 1 1
137.233 1 -1
146.234 1 -1
151.635 1 -1
158.327 1 -1
165.227 1 -1
170.22799999999998 1 -1
176.127 1 -1
181.22799999999998 1 -1
187.328 1 1
193.928 1 -1
199.72799999999998 1 -1
207.328 1 -1
213.52900000000002 1 -1
219.53 1 1
227.332 1 -1
235.233 1 -1
240.234 1 -1
245.735 1 1
252.329 1 -1
257.92900000000003 1 1
263.629 1 -1
271.129 1 1
280.22900000000004 1 -1
285.72900000000004 1 1
293.129 1 -1
302.72900000000004 1 -1
308.22900000000004 1 -1
318.131 1 -1
325.532 1 -1
333.934 1 -1
341.335 1 1
350.63 1 1
358.63 1 -1
364.03 1 -1
370.531 1 1
375.73 1 -1
381.931 1 -1
387.531 1 -1
393.031 1 -1
400.031 1 -1
405.131 1 -1
414.231 1 -1
421.833 1 -1
427.93300000000005 1 1
434.835 1 -1
442.536 1 1
