5.571000000000001 1 1
13.334000000000001 1 1
21.035 1 1
29.035 1 -1
37.935 1 -1
45.435 1 1
52.035 1 1
61.336999999999996 1 1
67.33800000000001 1 1
73.039 1 1
81.936 1 1
91.236 1 -1
96.736 1 -1
101.836 1 1
107.02799999999999 1 1
114.63600000000001 1 -1
123.631 1 1
129.732 1 1
137.134 1 1
142.737 1 1
149.637 1 1
156.62 1 1
165.02100000000002 1 1
172.923 1 1
180.324 1 1
190.226 1 1
196.92700000000002 1 1
202.028 1 1
208.52900000000002 1 1
215.43099999999998 1 1
221.63099999999997 1 1
230.533 1 1
236.03400000000002 1 1
241.235 1 -1
248.638 1 1
254.722 1 1
263.822 1 1
272.92400000000004 1 1
278.325 1 -1
286.526 1 -1
293.127 1 1
302.829 1 1
311.631 1 1
317.232 1 1
323.433 1 1
331.034 1 1
336.935 1 1
349.923 1 1
355.423 1 1
363.023 1 1
369.224 1 1
375.025 1 1
380.026 1 1
386.12699999999995 1 1
391.62800000000004 1 1
396.629 1 -1
402.23 1 1
411.83099999999996 1 1
417.533 1 1
423.23400000000004 1 1
429.035 1 1
437.13599999999997 1 -1
442.524 1 1
