5.547 1 1
11.529 1 1
18.029 1 1
26.929000000000002 1 1
34.929 1 1
44.23 1 1
50.03 1 1
55.231 1 1
63.431999999999995 1 -1
68.933 1 1
77.335 1 1
84.736 1 1
92.53 1 -1
99.43 1 1
104.83 1 1
110.33 1 1
115.931 1 -1
125.031 1 1
131.231 1 1
140.131 1 1
147.131 1 1
152.132 1 1
157.93200000000002 1 1
165.834 1 1
171.935 1 1
177.636 1 1
184.232 1 1
189.438 1 1
198.43900000000002 1 1
206.032 1 1
215.93200000000002 1 1
222.032 1 1
227.63299999999998 1 1
232.632 1 1
237.833 1 1
244.033 1 1
253.733 1 1
260.33299999999997 1 1
269.435 1 1
274.837 1 1
283.633 1 -1
289.334 1 1
296.233 1 1
302.934 1 1
310.334 1 1
318.434 1 1
324.334 1 -1
331.934 1 1
337.634 1 1
342.73400000000004 1 1
348.23400000000004 1 1
356.034 1 1
362.135 1 1
367.63599999999997 1 1
372.73699999999997 1 1
380.335 1 -1
389.235 1 1
396.935 1 1
403.135 1 1
408.735 1 1
416.135 1 1
425.436 1 1
432.935 1 1
442.536 1 -1
