5.525 1 1
11.026 1 1
17.127000000000002 1 1
22.828000000000003 1 1
28.929000000000002 1 1
34.33 1 1
43.431000000000004 1 1
52.333 1 1
62.034 1 -1
69.624 1 -1
75.824 1 -1
83.525 1 -1
89.025 1 -1
95.225 1 -1
100.425 1 -1
106.226 1 -1
115.12700000000001 1 1
120.32799999999999 1 -1
125.729 1 1
130.73 1 1
140.632 1 -1
145.832 1 1
153.834 1 1
162.026 1 -1
167.726 1 1
176.62599999999998 1 1
183.52599999999998 1 -1
190.926 1 1
197.62599999999998 1 1
205.426 1 1
211.227 1 1
216.828 1 1
222.429 1 1
228.53099999999998 1 1
234.532 1 1
242.13299999999998 1 -1
247.63400000000001 1 -1
255.135 1 1
261.72700000000003 1 1
269.327 1 1
277.22700000000003 1 1
285.327 1 1
290.427 1 -1
295.528 1 -1
301.428 1 1
308.028 1 -1
316.829 1 1
324.631 1 -1
333.032 1 -1
342.334 1 -1
349.735 1 1
357.12800000000004 1 1
363.329 1 1
372.42900000000003 1 1
377.92900000000003 1 1
387.22900000000004 1 1
392.829 1 -1
401.829 1 1
407.529 1 -1
414.03 1 -1
423.631 1 1
430.533 1 1
435.533 1 1
442.535 1 1
