5.551 1 -1
11.134 1 -1
17.036 1 1
23.131 1 -1
30.131 1 -1
37.830999999999996 1 -1
46.231 1 1
53.632 1 1
63.532 1 1
68.931 1 1
75.432 1 -1
81.632 1 1
90.53200000000001 1 1
96.132 1 1
101.934 1 1
107.435 1 1
112.535 1 -1
121.333 1 -1
130.333 1 -1
138.13299999999998 1 -1
146.233 1 1
152.433 1 -1
157.933 1 1
167.233 1 -1
176.533 1 1
185.63299999999998 1 1
194.733 1 1
199.734 1 1
204.935 1 1
210.03599999999997 1 1
216.63400000000001 1 -1
222.334 1 1
232.03400000000002 1 -1
237.03400000000002 1 1
243.93400000000003 1 -1
250.834 1 1
256.33500000000004 1 -1
265.23400000000004 1 1
272.835 1 1
279.035 1 1
286.535 1 1
292.235 1 1
299.835 1 -1
305.63599999999997 1 1
313.038 1 1
330.439 1 -1
338.435 1 1
344.13599999999997 1 1
350.236 1 1
355.736 1 1
363.63599999999997 1 -1
369.036 1 1
375.63599999999997 1 1
380.833 1 -1
388.436 1 1
395.13599999999997 1 1
401.13699999999994 1 1
416.12300000000005 1 1
423.524 1 -1
428.724 1 1
436.926 1 -1
442.527 1 1
