5.532 1 1
10.632 1 -1
16.133 1 -1
23.134 1 1
28.328000000000003 1 1
34.428000000000004 1 1
41.928000000000004 1 1
49.328 1 -1
58.628 1 -1
63.628 1 1
82.029 1 1
94.13 1 -1
101.73200000000001 1 1
110.833 1 1
116.334 1 1
121.735 1 -1
129.829 1 1
138.22899999999998 1 -1
144.73 1 1
152.43 1 1
160.03 1 -1
169.73 1 1
175.93 1 1
181.63 1 1
187.73 1 -1
193.53099999999998 1 -1
202.63299999999998 1 1
209.234 1 -1
214.835 1 1
220.731 1 1
228.731 1 1
234.53099999999998 1 1
243.53099999999998 1 -1
251.331 1 1
257.03099999999995 1 1
263.731 1 1
270.632 1 1
278.431 1 -1
285.832 1 1
292.732 1 1
300.633 1 1
308.034 1 1
314.232 1 -1
322.432 1 1
327.432 1 -1
336.333 1 -1
341.832 1 1
351.13300000000004 1 -1
356.233 1 -1
365.13300000000004 1 -1
370.733 1 1
379.63300000000004 1 1
385.63300000000004 1 -1
395.533 1 1
401.73400000000004 1 -1
409.336 1 -1
415.43699999999995 1 -1
420.634 1 1
426.034 1 1
431.73400000000004 1 1
436.934 1 1
442.534 1 1
