5.548 1 -1
13.231 1 -1
21.633 1 -1
31.334 1 -1
37.936 1 -1
43.831 1 -1
53.431000000000004 1 -1
59.031000000000006 1 -1
65.231 1 1
72.831 1 -1
78.831 1 -1
86.331 1 -1
94.132 1 -1
103.23200000000001 1 1
108.432 1 -1
113.53200000000001 1 -1
119.03299999999999 1 -1
124.53399999999999 1 -1
132.136 1 1
137.833 1 -1
143.332 1 1
150.732 1 1
156.833 1 -1
162.533 1 -1
170.333 1 -1
176.833 1 -1
182.533 1 -1
187.733 1 -1
195.833 1 -1
200.833 1 -1
208.733 1 1
217.834 1 -1
224.535 1 -1
231.93599999999998 1 1
237.734 1 -1
246.63400000000001 1 -1
254.63400000000001 1 -1
259.834 1 -1
269.134 1 -1
274.534 1 -1
281.934 1 -1
291.23400000000004 1 -1
297.436 1 -1
306.436 1 -1
311.935 1 -1
318.935 1 -1
324.736 1 -1
330.337 1 -1
339.235 1 -1
348.135 1 1
355.735 1 -1
362.63599999999997 1 -1
372.536 1 -1
378.63599999999997 1 1
385.536 1 -1
390.536 1 -1
399.333 1 -1
404.436 1 -1
410.536 1 -1
417.13599999999997 1 -1
425.32 1 -1
430.921 1 -1
436.32199999999995 1 -1
442.523 1 -1
