5.5489999999999995 1 1
13.731 1 -1
18.732 1 1
26.834 1 1
35.735 1 1
44.132 1 1
49.332 1 -1
56.931999999999995 1 -1
66.032 1 -1
73.433 1 -1
82.733 1 1
88.23200000000001 1 -1
96.133 1 -1
103.73299999999999 1 1
113.43700000000001 1 -1
119.133 1 1
126.634 1 1
132.836 1 1
139.733 1 1
148.533 1 1
153.734 1 1
162.634 1 1
168.334 1 -1
173.734 1 -1
179.834 1 -1
187.234 1 -1
192.834 1 1
199.334 1 1
207.13400000000001 1 -1
216.234 1 -1
221.835 1 1
226.93599999999998 1 -1
232.637 1 1
241.535 1 1
249.235 1 -1
256.135 1 -1
261.635 1 1
267.835 1 -1
272.935 1 -1
279.935 1 -1
286.63599999999997 1 -1
295.63599999999997 1 -1
302.236 1 1
309.63599999999997 1 1
315.13599999999997 1 1
320.63599999999997 1 1
328.637 1 1
334.02099999999996 1 1
340.12199999999996 1 -1
345.923 1 -1
350.92400000000004 1 -1
356.525 1 -1
362.426 1 -1
368.227 1 1
375.829 1 -1
381.829 1 -1
387.93 1 1
397.832 1 1
404.43300000000005 1 -1
410.635 1 1
420.221 1 1
428.02099999999996 1 1
437.32199999999995 1 -1
442.524 1 1
