5.544 1 1
10.926 1 -1
17.926 1 1
27.026999999999997 1 -1
33.727 1 -1
41.126999999999995 1 -1
46.327 1 1
51.827 1 -1
60.729 1 1
67.23 1 1
73.331 1 1
78.532 1 -1
84.03299999999999 1 1
89.53399999999999 1 -1
95.735 1 -1
104.12799999999999 1 -1
112.228 1 1
117.928 1 1
127.228 1 -1
133.828 1 1
140.72899999999998 1 1
147.628 1 1
153.629 1 1
158.72899999999998 1 1
164.63 1 -1
170.13099999999997 1 1
175.132 1 1
182.63400000000001 1 -1
190.835 1 -1
200.12900000000002 1 1
207.729 1 -1
213.52900000000002 1 1
221.43 1 -1
226.63 1 1
232.23 1 -1
241.03 1 1
246.43 1 -1
255.43 1 -1
261.031 1 1
269.032 1 -1
275.233 1 1
281.034 1 -1
288.635 1 1
293.731 1 -1
299.431 1 -1
305.531 1 1
310.531 1 1
316.231 1 1
322.33099999999996 1 1
331.431 1 -1
338.031 1 1
346.931 1 1
353.13199999999995 1 1
358.73199999999997 1 -1
366.533 1 1
375.436 1 1
385.036 1 1
392.63199999999995 1 -1
400.032 1 -1
409.93199999999996 1 -1
417.332 1 -1
425.13199999999995 1 1
434.833 1 -1
442.533 1 1
