5.544 1 1
13.728 1 1
19.929000000000002 1 1
24.93 1 1
30.430999999999997 1 1
35.431999999999995 1 1
41.533 1 -1
48.13399999999999 1 1
53.635 1 -1
62.724 1 -1
68.42399999999999 1 1
75.024 1 1
82.92399999999999 1 -1
88.625 1 1
95.52600000000001 1 -1
101.027 1 -1
107.52799999999999 1 1
115.62899999999999 1 1
124.531 1 1
132.132 1 -1
137.933 1 -1
143.334 1 1
152.625 1 -1
158.025 1 -1
163.925 1 -1
171.325 1 -1
178.025 1 -1
186.025 1 1
194.926 1 -1
202.72799999999998 1 -1
208.829 1 1
214.83 1 1
220.331 1 1
229.13299999999998 1 -1
234.333 1 1
243.435 1 1
251.02599999999998 1 -1
260.027 1 -1
265.627 1 -1
271.327 1 -1
276.527 1 1
283.427 1 -1
292.327 1 -1
302.22900000000004 1 1
311.83 1 -1
319.232 1 -1
324.33299999999997 1 1
330.134 1 -1
337.835 1 -1
344.028 1 -1
349.228 1 -1
356.62800000000004 1 1
364.228 1 1
371.728 1 1
381.028 1 1
388.82800000000003 1 -1
395.028 1 1
402.029 1 1
407.631 1 1
413.73199999999997 1 1
422.13300000000004 1 1
427.73400000000004 1 -1
432.835 1 -1
442.537 1 -1
