5.5489999999999995 1 -1
11.132 1 1
20.034000000000002 1 1
26.135 1 -1
31.336 1 1
39.525 1 1
45.025 1 1
50.125 1 -1
58.525 1 1
63.525 1 1
69.126 1 1
76.92699999999999 1 1
84.428 1 -1
91.33 1 1
97.031 1 1
103.23200000000001 1 1
108.73299999999999 1 -1
114.834 1 -1
119.835 1 1
125.63600000000001 1 1
133.626 1 -1
139.52700000000002 1 1
145.326 1 1
150.727 1 -1
158.52700000000002 1 1
168.42700000000002 1 1
175.828 1 1
182.52900000000002 1 -1
192.231 1 -1
201.232 1 -1
207.833 1 1
217.135 1 1
224.72799999999998 1 1
233.828 1 -1
242.72799999999998 1 1
252.328 1 1
259.328 1 -1
268.128 1 -1
277.22900000000004 1 1
282.73 1 1
288.231 1 -1
293.832 1 -1
301.433 1 -1
307.934 1 -1
314.035 1 1
319.22900000000004 1 1
328.129 1 1
334.129 1 -1
341.83 1 -1
347.029 1 1
352.73 1 1
358.93 1 1
372.13 1 -1
378.33 1 1
385.93199999999996 1 -1
391.63199999999995 1 -1
398.534 1 -1
405.935 1 1
413.83099999999996 1 1
423.131 1 1
430.531 1 1
442.531 1 1
