5.581 1 -1
11.231 1 -1
17.432000000000002 1 1
22.633000000000003 1 -1
27.734 1 1
35.835 1 1
41.329 1 1
50.428999999999995 1 -1
57.028999999999996 1 -1
62.82899999999999 1 1
68.429 1 1
74.62899999999999 1 1
82.329 1 -1
89.229 1 -1
94.43 1 -1
100.13 1 -1
106.331 1 -1
115.23299999999999 1 -1
121.234 1 -1
128.83499999999998 1 -1
134.93 1 1
141.03 1 -1
147.53 1 -1
152.93 1 -1
158.13 1 -1
165.731 1 -1
171.13099999999997 1 -1
176.231 1 1
181.731 1 -1
187.231 1 1
192.231 1 1
199.231 1 -1
208.533 1 -1
214.033 1 -1
222.835 1 -1
229.532 1 -1
237.032 1 1
244.93200000000002 1 -1
254.532 1 -1
263.832 1 -1
272.732 1 -1
278.532 1 -1
288.232 1 -1
295.832 1 -1
303.233 1 -1
313.134 1 -1
319.035 1 -1
326.83299999999997 1 -1
335.733 1 1
342.63300000000004 1 -1
349.233 1 1
357.233 1 -1
366.334 1 -1
374.534 1 -1
380.134 1 -1
385.134 1 -1
390.73400000000004 1 -1
399.73400000000004 1 -1
407.134 1 -1
415.536 1 -1
421.23699999999997 1 -1
429.034 1 -1
436.43699999999995 1 -1
442.535 1 -1
