5.545 1 1
11.033999999999999 1 1
17.134999999999998 1 1
22.836 1 1
28.928 1 1
34.328 1 1
43.43 1 1
52.328 1 1
62.028 1 -1
69.628 1 1
75.829 1 -1
83.53 1 1
89.031 1 1
95.23200000000001 1 1
100.434 1 -1
106.234 1 1
115.13600000000001 1 1
120.329 1 -1
125.729 1 1
130.72899999999998 1 1
140.629 1 1
145.829 1 1
153.829 1 1
162.03 1 -1
167.73 1 1
176.63 1 1
183.53099999999998 1 -1
190.93200000000002 1 1
197.63299999999998 1 1
205.435 1 1
211.236 1 1
216.83 1 1
222.43099999999998 1 1
228.53099999999998 1 1
234.53099999999998 1 1
242.13099999999997 1 -1
247.63099999999997 1 -1
255.13099999999997 1 1
261.731 1 1
269.33099999999996 1 1
277.231 1 1
285.332 1 1
290.433 1 -1
295.534 1 1
301.435 1 1
308.032 1 1
316.832 1 1
324.632 1 -1
333.032 1 -1
342.333 1 1
349.733 1 1
357.13300000000004 1 1
363.333 1 1
372.43300000000005 1 1
377.93300000000005 1 1
387.233 1 1
392.834 1 1
401.836 1 1
407.533 1 -1
414.033 1 -1
423.634 1 1
430.534 1 1
435.534 1 1
442.534 1 1
