5.548 1 1
14.833 1 -1
20.333 1 1
27.935 1 1
33.038 1 -1
40.922 1 1
49.321999999999996 1 -1
56.724 1 -1
62.424 1 1
67.425 1 1
73.32600000000001 1 -1
82.328 1 -1
87.82799999999999 1 1
96.73 1 1
101.831 1 1
109.633 1 -1
115.234 1 -1
120.935 1 -1
127.836 1 1
135.523 1 1
142.523 1 -1
149.124 1 -1
154.524 1 1
162.125 1 1
172.02700000000002 1 1
179.528 1 1
185.329 1 -1
191.43 1 1
200.532 1 -1
205.733 1 1
211.234 1 1
218.135 1 -1
227.425 1 1
232.425 1 -1
238.625 1 1
244.725 1 1
249.925 1 1
256.425 1 1
263.126 1 1
268.327 1 -1
277.22900000000004 1 -1
286.83 1 -1
292.431 1 -1
298.032 1 -1
305.834 1 -1
313.235 1 1
319.236 1 1
325.427 1 1
333.626 1 1
342.726 1 -1
348.426 1 -1
353.827 1 1
359.62699999999995 1 1
366.228 1 -1
372.431 1 1
379.83 1 -1
385.33099999999996 1 1
392.93199999999996 1 -1
401.834 1 -1
407.935 1 -1
417.62699999999995 1 1
425.62800000000004 1 -1
434.42800000000005 1 1
442.528 1 -1
