5.551 1 1
13.533 1 1
19.133 1 -1
28.433000000000003 1 -1
34.134 1 1
43.035 1 1
50.633 1 -1
57.534 1 1
64.03399999999999 1 1
69.734 1 -1
78.53399999999999 1 1
84.134 1 1
89.634 1 1
97.434 1 1
103.03399999999999 1 -1
108.035 1 1
117.134 1 1
124.53399999999999 1 1
129.634 1 1
138.535 1 -1
145.937 1 -1
152.53799999999998 1 1
157.935 1 1
166.035 1 -1
173.635 1 -1
182.53599999999997 1 -1
189.435 1 -1
195.136 1 1
201.236 1 -1
206.43599999999998 1 1
214.83599999999998 1 1
220.33599999999998 1 -1
226.33599999999998 1 -1
235.33599999999998 1 -1
241.52 1 -1
249.422 1 1
258.52299999999997 1 1
265.224 1 1
270.725 1 1
276.82599999999996 1 -1
282.22700000000003 1 1
290.42900000000003 1 -1
295.93 1 1
301.131 1 -1
306.131 1 1
315.83299999999997 1 1
321.634 1 1
327.53700000000003 1 1
335.221 1 1
342.82099999999997 1 -1
348.923 1 1
354.023 1 1
359.824 1 -1
366.426 1 1
371.626 1 -1
381.228 1 -1
387.42900000000003 1 1
396.731 1 1
404.13199999999995 1 1
411.63300000000004 1 -1
419.436 1 -1
425.63599999999997 1 1
435.523 1 1
442.523 1 1
