5.54 1 -1
14.834000000000001 1 -1
22.236 1 1
27.822 1 1
36.922 1 1
43.623000000000005 1 1
49.323 1 1
55.525 1 -1
63.126000000000005 1 1
71.227 1 1
78.729 1 1
85.73 1 -1
93.531 1 1
99.53299999999999 1 1
105.334 1 1
110.334 1 1
119.13600000000001 1 1
127.323 1 1
136.224 1 -1
141.72299999999998 1 1
149.32399999999998 1 1
159.227 1 -1
164.627 1 -1
171.52900000000002 1 -1
177.73 1 -1
183.433 1 1
189.332 1 1
194.533 1 1
200.63400000000001 1 1
208.635 1 -1
214.736 1 1
222.425 1 1
228.025 1 -1
234.625 1 -1
240.725 1 -1
249.825 1 -1
254.92700000000002 1 1
261.528 1 1
266.529 1 1
272.03 1 1
278.531 1 1
285.434 1 1
290.933 1 -1
299.835 1 -1
309.13599999999997 1 -1
318.026 1 -1
323.226 1 -1
332.926 1 -1
340.327 1 -1
345.526 1 1
353.12699999999995 1 -1
362.129 1 1
367.93 1 1
373.031 1 1
378.531 1 -1
388.13300000000004 1 -1
396.034 1 -1
401.43800000000005 1 -1
407.028 1 1
412.728 1 -1
420.12800000000004 1 -1
427.92800000000005 1 1
434.12800000000004 1 -1
442.528 1 1
