5.55 1 1
13.232000000000001 1 -1
21.633 1 1
31.335 1 1
37.931999999999995 1 1
43.832 1 1
53.43899999999999 1 -1
59.033 1 1
65.233 1 1
72.833 1 1
78.833 1 -1
86.333 1 1
94.133 1 -1
103.23299999999999 1 1
108.43299999999999 1 1
113.53399999999999 1 -1
119.03399999999999 1 -1
124.535 1 -1
132.136 1 1
137.83700000000002 1 1
143.334 1 1
150.734 1 1
156.834 1 1
162.534 1 -1
170.334 1 -1
176.834 1 1
182.535 1 -1
195.835 1 1
200.835 1 1
208.735 1 1
217.835 1 1
224.53599999999997 1 1
231.937 1 1
237.738 1 1
246.635 1 1
254.636 1 1
259.836 1 1
269.13599999999997 1 1
274.536 1 -1
281.92900000000003 1 -1
291.231 1 1
297.433 1 1
306.434 1 -1
311.937 1 1
318.936 1 1
324.72 1 1
330.32099999999997 1 1
339.222 1 1
348.124 1 1
355.726 1 1
362.62699999999995 1 -1
372.528 1 -1
378.629 1 1
385.531 1 -1
390.531 1 -1
399.333 1 -1
404.434 1 1
410.535 1 -1
417.121 1 -1
425.32099999999997 1 -1
430.92199999999997 1 1
436.32300000000004 1 -1
442.524 1 1
