5.543 1 1
13.427 1 -1
19.628 1 -1
28.029 1 1
34.93 1 -1
43.832 1 -1
52.934 1 -1
62.235 1 -1
69.926 1 1
75.426 1 -1
83.227 1 -1
88.427 1 -1
95.82700000000001 1 -1
100.82700000000001 1 -1
109.62700000000001 1 -1
115.12799999999999 1 -1
125.03 1 1
131.731 1 -1
139.532 1 -1
148.434 1 1
153.535 1 1
161.536 1 1
168.028 1 1
175.628 1 1
180.628 1 1
186.828 1 1
192.429 1 1
198.528 1 -1
206.128 1 1
211.328 1 -1
217.929 1 -1
225.331 1 -1
232.93200000000002 1 -1
238.733 1 -1
244.13400000000001 1 1
249.635 1 -1
255.83599999999998 1 -1
262.72900000000004 1 -1
268.629 1 1
274.72900000000004 1 -1
279.829 1 -1
287.33 1 -1
296.63 1 -1
304.73 1 1
310.431 1 -1
315.83 1 1
324.031 1 1
329.532 1 -1
335.534 1 -1
351.23 1 -1
358.631 1 1
364.33099999999996 1 -1
373.33099999999996 1 -1
385.531 1 1
391.131 1 -1
396.731 1 -1
409.131 1 1
418.83099999999996 1 -1
424.532 1 -1
442.535 1 -1
