5.547 1 -1
11.629 1 -1
19.329 1 -1
27.329 1 -1
34.729 1 -1
40.529 1 1
45.629 1 1
51.33 1 -1
56.93 1 -1
66.63 1 -1
72.73100000000001 1 -1
79.632 1 -1
85.03299999999999 1 -1
93.435 1 -1
98.436 1 1
104.63 1 -1
112.73 1 -1
117.931 1 -1
125.73100000000001 1 -1
134.631 1 -1
139.83100000000002 1 -1
144.83100000000002 1 -1
153.83100000000002 1 -1
159.33100000000002 1 -1
166.331 1 -1
172.832 1 1
178.333 1 -1
185.234 1 -1
191.935 1 -1
201.232 1 -1
208.832 1 -1
214.632 1 -1
224.232 1 -1
233.332 1 1
239.032 1 -1
246.632 1 -1
252.132 1 -1
258.732 1 -1
264.733 1 -1
271.33299999999997 1 -1
277.434 1 -1
284.935 1 -1
291.13599999999997 1 -1
300.033 1 -1
305.933 1 -1
313.533 1 -1
323.434 1 -1
328.834 1 -1
336.73400000000004 1 -1
345.534 1 -1
352.934 1 -1
361.834 1 -1
366.934 1 -1
376.23400000000004 1 -1
381.435 1 -1
386.936 1 -1
392.538 1 -1
400.735 1 -1
406.435 1 -1
413.835 1 1
421.635 1 -1
430.735 1 1
436.935 1 -1
442.535 1 -1
