5.531000000000001 1 1
11.131 1 -1
20.831 1 -1
30.430999999999997 1 -1
39.532 1 -1
44.733000000000004 1 -1
52.233999999999995 1 1
59.232 1 1
65.43199999999999 1 1
72.032 1 -1
77.432 1 1
85.432 1 1
91.432 1 -1
96.632 1 -1
105.632 1 1
112.33200000000001 1 1
118.83200000000001 1 1
123.833 1 -1
133.13299999999998 1 -1
138.733 1 1
144.434 1 -1
152.135 1 -1
157.636 1 1
163.333 1 -1
171.13299999999998 1 1
177.233 1 -1
184.833 1 1
192.933 1 1
201.734 1 1
207.63400000000001 1 1
216.53400000000002 1 1
222.734 1 -1
228.234 1 -1
236.43400000000003 1 1
244.03400000000002 1 1
253.93599999999998 1 1
261.337 1 -1
266.435 1 1
271.935 1 1
277.135 1 1
282.235 1 -1
291.335 1 -1
298.735 1 1
306.535 1 1
312.329 1 1
317.83 1 -1
322.83099999999996 1 -1
329.736 1 -1
338.63599999999997 1 1
347.019 1 -1
353.62 1 -1
361.02099999999996 1 -1
367.12300000000005 1 -1
373.324 1 1
379.425 1 1
388.32599999999996 1 -1
396.228 1 1
402.029 1 -1
407.73 1 -1
413.33099999999996 1 1
422.63199999999995 1 -1
429.537 1 1
434.934 1 -1
442.537 1 -1
