5.5280000000000005 1 1
12.427 1 -1
17.927 1 1
22.928 1 -1
32.629999999999995 1 1
40.131 1 1
46.032 1 1
53.633 1 1
61.835 1 1
68.428 1 1
75.128 1 1
80.128 1 -1
85.62799999999999 1 1
91.32799999999999 1 -1
96.82799999999999 1 1
102.02799999999999 1 -1
107.12799999999999 1 -1
115.228 1 -1
122.829 1 1
128.93 1 -1
136.33100000000002 1 1
144.032 1 1
153.934 1 1
161.72899999999998 1 1
167.329 1 1
176.229 1 -1
181.929 1 1
187.52900000000002 1 -1
194.52900000000002 1 1
203.43 1 -1
212.23 1 -1
220.63 1 1
226.73 1 -1
234.132 1 -1
240.333 1 -1
245.734 1 1
254.635 1 1
259.83099999999996 1 -1
267.731 1 1
272.931 1 -1
278.031 1 -1
285.83099999999996 1 -1
293.231 1 1
300.83099999999996 1 1
308.83099999999996 1 -1
318.431 1 1
324.431 1 1
333.733 1 -1
343.034 1 -1
348.735 1 -1
355.63199999999995 1 -1
361.832 1 1
368.332 1 -1
374.532 1 -1
380.13199999999995 1 -1
386.73199999999997 1 1
392.833 1 1
401.833 1 -1
407.63300000000004 1 1
416.733 1 1
422.533 1 1
427.93300000000005 1 -1
433.43300000000005 1 -1
442.535 1 -1
