5.548 1 1
11.631 1 1
19.833 1 1
24.934 1 1
31.535 1 1
37.236 1 1
43.925 1 -1
49.426 1 -1
55.226000000000006 1 1
61.226000000000006 1 1
70.32600000000001 1 1
76.02600000000001 1 -1
83.027 1 -1
88.728 1 1
97.63 1 -1
106.531 1 1
115.53299999999999 1 -1
122.134 1 -1
129.835 1 -1
136.727 1 1
142.327 1 -1
148.42700000000002 1 1
155.327 1 1
164.92700000000002 1 -1
172.327 1 1
179.72799999999998 1 -1
189.02900000000002 1 1
196.83 1 1
204.232 1 -1
212.033 1 -1
217.234 1 -1
222.235 1 -1
227.328 1 -1
233.128 1 -1
238.328 1 -1
248.22799999999998 1 -1
257.92900000000003 1 -1
266.829 1 -1
274.42900000000003 1 1
280.92900000000003 1 1
288.93 1 -1
295.131 1 -1
300.532 1 1
306.733 1 -1
315.535 1 1
323.431 1 1
332.53 1 -1
337.53 1 1
345.63 1 -1
351.13 1 -1
358.63 1 1
366.23 1 1
372.13 1 1
377.73 1 1
383.93 1 1
389.531 1 1
395.032 1 -1
403.436 1 -1
412.735 1 1
420.33099999999996 1 -1
425.731 1 -1
430.931 1 1
436.43199999999996 1 1
442.531 1 1
