5.548 1 1
11.731 1 1
18.233 1 1
26.034000000000002 1 -1
31.835 1 1
40.723 1 1
48.523 1 1
56.023 1 1
61.123999999999995 1 -1
66.725 1 1
73.32600000000001 1 1
78.527 1 -1
87.82799999999999 1 -1
96.73 1 1
102.431 1 1
111.23299999999999 1 -1
116.73299999999999 1 -1
124.135 1 -1
129.836 1 1
135.32399999999998 1 -1
141.024 1 1
147.724 1 1
156.82399999999998 1 -1
166.428 1 1
174.327 1 -1
180.928 1 1
185.929 1 -1
193.53 1 -1
199.63099999999997 1 1
204.732 1 1
210.933 1 -1
220.835 1 1
228.826 1 1
234.726 1 1
242.826 1 -1
248.02599999999998 1 1
253.52599999999998 1 -1
258.526 1 1
263.726 1 1
271.127 1 -1
279.329 1 1
284.83 1 1
293.231 1 1
302.533 1 -1
309.534 1 -1
317.135 1 1
324.027 1 1
329.62699999999995 1 -1
335.727 1 -1
345.42699999999996 1 -1
354.527 1 1
360.62800000000004 1 1
366.82800000000003 1 1
374.22900000000004 1 -1
379.83 1 -1
386.731 1 -1
395.63300000000004 1 1
401.435 1 -1
409.135 1 1
414.536 1 -1
422.129 1 -1
431.129 1 -1
437.129 1 -1
442.529 1 1
