5.55 1 1
11.533 1 1
18.035 1 1
26.929000000000002 1 1
34.93 1 -1
44.23 1 -1
50.03 1 1
55.23 1 1
63.43 1 -1
68.93 1 1
77.33 1 -1
84.73 1 -1
92.531 1 -1
99.43299999999999 1 1
104.833 1 1
110.334 1 1
115.935 1 -1
125.031 1 -1
131.231 1 -1
140.131 1 -1
147.131 1 -1
152.131 1 -1
157.93200000000002 1 1
165.832 1 1
171.93200000000002 1 1
177.632 1 1
184.232 1 -1
189.43200000000002 1 1
198.435 1 -1
206.035 1 -1
215.93200000000002 1 1
222.032 1 1
227.63299999999998 1 1
232.63299999999998 1 -1
237.833 1 1
244.033 1 1
253.733 1 -1
260.33299999999997 1 -1
269.433 1 1
274.83299999999997 1 1
283.633 1 -1
289.33299999999997 1 -1
296.23400000000004 1 -1
302.935 1 1
310.336 1 1
318.435 1 1
324.334 1 -1
331.934 1 -1
337.634 1 -1
342.73400000000004 1 1
348.23400000000004 1 -1
356.035 1 1
362.135 1 1
367.635 1 1
372.735 1 1
380.335 1 -1
389.235 1 1
396.935 1 1
403.13599999999997 1 1
408.73699999999997 1 -1
416.13800000000003 1 1
425.435 1 -1
432.936 1 1
442.536 1 -1
