5.546 1 -1
14.829 1 -1
20.329 1 1
27.929000000000002 1 1
33.028999999999996 1 -1
40.929 1 1
49.32899999999999 1 -1
56.729 1 -1
62.43 1 1
67.43 1 1
73.33 1 -1
82.332 1 -1
87.833 1 -1
96.734 1 -1
101.835 1 -1
109.63 1 -1
115.23 1 -1
120.93 1 -1
127.831 1 1
135.531 1 1
142.531 1 -1
149.131 1 -1
154.531 1 -1
162.131 1 1
172.03099999999998 1 -1
179.532 1 -1
185.333 1 -1
191.43400000000003 1 -1
200.53599999999997 1 -1
205.732 1 1
211.232 1 1
218.132 1 -1
227.43200000000002 1 1
232.43200000000002 1 -1
238.632 1 1
244.732 1 1
249.93200000000002 1 1
256.432 1 1
263.132 1 1
268.33299999999997 1 -1
277.233 1 -1
286.834 1 -1
292.435 1 -1
298.033 1 -1
305.83299999999997 1 -1
313.233 1 1
319.233 1 -1
325.435 1 -1
333.634 1 1
342.73400000000004 1 -1
348.435 1 -1
353.834 1 -1
359.634 1 1
366.23400000000004 1 -1
372.434 1 -1
379.834 1 -1
385.335 1 1
392.936 1 -1
401.835 1 -1
407.935 1 -1
417.635 1 1
425.635 1 -1
434.435 1 1
442.535 1 -1
