5.55 1 1
11.734 1 1
18.234 1 1
25.136 1 1
33.925 1 1
39.425 1 1
47.025 1 1
56.025 1 1
63.426 1 -1
69.127 1 1
74.128 1 1
83.429 1 -1
88.63 1 1
96.331 1 -1
102.33200000000001 1 1
109.234 1 1
114.235 1 -1
123.126 1 -1
129.726 1 1
135.226 1 1
141.42600000000002 1 1
147.326 1 1
152.826 1 -1
158.626 1 -1
167.52700000000002 1 1
173.628 1 1
182.03 1 1
189.03099999999998 1 1
194.43200000000002 1 1
202.53400000000002 1 1
208.735 1 1
217.83599999999998 1 1
225.727 1 -1
235.628 1 1
243.828 1 1
253.528 1 1
258.928 1 -1
267.828 1 1
275.23 1 1
280.731 1 1
286.83099999999996 1 1
292.933 1 1
298.034 1 1
303.735 1 1
311.13599999999997 1 1
316.72900000000004 1 1
324.329 1 1
330.029 1 1
337.529 1 1
342.72900000000004 1 1
350.329 1 1
358.329 1 -1
366.13 1 1
372.83 1 1
377.931 1 1
383.73199999999997 1 1
390.333 1 1
398.135 1 -1
407.436 1 1
413.03 1 1
418.23 1 -1
423.83 1 1
433.431 1 1
442.531 1 -1
