5.534 1 1
13.234000000000002 1 -1
21.636 1 -1
31.333000000000002 1 1
37.933 1 1
43.833 1 -1
53.434 1 -1
59.034 1 -1
65.234 1 1
72.834 1 -1
78.834 1 -1
86.334 1 -1
94.134 1 -1
103.234 1 1
108.43700000000001 1 1
113.535 1 -1
119.036 1 -1
124.537 1 -1
132.135 1 1
137.835 1 -1
143.335 1 1
150.735 1 1
156.835 1 -1
162.535 1 -1
170.335 1 -1
176.835 1 1
182.53599999999997 1 -1
187.736 1 -1
195.83599999999998 1 -1
200.83599999999998 1 -1
208.736 1 1
217.83700000000002 1 -1
224.53799999999998 1 -1
231.923 1 1
237.72400000000002 1 -1
246.625 1 -1
254.627 1 1
259.827 1 1
269.129 1 -1
274.53 1 -1
281.931 1 -1
291.233 1 -1
297.434 1 -1
306.439 1 -1
311.921 1 1
318.921 1 -1
324.722 1 -1
330.32300000000004 1 -1
339.225 1 -1
348.126 1 1
355.728 1 1
362.629 1 -1
372.531 1 -1
378.63199999999995 1 1
385.533 1 -1
390.534 1 -1
399.335 1 -1
404.42199999999997 1 1
410.522 1 -1
417.12199999999996 1 -1
425.32300000000004 1 -1
430.92400000000004 1 -1
436.325 1 -1
442.526 1 -1
