5.5280000000000005 1 -1
11.128 1 1
20.83 1 1
30.732 1 1
36.433 1 1
41.934 1 1
48.034 1 1
56.028 1 -1
61.928000000000004 1 -1
67.028 1 1
72.22800000000001 1 1
79.12899999999999 1 -1
86.729 1 -1
92.429 1 1
98.529 1 1
104.729 1 -1
112.329 1 -1
118.33 1 1
125.23200000000001 1 -1
130.832 1 1
138.734 1 -1
147.63 1 1
155.23 1 -1
160.83 1 1
165.83 1 1
174.03 1 1
179.23 1 -1
185.03 1 -1
194.33 1 -1
203.63 1 -1
211.331 1 -1
216.731 1 -1
221.732 1 -1
226.832 1 1
235.734 1 -1
242.435 1 -1
249.831 1 1
257.931 1 1
263.131 1 -1
271.931 1 1
280.931 1 1
287.931 1 -1
296.332 1 -1
302.532 1 -1
311.632 1 1
319.032 1 -1
326.83299999999997 1 -1
332.334 1 1
338.036 1 -1
344.13199999999995 1 -1
349.93300000000005 1 1
359.533 1 -1
366.13300000000004 1 1
371.63300000000004 1 1
377.13300000000004 1 -1
382.533 1 1
391.63300000000004 1 -1
397.833 1 -1
405.233 1 -1
413.033 1 -1
419.534 1 -1
427.034 1 -1
433.635 1 1
442.537 1 -1
