5.539 1 1
14.63 1 -1
19.831 1 -1
25.932 1 -1
33.633 1 1
41.835 1 1
50.922 1 -1
57.821999999999996 1 1
65.822 1 1
71.423 1 -1
77.324 1 1
84.02600000000001 1 -1
93.027 1 1
100.52799999999999 1 -1
107.43 1 1
115.831 1 -1
122.03200000000001 1 -1
129.63299999999998 1 -1
135.835 1 1
142.424 1 1
152.124 1 -1
159.924 1 -1
168.824 1 1
174.825 1 1
180.62599999999998 1 1
188.727 1 -1
194.328 1 -1
199.429 1 1
204.93 1 1
210.331 1 1
219.933 1 1
225.43400000000003 1 -1
231.135 1 1
238.725 1 -1
247.625 1 -1
254.225 1 1
263.526 1 -1
269.226 1 1
276.82599999999996 1 -1
281.827 1 1
289.628 1 -1
295.129 1 1
300.13 1 -1
305.231 1 -1
310.832 1 -1
320.73400000000004 1 -1
329.635 1 1
335.727 1 1
341.92699999999996 1 -1
348.92699999999996 1 -1
355.026 1 1
360.227 1 -1
365.42699999999996 1 -1
373.327 1 -1
379.827 1 1
387.22900000000004 1 -1
392.73 1 1
402.031 1 1
409.43300000000005 1 1
418.23400000000004 1 -1
424.035 1 -1
429.42800000000005 1 -1
436.82800000000003 1 -1
442.528 1 -1
