5.547 1 -1
11.13 1 1
20.032 1 1
26.133000000000003 1 -1
31.334 1 1
39.535 1 1
45.026 1 1
50.126999999999995 1 1
58.527 1 1
63.527 1 1
69.127 1 1
76.92699999999999 1 1
84.427 1 1
91.32799999999999 1 1
97.029 1 1
103.23 1 1
108.73100000000001 1 1
114.83200000000001 1 1
119.833 1 1
125.634 1 1
133.635 1 1
139.536 1 1
145.328 1 1
150.72799999999998 1 -1
158.528 1 1
168.428 1 1
175.828 1 1
182.528 1 1
192.229 1 -1
201.23 1 1
207.831 1 1
217.13299999999998 1 1
224.734 1 1
233.83599999999998 1 1
242.73 1 1
252.33 1 1
259.33 1 -1
268.13 1 -1
277.23 1 1
282.73 1 1
288.23 1 -1
293.83 1 -1
301.431 1 1
307.932 1 -1
314.033 1 1
319.23400000000004 1 1
328.13599999999997 1 1
334.131 1 -1
341.83099999999996 1 1
347.031 1 1
352.731 1 1
358.931 1 1
364.031 1 1
372.131 1 1
378.33099999999996 1 1
385.93199999999996 1 -1
391.63199999999995 1 1
398.532 1 -1
405.93300000000005 1 1
413.834 1 1
423.13599999999997 1 1
430.532 1 1
435.93199999999996 1 1
442.533 1 1
