5.548 1 1
11.231 1 1
19.439 1 1
26.134 1 -1
31.135 1 1
36.736 1 1
45.623000000000005 1 1
55.323 1 1
61.123000000000005 1 -1
67.22399999999999 1 1
72.425 1 1
78.626 1 1
86.428 1 1
92.029 1 1
100.13 1 1
105.631 1 1
111.83200000000001 1 1
119.634 1 1
127.335 1 -1
134.924 1 -1
142.32399999999998 1 -1
147.724 1 -1
157.024 1 -1
164.925 1 1
174.52700000000002 1 1
183.428 1 1
191.03 1 1
196.831 1 1
205.93200000000002 1 1
211.933 1 1
217.834 1 1
225.236 1 -1
230.925 1 -1
236.625 1 1
245.726 1 1
252.226 1 -1
258.427 1 1
265.026 1 -1
271.127 1 1
276.228 1 -1
285.22900000000004 1 -1
290.431 1 -1
295.83099999999996 1 -1
301.332 1 -1
306.83299999999997 1 1
315.735 1 1
322.736 1 1
329.62699999999995 1 -1
335.727 1 1
340.727 1 1
346.227 1 1
354.62699999999995 1 1
362.227 1 1
367.327 1 -1
372.528 1 -1
379.129 1 -1
386.53 1 -1
396.436 1 -1
405.73400000000004 1 1
412.635 1 -1
420.12800000000004 1 1
428.92800000000005 1 -1
434.528 1 1
442.528 1 1
