5.543 1 -1
11.227 1 -1
17.427999999999997 1 1
22.629 1 -1
27.73 1 -1
35.830999999999996 1 -1
41.332 1 1
50.434 1 -1
57.037 1 -1
62.82 1 1
68.42 1 -1
74.622 1 1
82.32300000000001 1 -1
89.22399999999999 1 -1
94.425 1 -1
100.126 1 -1
106.32700000000001 1 -1
115.229 1 -1
121.23 1 -1
128.83100000000002 1 -1
134.93200000000002 1 -1
141.033 1 -1
147.535 1 -1
152.935 1 -1
158.122 1 -1
165.722 1 -1
171.122 1 -1
176.22299999999998 1 1
181.72400000000002 1 -1
187.225 1 1
192.226 1 1
199.227 1 -1
208.52900000000002 1 -1
214.02900000000002 1 -1
222.831 1 -1
229.532 1 -1
237.03400000000002 1 1
244.935 1 -1
254.523 1 -1
263.824 1 -1
272.724 1 -1
278.524 1 -1
288.226 1 -1
295.827 1 -1
303.22900000000004 1 -1
313.13 1 1
319.031 1 -1
326.83299999999997 1 -1
335.73400000000004 1 1
342.63599999999997 1 -1
349.225 1 1
357.225 1 -1
366.325 1 1
374.525 1 -1
380.125 1 -1
385.126 1 1
390.727 1 -1
399.72900000000004 1 1
407.13 1 -1
415.532 1 -1
421.233 1 -1
429.034 1 -1
436.435 1 -1
442.527 1 -1
