4.042 4 -6.5
9.635 4 -2.5
29.235 4 -0.5
54.536 4 -5.5
60.43600000000001 4 -5.5
70.719 4 -1.5
77.62100000000002 4 4.5
85.22200000000002 4 4.5
103.225 4 0.5
110.82600000000001 4 -4.5
123.729 4 -7.5
137.231 4 -7.5
153.734 4 -5.5
172.521 4 1.5
177.72099999999998 4 -0.5
183.523 4 -4.5
192.824 4 -3.5
202.12599999999998 4 0.5
209.827 4 0.5
215.22799999999998 4 -3.5
220.229 4 -5.5
234.231 4 7.5
240.933 4 2.5
256.435 4 -3.5
261.622 4 -4.5
286.4240000000001 4 0.5
294.825 4 -0.5
301.027 4 2.5
317.529 4 -6.5
325.33099999999996 4 -3.5
336.533 4 -0.5
342.6330000000001 4 1.5
358.023 4 -2.5
375.624 4 -7.5
390.126 4 -7.5
396.327 4 -4.5
403.728 4 -7.5
411.529 4 0.5
418.03 4 -6.5
425.532 4 -3.5
441.034 4 -3.5
