287.01800000000003 2.21 0.0
292.616 2.2119999999999997 -0.4982169355087141
299.515 2.213 -0.998185488254504
305.389 2.94 -0.358740430611501
315.17 0.859 -0.8469444006343501
320.747 1.483 -1.0256137281605358
326.11899999999997 2.2119999999999997 -1.4084704522890983
334.01899999999995 2.113 -0.494260539225784
339.433 1.9010000000000002 -0.4591454375035859
4.577 3.471 0.0
12.867 3.263 -0.4982169355087141
17.659 3.572 -0.998185488254504
24.467 3.263 -0.358740430611501
29.854000000000003 3.676 -0.8469444006343501
36.864 3.3659999999999997 -1.0256137281605358
42.162 3.4690000000000003 -1.4084704522890983
50.958000000000006 3.573 -0.494260539225784
56.25300000000001 3.778 -0.4591454375035859
63.852000000000004 3.779 -0.494292218296978
71.56 3.471 -0.449576557817427
76.558 3.574 -0.9101377829062159
84.66599999999998 3.367 -1.303922533508804
93.56200000000001 3.573 -0.49930370640602
99.762 3.574 -0.9993035230396429
106.756 3.575 -1.492698018412912
113.36 3.572 -1.988254442261352
120.86200000000001 3.4699999999999998 -2.4882272932724065
128.256 3.676 -0.272022921627376
138.38600000000002 2.646 -0.6591850649222729
142.659 3.573 -0.9246763553335292
151.555 3.677 -0.499328809849111
159.858 3.574 -0.9993274910403148
165.359 3.573 -0.48243182003055
170.868 3.2649999999999997 -0.6911306096485469
176.063 3.4699999999999998 -0.499731282581789
181.866 3.367 -0.999506406241192
190.56199999999998 3.573 -0.201055420047746
195.855 3.7809999999999997 -0.499750317204425
202.058 3.675 -0.485417288546993
207.366 3.367 -0.9415838906562249
212.75799999999998 3.675 -0.499996473016719
219.666 3.367 -0.9999928140279358
226.56699999999998 3.3659999999999997 -0.25984825208914303
236.266 3.367 -0.544546251451401
241.157 3.676 -0.497778110299433
247.87300000000002 3.161 -0.9977659789599728
256.36100000000005 3.573 -1.495764445893566
264.264 3.4699999999999998 -0.48432270691131
270.36100000000005 3.573 -0.499254806528098
276.16 3.574 -0.999224662034782
285.46200000000005 3.573 -1.4991984924789432
291.46099999999996 3.675 -1.998597314869283
301.059 3.675 -0.483054890292811
307.269 3.365 -0.969416708869655
314.56 3.675 -0.498140017346117
320.765 3.4699999999999998 -0.9929965246114668
329.37 3.2649999999999997 -0.2098466634141
334.459 3.676 -0.49930756899844
342.372 3.263 -0.999303506281813
347.062 3.573 0.041934143197232
354.86499999999995 3.4699999999999998 -0.43859695950201694
364.063 3.572 -0.499226937399243
369.559 3.676 -0.07677322426904401
377.27 3.3659999999999997 -0.557993519179413
382.561 3.675 -0.788915411437338
391.361 3.676 -1.25449828896508
401.365 3.574 -0.497695142308839
406.96099999999996 3.675 -0.246183437967191
414.94800000000004 3.676 -0.6327871248997521
420.54900000000004 3.676 -0.673339070167803
428.34999999999997 3.677 -0.499909992703573
435.461 3.4690000000000003 -0.9999056201829591
441.457 3.572 -0.4868473741434339
