222.0 2.63 0.0
228.27999999999997 3.251 -0.499277664737979
236.82100000000003 2.1109999999999998 -0.9976114920539452
243.16699999999997 0.8660000000000001 -1.4955352022518718
249.42700000000002 2.1069999999999998 -1.9904201160536161
254.49199999999996 3.044 -2.490383892252562
261.44 1.5869999999999997 -0.252042788798935
266.412 2.2159999999999997 -0.6526048505234591
275.00300000000004 2.525 -0.499376335879248
4.882 3.161 0.0
13.363 3.572 -0.499277664737979
21.87 3.2649999999999997 -0.9976114920539452
28.172 3.1630000000000003 -1.4955352022518718
33.562 3.573 -1.9904201160536161
39.276 3.059 -2.490383892252562
48.266999999999996 3.368 -0.252042788798935
58.17300000000001 3.1630000000000003 -0.6526048505234591
66.661 3.575 -0.499376335879248
71.864 3.573 -0.999342678548861
80.56 3.779 -1.498510714554958
86.657 3.3659999999999997 -1.9977923862440647
95.561 3.2640000000000002 -0.170604247128758
103.35300000000001 3.574 -0.499989848306019
109.26100000000001 3.3659999999999997 -0.485858594619337
115.46499999999999 3.263 -0.4999650830056071
122.859 3.4699999999999998 -0.9999524976267812
130.455 3.676 -1.4944189545699151
136.365 3.367 -1.99415992920502
145.056 3.677 -0.194480688701417
150.461 3.676 -0.557619888791989
157.264 3.573 -0.34139404991692995
164.149 3.572 -0.3452911423167
169.24999999999997 3.471 -0.499996204065124
174.94600000000003 3.676 -0.4842365727443
180.355 3.368 -0.498393841566619
186.869 2.955 -0.9976444913977668
192.74900000000002 3.676 -0.37159099030528703
198.962 3.2640000000000002 -0.8348438781055241
206.46 3.367 -1.293770624625442
212.55900000000003 3.4699999999999998 -0.49820699994428
218.664 3.3659999999999997 -0.049662930660208
226.98 2.851 -0.499998588503878
234.261 3.471 -0.999439982205972
239.46800000000002 3.2649999999999997 -0.4864365000548471
245.17700000000002 3.057 -0.499971834922296
251.262 3.573 -0.452981217699544
257.261 3.161 -0.476624431535789
262.754 3.368 -0.499759322885546
270.048 3.574 -0.995475371626735
279.459 3.2649999999999997 -1.495391741064255
284.959 3.2649999999999997 -1.9951903311911583
292.15599999999995 3.4699999999999998 -2.4892701864907583
301.552 3.676 -0.013080196530206
307.569 3.16 -0.237826314478614
316.952 3.678 -0.722706061885664
324.56199999999995 3.4699999999999998 -0.961867681601716
332.86000000000007 3.573 -1.0206084101910258
340.365 3.4690000000000003 -1.3174622115302328
349.56399999999996 3.572 -1.810356578616005
357.55100000000004 3.572 -0.499999491255389
363.052 3.471 -0.999998220025424
369.451 3.573 -1.4938237949326811
374.652 3.572 -0.482527640623933
381.26300000000003 3.162 -0.8894795910351959
386.553 3.473 -0.499915902634804
392.05699999999996 3.4699999999999998 -0.4798171382221071
398.956 3.572 -0.499989074189841
404.362 3.2670000000000003 -0.23201530929410896
413.46700000000004 3.263 -0.180974825015952
420.86199999999997 3.4699999999999998 -0.4999905675749871
426.86000000000007 3.573 -0.067779428779356
433.863 3.471 -0.499999472214386
441.565 3.4699999999999998 -0.403804405420636
