81.393 2.732 0.0
91.11 2.315 0.4984516975029071
95.77799999999999 3.147 -0.4999891348406
103.01700000000001 2.109 0.4952191957586071
111.79700000000001 2.63 -0.493859639946068
121.942 1.5869999999999997 -0.9938304207521772
126.732 1.798 -0.447787872855596
133.542 1.588 -0.671422112023469
140.4 2.732 -0.499927396686091
5.093 2.9539999999999997 0.0
10.164000000000001 3.572 0.4984516975029071
15.468999999999998 3.367 -0.4999891348406
22.876999999999995 2.955 0.4952191957586071
28.066000000000003 3.2670000000000003 -0.493859639946068
35.982 2.9539999999999997 -0.9938304207521772
43.510000000000005 1.9260000000000002 -0.447787872855596
50.887 2.233 -0.671422112023469
56.160000000000004 3.161 -0.499927396686091
63.875 2.848 -0.9999269384975588
69.79 2.133 -0.217355881484318
75.092 2.332 -0.627362643119432
83.28200000000001 2.544 -0.4999132396305379
88.57300000000001 2.854 0.485337078644192
94.27699999999999 2.851 -0.499906624274703
102.174 3.056 -0.35422416010008795
110.688 2.443 -0.4999902145468421
117.88100000000001 2.851 -0.484796626460468
123.076 3.057 -0.9725645016074659
129.187 2.647 -1.434290017718297
135.29 2.748 -1.693121001091879
141.762 3.16 -0.493631285583188
151.48499999999999 2.336 -0.987678290220876
159.582 2.441 -1.4876665965407152
164.173 2.851 -1.9857478240932769
169.578 2.647 -0.18662921531133106
174.458 3.367 -0.6739450802538809
180.993 2.033 -0.4997832348031749
186.36199999999997 3.3659999999999997 -0.9976413329052091
195.26600000000002 3.263 -1.4976374167593338
203.47899999999998 2.852 -1.992678566518068
210.571 3.161 -0.404287296208524
220.282 2.752 -0.499791053444394
225.776 3.058 -0.48188554067269
230.866 3.3689999999999998 -0.87267396851254
237.367 2.955 -1.266986025787243
246.26799999999997 2.955 -1.750642256250268
255.779 2.544 -0.499766709075307
260.16200000000003 3.162 0.3902456983443429
267.06800000000004 3.157 0.006814490915198923
276.877 2.649 -0.444234115667062
286.062 3.3659999999999997 -0.49469448489012
294.276 2.9539999999999997 -0.451307114060149
300.66799999999995 3.1630000000000003 -0.919250368496462
308.169 3.1630000000000003 -0.4999984808694021
314.68100000000004 2.852 -0.9999972555017632
320.989 2.545 -1.497843422845404
329.78999999999996 2.646 -0.266489110569783
338.467 3.057 -0.26120046881061404
346.364 3.16 -0.34691689473659704
353.86 3.2640000000000002 -0.37833066565057305
359.16499999999996 3.059 -0.862076149003812
369.28200000000004 2.647 -0.499757979704493
374.05899999999997 3.368 -0.994826521308925
379.66200000000003 3.3659999999999997 -0.253079373519966
389.367 3.263 -0.497519819661205
398.986 2.645 -0.9967178465040649
406.076 2.957 -1.496466770280772
411.878 2.956 -1.9963762605916824
418.39 2.5460000000000003 -2.4962720042538757
423.667 3.3689999999999998 -2.9959719806514626
429.15599999999995 3.3689999999999998 -0.370966677966682
435.86 3.2649999999999997 -0.35649587100875496
441.76300000000003 3.263 -0.8496448329622901
