82.32600000000001 2.1069999999999998 0.0
86.795 2.838 0.47419016610679
92.924 2.21 -0.49997982839845
98.306 2.528 -0.9998851550947242
106.37100000000001 0.9630000000000001 -0.4921056233686071
110.92599999999999 2.108 -0.499998794097463
118.195 2.939 -0.999846203301972
123.17699999999999 3.357 -1.4982211346190781
133.535 1.8989999999999996 -1.9957415777325782
6.554 1.512 0.0
9.974 3.057 0.47419016610679
16.19 2.4419999999999997 -0.49997982839845
21.900000000000002 2.2319999999999998 -0.9998851550947242
26.471999999999998 3.06 -0.4921056233686071
31.966 3.266 -0.499998794097463
37.769 3.2640000000000002 -0.999846203301972
47.38499999999999 2.749 -1.4982211346190781
53.309 1.9260000000000002 -1.9957415777325782
58.768 3.364 -2.4946775639619516
69.711 1.721 -2.9946717469131214
78.693 2.44 -3.4923532683596097
84.698 2.235 -0.41580565190662
91.16599999999998 3.367 -0.2257340674180499
98.863 3.0700000000000003 -0.499999762992206
106.70799999999998 1.8250000000000002 -0.998861726514614
111.978 2.755 -0.195744574665328
119.085 2.548 -0.499851423086623
126.97099999999999 3.062 -0.472797083351207
134.06699999999998 3.467 -0.572217673177396
139.26899999999998 3.365 -0.499999642852659
149.611 1.8239999999999998 -0.999999118825925
155.818 1.7189999999999999 -0.443253438284884
165.60999999999999 1.8239999999999998 -0.776280513221618
172.26600000000002 3.368 -1.1910525923434943
177.663 3.5709999999999997 -0.499998230632445
184.36100000000002 3.573 -0.999851620896381
192.36200000000002 3.572 -0.482251874751509
198.177 3.157 -0.4999999682527129
206.283 2.852 -0.41372701344409296
214.58800000000002 2.646 -0.499954802977486
220.997 2.338 0.011746739946386996
226.877 3.058 -0.3231262952257821
235.46 3.575 -0.4997761260982171
242.905 2.03 -0.4964140121118
248.98000000000002 2.957 -0.7691526273596201
253.979 2.958 -1.2297399309417079
259.571 3.368 -0.49990007434722
269.291 2.645 -0.9998974080871209
275.27599999999995 3.16 -1.4995645557613382
284.69 2.645 -0.3783204838214461
293.928 1.3080000000000003 -0.499980359078374
299.98999999999995 2.646 -0.008415475274239002
309.695 2.541 0.479095054772441
316.671 3.161 -0.003627186318896081
323.964 3.4690000000000003 -0.497453616978792
330.402 2.234 -0.9950391367170909
337.738 0.9980000000000002 -0.44535648353199697
343.372 2.748 -0.54173510466322
350.20399999999995 1.617 -1.0297293745873568
354.78499999999997 2.237 -0.499981141817504
360.781 2.4419999999999997 -0.9999157056650229
365.571 2.853 -0.492214582324005
371.176 2.749 -0.499511696146658
376.159 3.367 -0.9994130935858101
382.06899999999996 2.958 -1.49941256252676
390.873 3.058 -1.9993991762905532
396.761 3.368 -0.44392692160993896
402.669 3.161 -0.935927451692279
412.48699999999997 2.645 -1.418410231415387
421.183 2.851 -0.499859232310924
429.392 2.443 -0.999113723813348
434.07500000000005 3.263 -0.4923168852723061
442.067 2.955 -0.499283696344139
