144.728 1.8989999999999996 0.0
150.224 2.003 -0.499351567791776
159.519 2.008 -0.9930505856952501
167.681 3.147 -1.492587595423561
175.489 2.94 -0.457636868716549
180.98300000000003 3.146 -0.763138303622427
186.702 2.628 -0.6525535463472341
194.39999999999998 2.731 -0.4999516500119121
200.421 2.2119999999999997 -0.467811260735778
5.196 2.853 0.0
13.768999999999998 3.162 -0.499351567791776
22.157999999999998 3.573 -0.9930505856952501
30.177 2.955 -1.492587595423561
38.997 2.237 -0.457636868716549
44.501 2.234 -0.763138303622427
51.581 2.955 -0.6525535463472341
58.400000000000006 2.131 -0.4999516500119121
67.173 3.058 -0.467811260735778
72.479 2.853 -0.498322808352675
81.79 2.4419999999999997 -0.477952548764808
87.185 2.647 -0.422110715915774
93.595 2.3369999999999997 -0.450264384174302
100.412 1.7200000000000002 -0.496470820451889
105.186 2.646 -0.256909520285739
112.20100000000001 2.231 -0.6413686276579511
116.463 3.471 -1.0329579773383202
123.89900000000002 2.133 -0.499998163710824
129.19 2.543 -0.045985051480835
137.57 3.2640000000000002 -0.4939436332749221
144.098 2.237 -0.99381845515642
152.91699999999997 1.616 -1.4936300793409358
157.293 2.44 -0.439871954597966
162.173 3.06 -0.7484753761554941
170.69299999999998 2.44 -1.218447697798066
179.583 2.85 -1.695074206867961
188.402 2.031 -0.49323363090858
192.683 2.75 -0.438736263770834
198.507 1.9260000000000002 -0.4999748631210661
205.38000000000002 2.754 -0.467562498603711
213.478 3.056 -0.498289120101585
221.592 2.542 -0.995846107635966
228.086 2.748 -0.444847195240397
235.267 3.368 -0.914233839809369
245.28199999999998 2.955 -0.4988021074786
252.692 2.4419999999999997 -0.9919005350489271
257.689 2.645 -0.3569227579460061
264.301 2.233 -0.6793105278533711
273.583 2.852 -0.495311412220071
279.173 3.161 -0.992738833541144
288.16499999999996 3.4699999999999998 -1.491426119002576
293.565 3.4699999999999998 -1.9864894593315507
299.48400000000004 2.751 -2.4864766487124377
306.601 2.234 -0.21061585704989105
312.593 2.4419999999999997 -0.499932273091877
320.09 2.545 -0.178517305374142
325.07 3.365 -0.6604923942590871
333.202 2.233 -0.4999088364166021
341.485 2.852 -0.41313019282574
349.5 2.441 -0.7748686547154621
355.918 1.6180000000000003 -1.243658566390812
363.581 2.955 -1.5991080437155067
371.303 2.133 -0.493573053600808
376.384 2.852 -0.417755183534285
381.67099999999994 2.956 -0.499828118181797
391.28900000000004 2.44 -0.9880130771104592
397.2 2.13 -0.366417345745019
402.487 2.544 -0.407459961131169
410.193 2.339 -0.497478034073395
417.49100000000004 2.4419999999999997 -0.992881497428311
423.907 2.13 -0.325278859403208
430.917 1.62 -0.496648403339828
436.656 3.2640000000000002 -0.050918441041075
441.85999999999996 3.161 -0.4996377197168579
