212.395 2.84 0.0
221.40099999999998 2.627 -0.310448367538291
227.275 3.253 -0.497698384507613
237.10199999999998 2.526 -0.38846861971063895
242.784 3.044 -0.855653478796841
249.296 2.732 -0.499952603606407
257.28700000000003 2.941 -0.136762536897988
264.131 1.8980000000000001 -0.499996467880101
271.312 2.3169999999999997 -0.44273383556393
5.814 2.237 0.0
14.380999999999998 2.955 -0.310448367538291
20.480999999999998 2.3409999999999997 -0.497698384507613
28.083999999999996 2.338 -0.38846861971063895
32.257999999999996 3.2640000000000002 -0.855653478796841
40.777 2.647 -0.499952603606407
48.764 3.061 -0.136762536897988
55.86000000000001 3.3659999999999997 -0.499996467880101
63.101 1.826 -0.44273383556393
66.56 3.368 -0.7931865749848941
72.978 2.851 -0.498162128443764
81.773 3.058 -0.991984657174712
86.86300000000001 3.4690000000000003 -0.3953806956696021
96.689 2.544 -0.8635626243863269
101.071 3.263 -1.103214826622902
109.59200000000001 2.544 -0.499982055094195
115.285 2.438 -0.9995002552341451
119.954 3.4699999999999998 -0.4244132808570471
127.472 2.852 -0.8682131378906481
135.071 2.9530000000000003 -0.490547366723977
141.865 3.16 -0.452872350475914
148.155 3.471 -0.4913680264942349
155.203 1.8239999999999998 -0.9913585094687588
161.57 3.058 -0.264165045596837
171.472 3.058 -0.4873175045302861
179.17899999999997 2.852 -0.974783962728386
184.773 3.059 -0.316493334270273
191.183 2.75 -0.497605057329752
199.976 3.059 -0.11813904225985
204.97 3.266 -0.498355834354414
211.593 2.1319999999999997 -0.060754283496771
217.26 3.365 -0.499492594771477
226.45700000000002 3.4699999999999998 -0.9994876470172712
231.66199999999998 3.2640000000000002 -1.499228994670253
238.889 2.2359999999999998 -1.998007029367415
244.166 3.06 -0.41924635780590297
249.26700000000002 3.16 -0.49866090831673
256.076 2.854 -0.9976853649572129
263.08500000000004 2.544 -0.243469932724833
267.46299999999997 3.367 -0.7184018992685219
276.26300000000003 3.4690000000000003 -0.499376878693556
286.582 2.751 -0.421581913914066
292.084 2.852 -0.8800196118105792
297.58000000000004 2.955 -0.498753478754196
305.474 2.852 -0.9873946717174642
313.491 2.235 -1.475105299457737
318.976 2.75 -0.476351814250091
324.56100000000004 3.3659999999999997 -0.667763772258134
332.75899999999996 3.368 -0.8742659759999649
341.861 3.3659999999999997 -0.4999286721587941
348.388 2.543 -0.996770893153336
353.78400000000005 2.544 -1.4965920262939625
358.76300000000003 3.3659999999999997 0.115310775760853
365.365 3.3659999999999997 -0.4875645393384621
372.8020000000001 2.131 -0.987220543453171
378.863 3.4699999999999998 -0.18284711726157105
384.465 3.3689999999999998 -0.499364349131527
391.864 3.5709999999999997 -0.9992664070507741
400.961 3.367 -1.4991361416180689
407.78100000000006 2.647 -1.999069750445123
417.79 2.338 -0.3593478459374829
425.48100000000005 2.647 -0.3825344855500789
434.28200000000004 2.647 -0.499966164087527
441.97 3.058 -0.105837871282104
