5.1899999999999995 2.855 0.0
13.177 3.059 -0.2784042357942
22.49 2.646 -0.552592286374793
29.177 2.854 -1.0304483716230268
35.616 1.616 -1.2871675575115769
40.201 2.1319999999999997 -0.499647416001828
45.913000000000004 1.823 -0.3202803596493869
53.51599999999999 1.721 -0.558636002610902
63.196000000000005 1.9249999999999998 -0.8641173060174692
71.78 2.4419999999999997 -0.498781060040811
79.08 2.543 -0.9985046421846512
89.503 1.822 -0.423567284819318
94.171 2.855 -0.891974781145323
101.56700000000001 3.06 -1.339188455691542
108.495 2.234 -1.5278754578917628
113.88799999999999 2.441 -0.4985194813702101
121.188 2.543 -0.994970830651574
130.59799999999998 2.234 -0.317550986939669
137.326 1.2069999999999999 -0.7736928202503741
142.212 1.822 -0.493008591704214
148.33299999999997 1.205 -0.992277131247374
153.279 2.443 -1.49117112200153
161.59400000000002 2.028 -1.9887051483584461
165.76600000000002 2.956 -0.227660973536288
171.26799999999997 2.955 -0.6612901109819409
181.384 2.441 -0.498112155271845
191.728 0.9980000000000002 -0.9979503218195448
196.193 2.234 -1.496016171095431
202.909 1.7189999999999999 -0.128609875446195
208.39200000000002 2.3369999999999997 -0.495477607585881
215.201 2.03 -0.452974037852217
220.774 3.058 -0.9385726407251248
227.00500000000002 2.0269999999999997 -0.499504318537798
232.983 2.751 -0.228823333733252
240.13500000000002 1.1 -0.5570199686705379
244.18199999999996 2.854 -1.04393681476046
253.93099999999998 0.6919999999999997 -0.499975156584443
260.661 3.2640000000000002 -0.998841996820846
266.888 2.235 -1.4965493591614283
272.488 2.2359999999999998 -1.996537094146787
278.49 2.235 -0.38632182299336
283.36999999999995 2.956 -0.49919382182356
291.283 2.645 -0.9965414418853
297.39000000000004 2.638 -1.496439518176656
304.50700000000006 1.722 0.086615292360992
312.693 2.338 -0.49984204775881
321.8 2.233 -0.999756090802938
326.776 3.058 -0.46688055849976
334.371 3.2640000000000002 -0.499967530038286
344.17999999999995 2.747 -0.9989639993650329
353.204 1.722 -1.493475019137792
358.10699999999997 1.8199999999999998 -1.9855866170893937
362.663 3.161 -0.35110496898353194
372.079 2.646 -0.4999052564029
379.593 2.133 -0.9922046127291652
387.89200000000005 2.2359999999999998 -0.4023931450194821
394.986 2.543 -0.489959037889791
407.069 3.162 -0.9899035728461141
414.802 2.03 -0.172811900831685
421.60100000000006 2.133 -0.260850730955786
429.50600000000003 2.029 -0.7442212510854289
436.97999999999996 2.646 -0.499702638004367
442.998 2.028 -0.015958253691645
