5.4030000000000005 2.647 0.0
14.591000000000001 2.543 -0.380751850930496
19.072000000000003 3.263 -0.496628037759475
25.776000000000003 2.647 -0.996188346535824
32.859 3.2640000000000002 -0.42265821061608894
42.192 2.131 -0.499892721260123
51.806 1.6180000000000003 -0.196318190410408
57.265 3.06 -0.6273959147800919
64.85400000000001 3.472 -0.499819079279787
71.078 2.851 -0.9997752730859201
76.462 3.3659999999999997 -1.489261359806892
83.57600000000001 2.9539999999999997 -1.9892593061048112
93.19200000000001 2.339 -0.440085300985516
99.97299999999998 3.06 -0.898755600476979
107.29 2.646 -0.498585063935674
115.69 2.645 -0.4864585020297921
121.878 2.646 -0.494986124285229
128.757 3.368 -0.114023258543215
135.474 2.851 -0.503032554714201
141.25500000000002 3.676 -0.8937958565444691
152.597 2.028 -0.4966029216632871
160.602 1.8239999999999998 -0.445424094284132
167.963 3.365 -0.8921413343209981
174.375 2.9539999999999997 -0.49893603002519205
180.381 2.749 -0.499432030194322
188.584 2.647 -0.439664522534052
193.775 3.057 -0.7354200669738469
199.59799999999998 2.338 -0.97822594512275
204.58200000000002 2.852 -1.3562899035437344
209.675 3.16 -0.498610131656684
219.265 3.161 -0.9942581343406568
224.871 3.058 -0.27350152833978897
230.98 2.646 -0.499876325463845
239.401 1.8250000000000002 -0.34884168970405793
246.65499999999997 3.471 -0.4250248377355879
254.391 2.336 -0.7546970127422952
262.868 3.16 -0.617493269525458
268.259 3.4699999999999998 -0.495569746902411
276.375 2.955 -0.452315065294717
282.40599999999995 1.9249999999999998 -0.499611697281563
289.281 2.851 0.010135103210615998
295.29499999999996 2.338 -0.490467580868298
299.369 3.2649999999999997 -0.01460743946034
304.884 2.851 -0.499991579978195
310.79400000000004 2.542 -0.9976670250862869
320.27200000000005 2.955 -0.457955204752257
328.76099999999997 3.3659999999999997 -0.4999973189148211
334.964 3.2640000000000002 -0.9935292955576372
341.369 3.059 -0.4846930572566421
348.369 3.059 -0.499996963941393
354.16 3.368 -0.9999705209559729
359.361 3.367 -1.4999363591892039
364.87500000000006 3.058 -0.4881105996889129
373.49199999999996 2.339 -0.499049544390682
379.58299999999997 2.749 -0.364985434055209
386.469 3.2640000000000002 -0.839437562634484
392.17600000000004 3.058 -0.499998760332486
401.169 3.367 -0.998217191256374
409.07800000000003 2.851 -1.493291829403609
417.46400000000006 3.2649999999999997 0.315223200520099
423.367 3.162 -0.499732561541959
428.76700000000005 3.162 -0.9966774370412791
436.375 2.9539999999999997 -1.496663236093289
441.767 3.262 -1.995444766485921
