281.674 3.356 0.0
287.58799999999997 3.043 -0.49994219623636
293.203 2.628 -0.490907178378997
300.369 3.565 -0.4043288831565379
305.46500000000003 3.669 -0.6194991659046271
314.076 3.459 -0.951905557447394
319.779 3.252 -1.4365123860985551
326.371 3.564 -1.920760994798328
331.86699999999996 3.564 -0.499991844890499
5.003 3.041 0.0
11.655999999999999 3.7720000000000002 -0.49994219623636
18.399 2.73 -0.490907178378997
24.482999999999997 3.248 -0.4043288831565379
34.095 2.937 -0.6194991659046271
40.58 3.3529999999999998 -0.951905557447394
47.38499999999999 3.249 -1.4365123860985551
55.583999999999996 3.04 -1.920760994798328
63.961 3.5629999999999997 -0.499991844890499
70.06299999999999 3.561 -0.445913247997769
75.158 3.666 -0.4999977108435901
80.657 3.667 -0.999897492113356
88.26400000000001 3.561 -1.4998973101564899
97.57400000000001 3.3529999999999998 -1.9998892497784218
106.16399999999999 3.664 -2.4998846009267157
111.86399999999999 3.665 -0.4974457647277391
120.29 3.041 -0.499794704077549
126.287 3.145 -0.484112171863325
134.87199999999999 3.561 -0.499999985366945
143.201 2.833 -0.9996440869134552
150.38400000000001 3.041 -0.396503509048148
158.762 3.5629999999999997 -0.8653806389349958
164.573 3.3520000000000003 -0.4987479575641721
174.17399999999998 3.3520000000000003 -0.484066435042545
179.85999999999999 3.666 -0.499991868677226
190.696 2.73 -0.999991864521446
196.366 3.561 -1.499267252157194
204.08100000000002 3.248 -1.9992625760668468
210.518 2.312 -2.4991602872297682
214.366 3.564 -0.33321982422254304
222.18 3.3520000000000003 -0.499999894749084
228.796 2.937 -0.999999712259932
235.07100000000003 3.5629999999999997 -0.3981184356541911
243.27900000000002 3.248 -0.8890518956197391
249.983 3.144 -1.3845406196184329
255.678 3.249 -1.881963960580728
261.086 2.941 -2.0965388416358364
267.2 2.627 -2.544362314218032
271.881 3.146 -3.0398902227912776
279.875 3.252 -0.49963568982838
285.97700000000003 3.25 -0.999606806950842
291.367 3.46 -0.39865176023933
300.88100000000003 3.248 -0.499271145047643
309.877 3.3529999999999998 -0.9992424304113828
316.184 3.248 -0.4845180326186129
321.572 3.561 -0.499999948021557
331.375 3.459 -0.999999763387642
336.88100000000003 3.354 -1.4999832502800472
345.797 2.831 -0.213381838260632
351.591 2.937 -0.5502230612008859
359.188 3.04 -0.6417510305214329
364.475 3.3529999999999998 -0.499636752066606
369.881 3.148 -0.396774227063813
377.094 2.935 -0.499898603536084
384.267 3.5620000000000003 -0.468522862026267
390.573 3.456 -0.499999985324138
396.488 3.041 -0.210986827337827
401.073 3.457 -0.70648865069033
409.87199999999996 3.459 -0.499643060792538
418.911 2.622 -0.4974308372830121
423.581 3.3529999999999998 -0.8326704244914991
430.975 3.56 -1.2799130274956871
436.176 3.3529999999999998 -1.7710026036876552
441.686 3.351 -0.499647205642589
