153.991 2.939 0.0
161.374 3.458 -0.499912567548365
167.394 2.939 0.491313255248886
174.521 2.42 -0.499425267111888
180.216 2.318 -0.492583135962151
186.468 3.668 -0.9523635422699169
195.77200000000002 3.253 -1.2363115968355192
201.395 2.73 -0.4992097621336141
207.46 3.565 -0.4939434211402121
4.679 3.367 0.0
14.805000000000001 2.029 -0.499912567548365
21.069 3.3659999999999997 0.491313255248886
26.87 3.159 -0.499425267111888
34.427 1.202 -0.492583135962151
41.083 2.646 -0.9523635422699169
45.462999999999994 3.3659999999999997 -1.2363115968355192
52.7 2.029 -0.4992097621336141
62.709999999999994 1.7189999999999999 -0.4939434211402121
68.06599999999999 3.263 -0.719098722705652
74.679 2.851 -0.499997095667465
81.46000000000001 3.4699999999999998 -0.007103638644245998
88.461 3.4699999999999998 -0.499960016257831
94.668 3.464 -0.999933748274528
101.50099999999999 2.1319999999999997 -1.4992598169190312
109.10199999999999 2.1319999999999997 0.324861380141644
114.18299999999999 2.852 0.228164852715571
121.6 2.03 -0.22694837379362395
125.67 3.16 -0.034443688823996954
134.868 3.262 -0.498089453198651
144.101 2.03 -0.996888271851304
150.9 2.131 -0.382200398984268
155.16400000000002 3.367 -0.8623009025420609
164.36200000000002 3.4690000000000003 -0.499992551875728
169.771 3.16 -0.4193516364442049
179.72899999999998 1.1019999999999999 -0.8428884135350321
183.99699999999999 2.234 -1.291302205838291
188.05799999999996 3.573 -1.6076515436934509
194.661 3.471 -0.4999996597701479
200.763 3.471 -0.9998366337498941
210.925 1.5099999999999998 -0.478021547133237
215.663 3.4690000000000003 -0.9336961081458771
223.87500000000003 3.057 -0.499995579123885
232.973 3.059 -0.9999955350100592
239.959 3.573 -1.4972530598744411
247.67 3.263 -1.9971395767502191
252.359 3.573 -2.492254582720564
261.296 2.2359999999999998 -2.9922224032714517
266.278 2.9539999999999997 -0.486257652819498
275.796 2.3369999999999997 -0.970871354955202
283.97299999999996 3.16 -1.2622874545866478
291.118 1.5150000000000001 -0.499998671880362
298.37399999999997 3.16 -0.263896200961737
303.561 3.574 -0.7547061329001399
313.16 3.573 -0.496008836560947
323.265 3.368 -0.9959598548477321
329.17 3.1630000000000003 -0.346701304320964
337.96400000000006 3.4690000000000003 -0.499709024293375
343.165 3.4690000000000003 -0.9996917671867909
352.165 3.368 -1.4979652911813388
359.296 2.338 -0.430402736553401
363.467 3.367 -0.761622425443766
371.89700000000005 2.3369999999999997 -1.2510014770482452
376.47100000000006 3.263 -1.6660375905808258
383.689 2.645 -0.499866919172427
389.47900000000004 2.955 -0.468725066506071
395.781 2.853 -0.9356497502482409
403.48199999999997 2.9539999999999997 -1.4088575298229462
409.89899999999994 2.338 -1.7850222073024349
415.289 2.647 -2.2748604266652688
422.577 3.058 -0.499843937617656
428.472 3.1630000000000003 -0.9987727455031771
432.96 3.675 -0.371237254591074
441.463 3.572 -0.499999827797329
