4.785 3.2649999999999997 0.0
11.789 2.4419999999999997 -0.4999138293091939
17.77 3.061 -0.0003238716596589697
23.488999999999997 2.543 -0.499999938735218
29.599000000000004 2.234 -0.472707800031188
36.785999999999994 2.648 -0.9370946631917568
46.101 2.234 -0.4999999987271161
51.668000000000006 3.1630000000000003 -0.499936990711705
57.370000000000005 3.161 -0.499997702249003
63.985 2.646 -0.999997667341652
69.484 2.647 -0.375402365229908
75.172 3.06 -0.3722438815213139
80.367 3.2649999999999997 -0.499999862014379
90.19100000000002 2.541 -0.9999998619329168
97.27300000000001 3.059 -0.497550248552469
102.65800000000002 3.574 -0.997439668211019
107.65900000000002 3.573 -0.499999952260052
113.962 3.4699999999999998 -0.9999999493931558
119.16600000000001 3.3659999999999997 -1.4999999373159918
125.383 2.75 -1.999978136610432
130.674 3.16 -0.49986684392993
140.477 3.059 -0.499997233086339
148.16899999999998 3.2640000000000002 -0.487695715958949
157.376 2.957 -0.9827258113068751
162.48 2.853 -0.499999899105199
171.278 2.955 -0.497162187952264
177.55899999999997 3.574 -0.499999547042111
188.28500000000003 2.749 -0.9999995470391412
193.89600000000002 2.338 -1.4999953566107949
198.866 3.368 -0.436902844951087
205.25900000000001 3.675 -0.499999999998681
214.292 2.4419999999999997 -0.9999999999986332
221.06900000000002 3.2649999999999997 -0.397868500883945
227.29 2.544 -0.499995967297135
232.579 2.956 -0.4997509762557581
238.38499999999996 2.651 -0.795805994578839
243.375 3.162 -1.295245297473448
248.779 2.955 -1.794647783011555
258.19599999999997 2.338 -0.499999757825841
265.29 2.644 -0.9999997576303109
270.168 3.367 0.06514525668209
279.88800000000003 2.647 -0.499999999995938
287.072 3.263 -0.9999999999694921
293.702 2.233 -1.4999996687675907
302.79400000000004 2.441 -0.49636115490838
308.505 2.13 -0.499997612380112
317.082 2.853 -0.35049944423765506
323.389 2.646 -0.49999292235272
331.097 2.339 -0.499646147276981
338.411 1.9260000000000002 -0.7029216816140671
344.21200000000005 1.9260000000000002 -1.082448859765815
352.301 2.235 -0.499999988667418
360.50699999999995 2.129 -0.497787278098264
367.388 2.748 -0.499993358701523
372.384 2.852 -0.49685840879474
380.996 2.44 -0.4999998471968901
388.814 1.6150000000000002 -0.999999847160721
393.262 3.368 -1.4999889098879988
401.48900000000003 2.542 -1.9999609331663968
408.70699999999994 1.9249999999999998 -0.074549345887252
416.77799999999996 2.959 -0.4999999999947871
424.99699999999996 2.44 -0.4998525471643929
433.85699999999997 3.1630000000000003 -0.4999999982591789
442.476 2.5460000000000003 -0.9999999710579868
