4.6850000000000005 3.3529999999999998 0.0
10.171999999999999 3.457 -0.223167357588464
18.479999999999997 3.251 -0.44308622306861994
27.633999999999997 1.8980000000000001 -0.6396994922091439
32.784 3.249 -0.7262210501816319
40.07 3.665 -0.440462269779005
47.160000000000004 3.5620000000000003 -0.221546020567904
54.581 3.041 -0.4994645738557429
60.36599999999999 3.456 -0.072817563973139
66.79100000000001 2.832 -0.48972160153184
73.482 3.042 -0.92881130623728
78.794 2.831 -1.366989380747877
83.68 3.146 -0.390210189275608
88.881 3.146 -0.47476986161286
94.293 2.834 -0.868068336636608
103.792 2.937 -0.9169977670687071
113.0 2.831 -1.0113388622981478
119.88000000000001 3.3520000000000003 -0.494021984150971
127.38 3.3529999999999998 -0.962558969553858
132.78199999999998 3.3520000000000003 -1.4525243781761399
138.28199999999998 3.041 -1.9523809923054565
144.087 2.936 -2.4153243744711457
151.47799999999998 3.145 -0.200019435258279
159.065 3.458 -0.479852848235034
167.47400000000002 3.25 -0.979708298679068
173.573 3.3520000000000003 -1.476400390120748
181.069 3.457 0.464910616041436
190.177 3.251 0.402011778469524
198.768 3.561 -0.480481406356109
205.266 3.665 -0.9796079772930272
210.47299999999998 3.458 -1.47934181021224
217.07 3.5620000000000003 -0.330196332308716
223.798 2.936 -0.7635161424700669
232.576 3.459 -0.3002853666435659
237.855 3.77 -0.4662426376335321
247.161 3.564 -0.960768629955472
257.384 3.041 -1.4552058936515602
263.27299999999997 3.252 -1.9438960827522231
270.572 3.3529999999999998 -2.4422887753976394
279.78200000000004 3.145 -0.398573534745795
284.966 3.5620000000000003 -0.442247316571207
292.785 3.144 -0.8862293488780241
297.66499999999996 3.665 -0.22959410208797
307.06899999999996 3.5620000000000003 -0.562057538057632
314.21799999999996 2.415 -0.4983796673787039
320.76800000000003 3.666 -0.996551444327481
328.47200000000004 3.5629999999999997 -0.07865814648307201
336.96799999999996 3.458 -0.479368460250107
346.86799999999994 3.458 -0.960003978869195
353.365 3.561 -1.4238031233877688
359.98400000000004 3.042 -1.922032970380312
365.584 3.143 -2.4123145709634533
371.07399999999996 3.3529999999999998 -2.9107201843373938
376.17699999999996 3.25 -0.31369223190753304
385.08400000000006 3.145 -0.498201045845044
393.88 3.25 -0.098233255450791
399.79999999999995 2.831 -0.17096731797800802
407.24899999999997 1.5830000000000002 -0.499030206258535
411.081 3.252 -0.198319082643543
417.197 2.937 -0.294607772831303
422.785 3.25 -0.467281633617972
429.322 2.206 -0.23435206819446205
434.401 2.627 -0.671108459664562
441.88100000000003 3.147 -1.058925778199949
