4.991999999999999 3.057 0.0
10.365000000000002 3.367 -0.40001231789097
16.084 2.749 -0.896869169406372
22.778000000000002 3.057 0.333510121620862
28.482999999999997 2.853 -0.44841612649075
35.562 3.368 -0.924379198165658
43.608 1.822 -0.364162458184955
50.073 3.057 -0.2389212555815
55.964999999999996 3.365 -0.469327460204489
63.774 2.956 -0.965218010484934
71.14 0.79 -0.25492783682523
74.372 3.058 -0.15363696681226502
83.389 2.441 -0.492355726068656
88.37299999999999 3.058 0.235762918066992
94.485 2.646 -0.4914573751823461
102.174 3.058 -0.27965397254156205
111.10499999999999 2.028 -0.4857194734545789
119.425 1.3089999999999997 -0.22473117735217105
122.974 3.161 0.06179369955467096
130.00900000000001 1.822 0.22137869241626995
134.562 3.4690000000000003 0.16368381078010394
141.872 3.059 -0.4456061829714521
150.87500000000003 2.956 -0.281539406095046
158.666 3.3659999999999997 0.21494619099840692
163.87300000000002 3.159 -0.472192361881265
169.794 2.438 -0.21116218652179894
174.774 3.058 -0.488132191673781
180.078 2.9539999999999997 -0.44895206300964
186.365 3.367 -0.9162230655457221
195.579 2.9530000000000003 -1.4141528012682132
204.409 1.924 -0.3255919190891189
210.57500000000002 3.159 -0.7055213867097629
219.97799999999998 3.058 -0.451598008204533
225.776 3.057 -0.86696050652576
231.691 2.542 -0.354174915898581
237.283 3.05 -0.7151888147661971
246.895 2.338 -0.9170205072737782
255.48 2.853 -0.443244663628835
261.30699999999996 2.026 0.018690096187446
267.588 2.645 -0.32097132015052704
276.06399999999996 3.4699999999999998 -0.25402930922695505
286.067 3.367 -0.45833829714313
294.69100000000003 2.543 -0.376783625727486
300.879 2.955 -0.596183793488502
308.072 3.263 -0.498475577254743
314.582 2.9539999999999997 -0.9925805425572688
320.68600000000004 2.851 0.344655594493425
330.201 2.233 0.024540209284623967
338.993 2.541 -0.181134904034448
348.54 0.9950000000000001 -0.259090146354349
353.769 3.3659999999999997 -0.416198959196278
359.38300000000004 2.852 -0.427504181088136
370.833 1.1019999999999999 -0.8676749655616449
374.584 2.851 -1.330263026333749
379.66900000000004 3.3659999999999997 -0.302993879039244
388.959 3.676 -0.459386090273401
398.782 2.853 -0.9363825095656472
406.079 2.956 -1.3733240627994927
411.777 3.059 -1.830920063606364
417.98400000000004 2.9539999999999997 -2.320830190873342
424.187 2.851 -2.8047102820654337
430.302 2.234 0.051132523780175
435.97499999999997 3.161 0.268305039933746
441.566 3.4699999999999998 -0.439548528963536
