5.4 2.627 0.0
10.174999999999999 3.252 -0.349294115852662
17.991 2.3369999999999997 -0.499999171996323
27.114 2.116 -0.4949448567848089
41.528000000000006 2.105 -0.7080996673318619
51.25599999999999 1.4780000000000002 -0.7717610880622919
56.199999999999996 2.627 -1.0919873664959758
65.833 1.895 -1.585750909260902
79.608 2.42 -2.057844267359306
86.79699999999998 2.831 -2.30227333626945
94.30099999999999 2.727 -2.4831125886598477
101.99699999999999 2.831 -0.4999940037720539
111.096 2.832 -0.9990812471304399
117.904 2.626 -0.4392037763014939
123.631 1.8989999999999996 -0.499615830634805
129.419 2.313 -0.999426430712416
136.288 0.6439999999999997 -0.47335239402139
141.368 1.065 -0.6449475983236229
148.64000000000001 1.795 -1.109458914465992
155.881 0.6480000000000001 -1.565987769649222
160.232 1.8969999999999998 -0.4998203450379571
168.50400000000002 2.625 -0.9981465769026932
177.019 2.21 -1.4981460781129632
186.61700000000002 2.313 -0.49311016792942
194.032 1.8980000000000001 -0.33444774159326096
202.04 1.69 -0.586826609787008
208.982 0.548 -0.4987004272508
212.389 3.041 0.496591988472485
222.0 2.731 -0.4999627426863461
228.436 1.8960000000000004 -0.35461900874917296
235.16 1.3730000000000002 -0.497617676575428
241.998 2.937 -0.9976106881580348
249.56799999999998 1.0619999999999998 -1.4961742154485729
255.16000000000003 1.17 -0.454512094060888
259.74399999999997 1.5869999999999997 -0.8432137275420829
273.01899999999995 2.312 -0.499994855094867
277.183 3.248 0.086881919403516
283.727 2.104 -0.499992274353443
288.808 2.623 -0.4854539389709961
294.528 2.003 -0.499449955614699
301.2 2.731 -0.998334686687848
308.488 3.043 -1.497726651300136
316.979 3.3520000000000003 -1.9976873727477968
323.388 3.144 -2.497686944774767
333.822 2.312 -2.9970493752815135
340.649 1.5860000000000003 0.452162298666716
348.55999999999995 1.3719999999999999 -0.04299054280976505
356.79 3.042 -0.5283692179879009
365.02299999999997 2.209 -0.499902095309125
370.77599999999995 3.356 -0.9996580819936658
376.47399999999993 3.458 -1.4996356378486384
383.075 3.457 -1.9996353800375632
392.12000000000006 2.313 -2.499622555328366
396.89200000000005 3.041 -0.36786360939731705
402.927 2.206 -0.499998550922165
409.343 1.79 -0.464331613760487
412.771 3.5620000000000003 -0.858648643774165
420.76800000000003 1.065 -0.499968032203452
424.596 2.937 0.488004186337429
433.10900000000004 2.626 -0.499958812431817
