5.408 2.627 0.0
9.970999999999998 3.5629999999999997 -0.3610609958742661
17.267 3.667 -0.4999999311237371
27.908 2.326 -0.9999995439908212
35.486 3.148 -0.41140917321175896
41.909 2.526 -0.499994575970252
48.604 2.731 -0.3286302999768211
56.452000000000005 1.483 -0.5308569268341561
63.325 2.2119999999999997 -0.4977278490886071
69.236 2.002 -0.4759602146834289
73.809 2.626 -0.9634535326530648
79.69900000000001 2.936 -1.3933030630004162
88.793 2.732 -0.4999963878625779
99.22500000000001 1.9010000000000002 -0.123449287854385
103.49600000000001 2.731 -0.498485712463419
112.276 3.053 -0.415987199664029
117.471 3.359 -0.499988399098541
126.61200000000001 2.419 -0.999988227409323
131.07500000000002 3.457 -0.4624691261581311
138.642 1.8939999999999997 -0.4999979360212629
142.687 3.249 -0.0006546505831349999
148.492 3.044 -0.499938153409378
157.004 2.416 -0.999784001410056
162.08 3.041 -0.494355309096398
171.388 2.834 -0.8977834075804889
178.51700000000002 2.207 -0.49998950612471
184.01299999999998 2.312 -0.476082783581856
191.517 2.209 -0.4988242956144861
199.62 2.207 -0.348622559722558
208.89600000000002 2.833 -0.6210804369277261
217.121 2.209 -0.49988035165491
226.404 2.628 -0.999846649570486
231.593 2.94 -0.243431392079547
239.251 1.483 -0.498049813420809
242.59 3.147 -0.489689757755973
248.505 2.416 -0.9857412474150641
253.892 3.146 -0.499552290555418
259.698 2.523 -0.999550423535356
265.812 2.21 -1.4966248561158702
271.785 2.938 -1.996277334092893
278.999 2.626 -2.4962623873096232
290.96700000000004 3.46 -0.491140607745537
299.866 3.5620000000000003 -0.499801396313414
305.467 3.5620000000000003 -0.9998010641444971
313.17900000000003 3.251 -0.32788532487777194
322.75300000000004 1.4789999999999996 -0.499999946542071
327.292 3.041 -0.999527959016904
333.476 3.458 -1.499243580278388
342.212 2.31 -0.490215141634202
351.29900000000004 2.524 -0.979351615266663
366.557 1.1660000000000004 -0.497488753145479
374.763 0.9610000000000003 -0.224885323844635
381.28499999999997 0.5410000000000004 -0.499873861201546
387.268 3.459 -0.436116116461766
395.834 1.8939999999999997 -0.49999734073013
399.98400000000004 3.145 -0.9993252044789812
406.332 1.8980000000000001 -0.4746889974519651
411.508 2.623 -0.7544827113501641
417.417 2.415 -0.778881699248312
425.276 3.458 -1.274719862230708
433.611 2.624 -0.499897337238762
442.099 2.937 -0.9993755839246732
