4.5729999999999995 3.4690000000000003 0.0
10.681 2.9539999999999997 -0.5
19.967000000000002 3.368 -0.499999999948251
29.663 3.572 -0.5
35.671 3.2640000000000002 -0.499999992994948
41.996 2.44 -0.5
47.375 3.16 -0.9999999999999679
55.375 3.161 -1.499999999999968
60.864000000000004 3.572 -1.999999999999968
67.096 2.44 -2.4999999999999685
72.27799999999999 2.441 -0.499646307385476
78.35700000000001 3.2640000000000002 -0.7298953036119741
86.063 3.159 -1.2298953028228101
92.58599999999998 2.3369999999999997 -1.729895046977357
98.069 2.955 -0.5
103.755 3.4699999999999998 -0.4999995443083
111.35400000000001 3.472 -0.5
118.38600000000001 2.441 -1.0
124.363 3.3659999999999997 -0.499999999989616
130.27300000000002 3.057 -0.5
137.968 3.263 -1.0
147.177 2.956 -1.5
154.368 3.3659999999999997 -0.480393709026593
160.483 2.854 -0.980373550564188
165.899 2.439 -1.480373499227586
173.35899999999998 3.162 -1.44978148798171
178.765 2.956 -1.949474160451518
184.053 3.4699999999999998 -0.499999999999933
193.76500000000001 3.059 -0.9999999999999328
202.55399999999997 3.572 -1.4999999999999332
210.358 3.4690000000000003 -1.9999999999999332
215.75799999999998 3.4699999999999998 -0.49999853251891
220.657 3.572 -0.5
225.75900000000001 3.5709999999999997 -1.0
234.86499999999998 3.3659999999999997 -1.5
241.97899999999998 2.9539999999999997 -0.499999930971048
249.584 2.75 -0.5
257.068 3.367 -0.999999999999923
262.153 3.4690000000000003 -0.4972785796980421
271.362 3.06 -0.997265553680274
280.572 2.851 -1.1989486881815892
287.26300000000003 3.161 -1.6989379338288022
295.251 3.574 -0.5
302.276 2.751 -1.0
310.967 3.161 -0.499801390572764
318.267 3.262 -0.9998013905709541
325.965 3.3659999999999997 -1.4897885980880057
332.596 2.2359999999999998 -0.5
336.96000000000004 3.573 -0.49869034477517
343.163 3.4699999999999998 -0.5
350.81600000000003 1.6189999999999998 -0.4999990517477
359.06800000000004 2.955 -0.5
365.567 3.057 -1.0
371.27200000000005 2.852 -0.499999999961515
376.66700000000003 2.957 -0.9999973862026508
382.172 2.852 -0.5
390.657 3.4690000000000003 -1.0
397.165 3.162 -0.499999851079968
404.569 3.159 -0.999999850956032
411.95799999999997 3.5709999999999997 -0.5
418.45799999999997 3.572 -0.499524470764384
426.57599999999996 2.956 -0.5
433.17900000000003 2.9539999999999997 -0.499999999919916
441.565 3.4690000000000003 -0.9999383180546252
