76.58399999999999 3.251 0.0
84.399 2.8369999999999997 -0.5
92.298 2.732 -0.5
99.093 2.8369999999999997 -1.0
104.079 3.251 -1.5
109.473 3.357 -0.4999999999999911
115.593 2.838 -0.9999999999999912
124.382 3.149 -1.4999999999999911
130.99699999999999 2.734 -0.5
4.5 3.565 0.0
10.067 3.667 -0.5
18.269 3.667 -0.5
25.273 3.355 -1.0
31.208 2.42 -1.5
36.08 3.148 -0.4999999999999911
44.564 3.564 -0.9999999999999912
54.265 3.5629999999999997 -1.4999999999999911
60.169999999999995 3.459 -0.5
66.16499999999999 3.564 -1.0
71.367 3.5620000000000003 -1.5
78.192 2.938 -0.5
85.26299999999999 3.668 -0.5
91.07100000000001 3.46 -1.0
98.862 3.771 -0.5
104.467 3.667 -1.0
110.562 3.773 -1.5
118.46099999999998 3.668 -2.0
126.36999999999999 3.459 -0.5
133.97 3.459 -0.5
141.163 3.667 -1.0
146.76899999999998 3.46 -0.5
155.965 3.565 -0.5
163.97 3.46 -1.0
173.464 3.566 -1.5
182.26399999999998 3.667 -2.0
189.96800000000002 3.564 -0.5
195.771 3.5620000000000003 -0.5
204.975 3.46 -0.5
210.97699999999998 3.459 -1.0
216.766 3.565 -0.5
224.37199999999999 3.359 -0.5
229.97199999999998 3.459 -0.5
235.56899999999996 3.5620000000000003 -1.0
244.76999999999998 3.461 -0.5
251.166 3.565 -1.0
257.36699999999996 3.564 -1.5
264.07399999999996 3.458 -0.5
270.688 2.944 -1.0
275.269 3.4619999999999997 -0.5
284.584 3.148 -0.5
289.68 3.253 -1.0
294.874 3.46 -1.5
300.27 3.565 -2.0
305.874 3.4619999999999997 -0.5
314.77200000000005 3.46 -0.5
321.98100000000005 3.251 -0.5
328.56899999999996 3.5629999999999997 -0.9850402498261859
335.18399999999997 3.048 -1.485040249826186
339.98 3.253 -1.985040249826186
345.58299999999997 3.149 -0.5
353.46500000000003 3.668 -0.5
361.273 3.46 -1.0
366.374 3.459 -1.5
371.78200000000004 3.251 -2.0
378.17300000000006 3.46 -2.5
385.468 3.565 -3.0
395.891 3.044 -0.5
404.56700000000006 3.667 -1.0
411.779 3.355 -1.5
419.17300000000006 3.46 -2.0
428.80300000000005 2.6310000000000002 -2.5
433.46999999999997 3.564 -3.0
441.88599999999997 3.148 -0.5
