5.003 3.044 0.0
11.396 2.633 -0.499886397549461
17.798000000000002 2.731 -0.499999999790929
27.216 2.213 -0.9999999997824128
34.385000000000005 3.044 -1.4999999997824092
43.48 3.25 -0.498609269756974
49.902 2.628 -0.995209482814243
54.271 3.46 -0.499999999999051
62.888999999999996 3.043 -0.999999999999051
69.429 2.004 -0.4990142982872949
76.58399999999999 3.251 -0.499999999980951
84.399 2.8369999999999997 -0.49999434057112
92.298 2.732 -0.999992795817356
99.093 2.8369999999999997 -1.498787576934748
104.079 3.251 -0.4999999999981
109.473 3.357 -0.9999999999981
115.593 2.838 -1.4999999999981002
124.382 3.149 -0.499926495890554
130.99699999999999 2.734 -0.8886036537511369
139.376 3.255 -1.3882634112793741
146.899 2.732 -1.8882426773702128
152.317 2.315 -1.7154357332405368
157.597 2.835 -2.045201307732258
165.288 3.0460000000000003 -0.4999999999895861
171.392 3.043 -0.99999999997401
176.884 3.252 -1.4999999999705342
184.105 2.627 -1.9999999999705345
188.791 3.147 -0.499997689581566
197.895 3.044 -0.4999999999948
205.38400000000001 3.148 -0.9999999990580469
214.86900000000003 3.5629999999999997 -0.499999769486092
221.072 3.46 -0.5
226.77499999999998 3.3579999999999997 -0.9999999999936412
231.776 3.356 -1.4999999999936409
237.392 2.941 -0.499999435348601
243.48899999999998 3.044 -0.499999999999788
253.50300000000001 2.73 -0.999999999953126
259.893 2.94 -0.435904956294675
268.68 3.255 -0.935848235169052
274.293 3.044 -0.5
283.71299999999997 2.42 -1.0
288.79 3.044 -0.491978517708193
295.896 2.8369999999999997 -0.991562442887686
302.182 3.252 -1.1320669521604918
309.89300000000003 2.941 -0.5
317.99300000000005 2.941 -0.9999999996873019
323.895 2.939 -1.4999999996588111
331.593 2.841 -0.493431376364296
337.40000000000003 2.734 -0.46419957230411296
342.50300000000004 2.731 -0.911170562246159
347.689 3.045 -1.411170552857158
354.967 3.567 -1.892820628698098
361.591 3.044 -0.5
367.29999999999995 2.836 -0.9999999999971568
371.88199999999995 3.355 -1.499999999997079
379.791 3.044 -1.999999999997079
389.212 2.523 -0.495598617832291
396.182 3.253 -0.499999999999997
403.11 2.525 -0.9999999999767
408.399 2.836 -1.4999999999767
415.484 3.151 -1.999999999919634
425.20399999999995 2.732 -2.499999999919634
431.872 3.5629999999999997 -0.499995372385225
442.098 2.938 -0.5
4.5 3.565 -0.499999999980951
10.067 3.667 -0.49999434057112
18.269 3.667 -0.999992795817356
25.273 3.355 -1.498787576934748
31.208 2.42 -0.4999999999981
36.08 3.148 -0.9999999999981
44.564 3.564 -1.4999999999981002
54.265 3.5629999999999997 -0.499926495890554
60.169999999999995 3.459 -0.8886036537511369
4.37 3.667 -1.8882426773702128
13.359 3.461 -1.7154357332405368
20.652 3.77 -2.045201307732258
26.767 3.255 -0.4999999999895861
32.265 3.3579999999999997 -0.99999999997401
40.469 3.2560000000000002 -1.4999999999705342
45.367 3.459 -1.9999999999705345
51.266999999999996 3.46 -0.499997689581566
61.178 3.251 -0.4999999999948
4.321 3.7720000000000002 -0.499999769486092
9.962 3.667 -0.5
19.766000000000002 3.5629999999999997 -0.9999999999936412
29.470000000000002 3.459 -1.4999999999936409
38.363 3.667 -0.499999435348601
44.188 3.044 -0.499999999999788
51.066 3.667 -0.999999999953126
58.065999999999995 3.668 -0.435904956294675
64.267 3.668 -0.935848235169052
4.796 3.252 -1.0
11.472000000000001 3.46 -0.491978517708193
16.767 3.666 -0.991562442887686
22.080000000000002 3.354 -1.1320669521604918
31.468 3.667 -0.5
39.476 3.15 -0.9999999996873019
44.961 3.566 -1.4999999996588111
52.355999999999995 3.771 -0.493431376364296
60.763999999999996 3.5629999999999997 -0.46419957230411296
