154.98999999999998 2.733 0.0
163.75499999999997 3.568 -0.4735132402915321
169.569 3.357 -0.39966218194819897
175.086 2.938 -0.7261017627203008
180.26100000000002 3.463 -0.499785381136431
188.172 3.254 -0.999085917933013
193.36400000000003 3.5629999999999997 -1.496991493482795
198.98 3.148 -0.20244582410972
204.38100000000003 3.148 -0.6593749256395101
5.007 3.042 0.0
11.083 3.148 -0.4735132402915321
16.075 3.355 -0.39966218194819897
22.075999999999997 3.355 -0.7261017627203008
31.78 3.251 -0.499785381136431
39.07299999999999 3.459 -0.999085917933013
49.424 2.11 -1.496991493482795
56.091 3.044 -0.20244582410972
61.580000000000005 3.356 -0.6593749256395101
67.069 3.5629999999999997 -0.495204450410671
73.19200000000001 2.94 -0.9946084061930188
78.27000000000001 3.461 -0.27694116298370103
85.796 2.836 -0.497447523577453
90.882 3.15 -0.289881973559384
100.681 3.251 -0.498789413207971
109.87500000000001 3.357 -0.991402482466091
116.57799999999999 3.355 -1.4703745894675702
121.98500000000001 3.0469999999999997 -1.9687821735985849
127.92399999999998 2.109 -2.465133693012364
132.87800000000001 3.254 -0.012105911520054
140.104 2.629 -0.400209752988854
145.172 3.4619999999999997 -0.4942026904486839
151.284 3.151 -0.38425693021904295
157.612 2.524 -0.499447709846611
166.301 2.732 -0.410147394145526
173.06699999999998 3.566 -0.728451117944525
178.788 3.045 -0.48783849882766
184.51 2.523 -0.9812941523695301
191.79500000000002 2.939 0.089307921953331
202.11900000000003 2.315 -0.36730968619969107
208.772 3.461 -0.428668232003116
216.27900000000002 3.355 -0.8900745808381391
222.793 2.941 -0.4993266960764121
227.67000000000002 3.564 -0.432648796508484
235.06900000000002 3.565 -0.499871229308604
240.466 3.668 -0.99608143590852
245.572 3.5629999999999997 -1.4936242493495289
250.777 3.459 -1.9799069413239652
259.60499999999996 2.732 -0.44162273066898
265.70000000000005 2.734 -0.480630006559436
271.876 3.459 -0.08004608055223597
277.999 2.941 -0.482027123635684
287.683 0.6519999999999997 -0.43021297046845297
291.83299999999997 2.11 -0.311741748654078
299.37199999999996 3.463 -0.481341388787446
307.776 3.459 -0.39616617956275896
315.476 3.359 -0.7992193898184479
324.899 2.836 -0.495018931473443
333.37600000000003 3.46 0.136302005771341
340.392 3.043 -0.494418439592557
346.40399999999994 2.732 -0.969084270713788
353.22499999999997 2.112 -1.4662016717976971
360.183 3.355 0.280487608929503
366.786 3.25 -0.040412611969815986
375.512 2.524 -0.37854778000309003
382.47099999999995 3.355 -0.41593070218735095
392.29099999999994 2.836 -0.495911017265414
397.90000000000003 2.628 -0.348219346393274
403.68100000000004 3.048 -0.737069463514639
411.693 2.938 -1.158937735225066
420.169 3.564 -0.483939203456179
429.49399999999997 3.043 -0.976267277332231
435.20099999999996 2.836 -0.142088987981116
442.30699999999996 2.73 -0.07136147092203199
