4.279 3.771 0.0
13.573 3.359 -0.5
22.065 3.668 -0.999999997920077
27.467000000000002 3.666 -0.5
35.573 3.46 -1.0
40.67 3.5629999999999997 -0.5
48.269999999999996 3.5629999999999997 -0.5
58.38699999999999 3.148 -0.5
64.19500000000001 2.941 -1.0
69.385 3.148 -1.4999999979200769
76.563 3.67 -1.9999999979200769
82.871 3.5629999999999997 -2.4999999979200767
88.579 3.355 -2.9999999979200767
96.07499999999999 3.459 -3.4999999958401538
105.376 3.458 -0.5
110.467 3.567 -1.0
119.578 3.356 -1.5
125.37899999999999 3.355 -2.0
131.703 2.731 -0.5
136.781 3.253 -1.0
145.362 3.7720000000000002 -0.5
154.46599999999998 3.669 -0.5
159.677 3.459 -0.5
167.072 3.566 -0.5
175.302 2.733 -0.5
179.673 3.5620000000000003 -0.499999991680308
186.56500000000003 3.67 -0.5
196.28900000000002 3.0460000000000003 -0.5
202.079 3.356 -0.5
211.69000000000003 3.045 -0.5
219.373 3.5620000000000003 -0.5
228.47899999999998 3.357 -1.0
236.28 3.356 -0.5
242.081 3.355 -0.5
249.37499999999997 3.461 -1.0
257.271 3.565 -0.5
262.27299999999997 3.565 -0.5
268.476 3.0460000000000003 -1.0
276.259 3.668 -1.5
282.069 3.355 -0.5
287.36 3.666 -1.0
293.46299999999997 3.564 -0.5
301.377 3.251 -1.0
306.966 3.5629999999999997 -0.5
312.963 3.667 -0.5
318.565 3.566 -0.5
324.666 3.666 -1.0
331.47 3.5629999999999997 -1.5
341.17799999999994 3.459 -2.0
348.28499999999997 3.252 -0.5
354.052 3.669 -0.5
362.16499999999996 3.357 -0.5
370.37000000000006 3.253 -1.0
375.864 3.461 -1.5
381.262 3.5629999999999997 -0.5
389.093 2.633 -1.0
393.472 3.355 -0.5
400.1770000000001 3.251 -1.0
407.474 3.356 -0.499999991680308
417.47799999999995 3.254 -0.499999997920077
422.372 3.46 -0.999999997920077
428.875 3.459 -1.4999999979200769
435.371 3.564 -1.9999999979200769
441.263 3.773 -2.4999999979200767
