4.367000000000001 3.666 0.0
10.800999999999998 2.832 -0.499997528442402
20.081999999999997 3.251 0.268988496227746
29.578000000000003 3.355 -0.11989060459095607
38.471000000000004 3.5620000000000003 -0.498382478857344
44.087 3.146 -0.494894621642484
51.376999999999995 3.357 -0.9579927198786851
58.382 3.3529999999999998 -0.499999895492717
64.27000000000001 3.666 -0.9999997940386259
71.07799999999999 3.456 -1.499702698544018
77.41 2.524 -1.99948576264905
84.26899999999999 3.665 -2.499480271730837
90.88799999999999 3.0460000000000003 -2.999480262478681
96.408 2.726 -0.4634683040183
104.885 3.249 -0.498429660714998
111.479 3.356 -0.4822124443124
118.184 3.151 -0.499494070989863
124.125 2.21 -0.9984035499445381
133.322 2.313 0.0997343957876
138.40200000000002 2.833 -0.3822942494731009
144.306 2.629 -0.499999952959597
151.798 2.8369999999999997 -0.9976262837481309
157.513 2.623 -0.443656303661777
162.46699999999998 3.3529999999999998 -0.499778863329261
170.88899999999998 2.732 -0.4426276252405921
178.03300000000002 1.6889999999999996 -0.498399294414005
184.38600000000002 2.938 -0.26712382651576394
192.696 2.729 -0.49655406867441
200.561 3.666 -0.996552282903502
207.60799999999998 2.52 -1.4965393388208708
216.818 2.211 -0.4947962531070579
221.981 3.249 -0.966547694390285
227.378 3.3529999999999998 -1.219358025045791
235.37 3.5629999999999997 -1.6387409219650881
242.872 3.665 -0.499900450741465
253.17 3.25 -0.9998725340896191
260.258 3.5629999999999997 -1.499644743976236
265.882 3.04 -0.483219407360014
270.75300000000004 3.669 -0.499665506413437
276.581 3.042 -0.9996638234611629
281.467 3.257 -0.492148816737618
291.60699999999997 2.219 -0.980196331428205
297.86400000000003 3.363 -1.391192355945901
306.083 2.9450000000000003 -0.4999992424755561
311.469 3.3600000000000003 -0.999256418496965
317.07599999999996 3.254 -1.4985767730843529
322.59299999999996 2.7380000000000004 -0.492376441316948
329.07899999999995 3.153 -0.494774327520715
337.564 3.57 -0.8249550040427959
345.95699999999994 3.564 -0.499862226174622
352.76399999999995 3.357 -0.997581684979185
360.682 2.84 -1.4970998571424332
368.33599999999996 1.286 -0.494947513049597
372.776 3.0469999999999997 -0.29480867416274803
378.46400000000006 3.46 -0.499999986003507
387.364 3.4619999999999997 -0.9999988055476968
395.679 3.048 -1.4976943235455449
401.79200000000003 2.7359999999999998 -1.996635628467935
407.99600000000004 2.233 -0.328699907792928
413.683 2.147 -0.7697028135787031
422.71399999999994 2.418 -0.499278862059234
429.09700000000004 2.936 0.19793672837956305
434.18300000000005 3.251 -0.49999144348512
441.567 3.456 -0.277549397852473
