5.315 2.7359999999999998 0.0
13.682 3.252 -0.462313779607699
21.987000000000002 3.147 -0.942748549947702
27.979 3.355 -1.374724032110908
34.091 3.043 -1.833655482692238
39.706 2.628 -2.3205095526304294
48.589999999999996 3.044 -0.190231846153687
58.394 2.941 -0.5277593174941091
67.50399999999999 2.733 -0.483770817100336
72.806 2.6319999999999997 -0.9751990946012
81.083 3.252 -1.4102332087706648
86.785 3.25 -1.8817973577896712
95.374 3.461 -0.283309817050672
103.888 3.0469999999999997 -0.4973921320096429
109.798 2.8369999999999997 -0.420772729311985
115.587 3.148 -0.489382148161115
123.188 3.148 -0.982285549036862
130.78 3.356 -0.4188704965256809
136.79500000000002 2.94 -0.48088028395811
145.69299999999998 3.043 0.153997558399663
151.299 2.8369999999999997 0.096704303566922
157.995 2.841 0.027288898788334
164.587 3.15 0.017905429322939998
170.214 2.524 -0.4978431575456121
175.285 3.355 0.35869471465348995
180.277 3.459 -0.484177543631275
186.77900000000002 3.045 -0.937820322597601
192.964 3.4619999999999997 -0.050349748803702986
200.012 2.214 -0.42782593743304
206.56900000000002 3.2590000000000003 0.33398689610760995
213.06000000000003 2.9690000000000003 -0.4701705055822341
218.361 3.669 -0.239453790150762
226.374 3.458 -0.498666349905204
234.561 3.1719999999999997 -0.9901142015575629
239.68800000000002 3.0460000000000003 -1.4408593036184265
245.091 3.146 -1.936948668599568
251.89700000000002 2.94 -0.23900928062711105
257.084 3.354 -0.404072474968858
263.078 3.043 -0.487506792744704
270.05899999999997 3.564 -0.9684302744934692
279.055 3.669 -1.4616880883678718
285.90500000000003 2.32 -1.955976087937656
292.78999999999996 2.836 -0.40771435266212297
302.081 3.148 -0.36318373288891903
307.682 3.0469999999999997 -0.41990800024287
317.48299999999995 3.148 -0.829760499864842
325.092 2.94 -0.9890536900706249
333.077 3.357 -0.710154043757652
340.479 3.356 -1.1201954990076008
349.64899999999994 3.473 -1.389674422627356
357.55899999999997 3.5629999999999997 -0.499111400463711
363.16499999999996 3.357 -0.998177953464558
369.562 3.461 -0.35553584810657
374.65900000000005 3.566 -0.6651183094109321
380.757 3.668 -1.0532912656379172
386.982 3.044 -0.490999157492265
392.068 3.459 -0.141703045750541
399.38 3.149 -0.495987591208634
404.275 3.355 -0.10921460717625098
413.16999999999996 3.5620000000000003 -0.400772568676531
420.87300000000005 3.46 -0.49830585061565
426.86800000000005 3.565 -0.31387669574166605
434.811 2.524 -0.498897245666158
441.888 3.148 -0.364839280342472
