4.904999999999999 3.148 0.0
10.692 3.044 -0.496478750059869
16.788 3.148 -0.4999999993162021
21.571 3.564 -0.9999999869619879
27.399 2.8369999999999997 0.498576917567818
35.5 2.836 8.269898684204469e-05
40.687999999999995 3.148 -0.499996682255058
50.20799999999999 2.731 -0.9999963252480032
56.387 3.149 -0.102837987451448
62.397000000000006 2.939 -0.30105311868232804
68.101 2.836 -0.499999999959266
74.075 3.0469999999999997 -0.99994781661888
81.986 2.8369999999999997 -1.4999478056797
88.579 3.146 -0.472204346426061
93.571 3.355 -0.499999856021841
99.686 2.94 -0.492842773526361
106.51100000000001 2.316 -0.9677415368518009
114.474 3.255 -1.015328978900277
120.893 2.8369999999999997 -1.357360407941956
128.393 2.939 -0.4999994943835889
134.07700000000003 3.355 -0.3095431951655689
140.59099999999998 2.942 -0.8091630966078579
146.786 3.251 -0.499992356241909
152.082 3.356 -0.999992356148062
157.055 3.566 -1.4998980980387628
165.179 3.043 -0.4997791607957271
171.618 2.005 -0.787038211913162
175.678 3.045 -1.286032977565523
180.97100000000003 3.253 -0.499997960507271
186.887 2.838 -0.47530941381867
191.369 3.357 -0.499999986047711
199.305 2.4219999999999997 -0.499381821121115
207.88300000000004 3.146 -0.57689524872486
213.383 3.147 -0.4999999965410539
222.392 2.94 -0.9999563311470518
228.88500000000002 3.147 -0.4087584798415879
236.38800000000003 3.146 -0.9084945699575359
244.912 2.523 -0.499999997837436
254.18500000000003 2.8369999999999997 -0.9999985819413212
263.172 3.15 -1.4999985621811867
272.596 2.628 -1.9999985577695019
277.668 3.356 -0.017313397278364
287.36899999999997 3.357 -0.499999997288041
295.388 2.94 -0.407346114912216
302.26800000000003 3.461 -0.90635772562873
312.585 3.045 -1.302957897754132
318.175 3.356 -0.4999997200914679
326.59999999999997 2.733 -0.9999786743067848
334.983 3.252 -0.468204660777109
342.195 2.94 -0.4999999999919471
348.783 2.94 -0.9999932317329859
356.681 3.043 -1.4999932317258562
366.611 2.213 -1.9999890711187172
374.084 2.941 -2.4999890277336974
379.479 3.147 -0.211748175681291
384.4789999999999 3.148 -0.680469487288018
389.871 3.357 -0.499844059135926
398.66400000000004 3.565 -0.417078558574034
406.481 3.149 -0.499915113415111
414.98699999999997 3.045 -0.131568258408411
420.684 3.0490000000000004 -0.631250186747374
428.48699999999997 3.0469999999999997 -0.4999731574790921
435.78799999999995 3.149 -0.99995452220339
442.08599999999996 2.939 -1.4999516337443042
