82.672 3.356 0.031105207400625
88.068 3.46 -0.4999997559848329
94.892 2.8369999999999997 -0.9992146523844948
100.513 2.419 -0.4983878619474699
105.685 3.0460000000000003 -0.9801725739586348
114.795 2.8369999999999997 -1.471225485097785
120.41 2.424 -1.821308910203285
124.66999999999999 3.564 -0.4999978311076579
5.625 2.415 0.0
11.503 2.624 0.031105207400625
19.496 2.832 -0.4999997559848329
24.698999999999998 2.728 -0.9992146523844948
31.821000000000005 2.207 -0.4983878619474699
38.46 1.2680000000000002 -0.9801725739586348
45.682 0.7480000000000002 -1.471225485097785
48.995000000000005 2.936 -1.821308910203285
55.836999999999996 1.895 -0.4999978311076579
62.151 1.5819999999999999 -0.10665999386024
70.521 2.313 -0.499925427850779
75.39099999999999 3.144 -0.48785630719953
82.382 3.146 -0.4999999978605471
88.083 3.146 -0.999999679690006
97.50599999999999 2.623 -0.497119618644729
107.136 1.8930000000000002 -0.499999410065194
116.966 1.0630000000000002 0.447397626662676
122.00699999999999 2.622 0.21341443807189103
129.496 2.833 -0.499892230439073
137.22799999999998 2.001 -0.491119723308034
141.686 3.144 -0.9889091828660328
148.30800000000002 2.623 -0.499999999526318
156.254 1.5789999999999997 -0.9999959475595028
164.601 2.833 0.045903050180343
172.625 2.205 -0.499460718655873
179.088 3.142 -0.999416139051558
189.737 1.7930000000000001 -1.4994141822472669
196.812 2.518 0.35751531065142994
204.42 2.31 0.7383767075014189
211.905 2.625 0.3281106330074769
216.58599999999998 3.144 -0.4996426188444529
222.316 2.415 -0.999642586791883
226.791 3.04 -0.49519091327813
233.42399999999998 2.207 -0.499998562937914
237.896 2.935 -0.9999341368943352
247.379 3.3529999999999998 -1.4993364404005718
258.538 1.8960000000000004 -0.4973060788507761
266.18699999999995 3.144 -0.7091711632770411
273.89099999999996 3.04 -0.49996008252989
280.39099999999996 3.04 -0.4386878262280221
288.496 2.935 -0.499939298238584
294.384 3.248 -0.999676815475432
301.24199999999996 1.79 -1.499675222657416
306.295 2.937 -0.477714959498724
315.40999999999997 2.622 -0.499998703463053
322.995 2.937 -0.460821858077733
331.991 3.041 -0.499836122603998
337.61899999999997 2.4130000000000003 -0.9998360162860008
345.612 2.521 -0.00541918350354
351.221 2.4130000000000003 -0.499880551215147
357.991 3.144 -0.476379897232581
365.38100000000003 3.3520000000000003 -0.9718475666392291
372.74100000000004 1.892 -0.499995022091969
377.504 2.729 -0.496667481086135
383.28900000000004 3.144 -0.643080720622172
388.786 3.247 -0.499981698961143
394.391 3.142 -0.321925427635344
402.57800000000003 3.355 -0.499677554640646
411.879 3.354 -0.99966174371778
419.9 2.934 -1.4996605221343198
425.087 3.146 -0.4857447787506
430.18600000000004 3.248 -0.831209399871047
436.83200000000005 2.102 -1.2755590793225258
441.78499999999997 3.249 -1.7645898503118118
