142.369 3.5620000000000003 0.0
148.071 3.46 -0.4999930423899141
156.07600000000002 3.355 0.3662330285903139
162.193 2.938 -0.499992150557214
170.875 3.356 -0.236081205615594
177.893 2.838 -0.731950994487293
182.974 3.357 -0.499990010117673
191.623 2.109 -0.999929054958712
199.725 2.108 -0.3918008654326311
4.792 3.254 0.0
11.286999999999999 2.941 -0.4999930423899141
17.372999999999998 3.355 0.3662330285903139
25.483000000000004 3.045 -0.499992150557214
30.974000000000004 3.354 -0.236081205615594
39.872 3.356 -0.731950994487293
47.568 3.46 -0.499990010117673
56.00599999999999 2.523 -0.999929054958712
60.481 3.149 -0.3918008654326311
65.77000000000001 3.46 -0.8606451277834521
72.68 3.151 -0.499985656336619
78.29899999999999 2.733 -0.9988858902805008
87.291 3.043 -0.3797673219912179
95.672 3.564 -0.6155280745263391
101.366 3.5629999999999997 -0.499999205809452
110.894 2.835 -0.999998195051669
115.875 3.354 -0.21165645759122
123.064 3.566 -0.4996709160001061
128.76600000000002 3.564 -0.999545466323788
135.30700000000002 2.523 -1.4995454474161518
140.173 3.357 -0.18666348100142496
146.771 3.459 -0.66472389254591
156.288 3.042 -0.4999012723021261
165.37100000000004 3.5629999999999997 -0.351838771316169
174.101 2.731 -0.4999995096796721
180.07800000000003 3.356 -0.27991695189383103
185.912 2.523 -0.499858250372366
192.57399999999998 3.4619999999999997 -0.9991790430045572
198.56799999999998 3.5629999999999997 -1.499080469829651
203.664 3.566 -1.9990735116462681
209.967 3.463 -2.499072225265767
219.97199999999998 3.359 -2.997833705354393
228.49699999999999 2.834 -0.4722415487917671
233.769 3.4619999999999997 -0.965568766155269
242.07899999999998 3.252 -0.498759438720149
247.17499999999998 3.356 -0.104159473172922
252.67399999999998 3.357 -0.49993123769564
257.986 3.045 -0.478094001228257
262.66900000000004 3.5629999999999997 -0.972843007894952
270.068 3.565 -0.49999985316422
278.27 3.565 -0.9999898789188728
284.188 3.148 -1.499987795148621
292.79100000000005 2.941 -0.450414121551988
302.09 2.942 -0.93309394316555
309.507 2.525 -1.355172332273536
316.069 3.5629999999999997 -1.5668456972821532
323.279 3.253 -0.49999999972209
329.401 2.732 -0.494080393939968
336.016 2.217 -0.8736819154952379
344.67900000000003 3.255 -0.39097545150179
353.574 3.459 -0.8880997945353419
359.67300000000006 3.46 -0.499999884625606
365.971 3.362 -0.999999883122472
373.791 2.944 -1.4999910275320831
379.6 2.7359999999999998 -0.07498497039061099
385.776 3.46 -0.466777885039866
394.88300000000004 3.251 -0.963120934145344
401.512 2.423 -0.4999312320300821
408.06700000000006 3.566 -0.412966167571777
413.783 3.251 -0.499999996504219
421.69300000000004 2.941 -0.9995812123213249
431.111 2.523 -0.495342836137884
437.00600000000003 2.628 -0.7538765656210141
442.2 2.834 -1.156907169925814
