78.44300000000001 1.588 0.0
84.48700000000001 3.044 0.493068042721329
95.84 1.5910000000000002 0.447839877796951
100.584 3.0469999999999997 0.302785413555812
117.38 0.5510000000000002 -0.3635691410908479
121.19400000000002 2.838 0.10719931308061503
126.588 3.043 0.518228334631989
135.728 2.004 0.477508039498957
4.787 3.2640000000000002 0.0
14.363999999999999 3.3689999999999998 0.493068042721329
23.062 3.573 0.447839877796951
30.858999999999998 3.573 0.302785413555812
37.065 3.367 -0.499978488043895
43.571999999999996 3.06 -0.3635691410908479
49.077999999999996 2.9539999999999997 0.10719931308061503
55.178 2.9539999999999997 0.518228334631989
60.367 3.2649999999999997 0.477508039498957
65.159 3.573 0.24383626687518906
74.25999999999999 3.572 -0.499991282022124
82.377 2.956 -0.999981227653668
87.684 2.749 0.243926377488425
95.17 3.1630000000000003 -0.24560340542824302
102.26299999999999 3.4699999999999998 -0.499934258469284
108.27499999999999 3.058 -0.999587268099788
115.264 3.471 -0.097567622199423
121.263 3.573 -0.572277469116375
130.35899999999998 3.574 -0.499976898029782
138.475 3.058 -0.9994510144144059
144.27700000000002 2.957 0.008130113960720999
152.068 3.266 -0.2743892638223709
157.458 3.576 -0.5445286314717539
164.268 3.266 -0.499994248685642
170.96200000000002 3.572 -0.481949667988817
176.681 2.853 -0.499998666755598
182.279 2.955 -0.27333937182158
191.86800000000002 3.266 -0.7513367625526879
200.46099999999998 3.574 -1.2394953429663602
207.46400000000003 3.4699999999999998 -0.4954446303263661
213.776 3.059 -0.995198774095862
218.86599999999999 3.4699999999999998 -0.436379290139355
224.87900000000002 3.058 -0.499013155642959
231.373 3.162 -0.4732033436864311
239.762 3.573 -0.87254285494348
245.56199999999998 3.573 -0.4999250784866671
251.576 3.059 -0.996731568056213
259.459 3.576 -0.080306020154274
267.265 3.4699999999999998 -0.4998129333255851
275.465 3.4699999999999998 -0.9997059190692379
281.168 3.368 -1.496935706404984
288.76699999999994 3.3689999999999998 -1.9966125907602468
294.67999999999995 2.956 -0.48729444545874
303.067 3.4690000000000003 -0.9706613586751088
309.563 3.573 -0.499869030021503
314.764 3.572 -0.999118028449946
321.756 3.2649999999999997 -1.4991126729814261
329.96299999999997 3.059 -1.9978907161530102
337.767 3.057 -2.4954591289966133
346.86 3.2649999999999997 -0.35416909587375
353.57699999999994 2.749 -0.6599821071365911
359.68799999999993 2.439 -1.1495765898971049
365.558 3.471 -1.6290572887374168
371.968 3.162 -0.499987694639475
381.262 3.4690000000000003 -0.48086596598352
391.18100000000004 2.852 -0.499599839759243
397.096 2.338 -0.464670676640996
402.2699999999999 3.367 -0.497372789430788
407.471 3.3659999999999997 -0.997311572441062
414.95 3.471 -1.4924787208581929
420.15199999999993 3.4699999999999998 -1.9911820663032431
429.156 3.468 -2.490575617357516
436.554 3.4699999999999998 -0.462158137209966
441.457 3.569 -0.4996273714813379
