142.097 2.939 0.0
148.686 2.94 -0.36779256230679
154.086 2.94 -0.499999998291744
161.062 3.564 -0.499791453557085
171.171 3.355 -0.499999999999823
179.81199999999998 2.214 -0.389289233393838
185.408 2.419 -0.499999106058533
191.095 2.835 -0.9999991060567
200.403 2.627 -1.4999991060282922
5.093 2.957 0.0
9.667 3.3659999999999997 -0.36779256230679
18.469 3.3659999999999997 -0.499999998291744
24.368 3.468 -0.499791453557085
31.075000000000003 2.955 -0.499999999999823
37.772 3.161 -0.389289233393838
44.758 3.573 -0.499999106058533
53.761 3.4699999999999998 -0.9999991060567
59.465 3.4699999999999998 -1.4999991060282922
65.76700000000001 3.2640000000000002 -0.493005367535698
71.984 2.647 -0.991316446424706
80.47 3.162 -1.392902425673887
90.165 3.367 -1.8923302748614608
96.45800000000001 3.574 -2.3751251979391617
105.28399999999999 2.749 -0.499999998826033
111.565 3.4690000000000003 -0.499737359570381
117.471 3.2640000000000002 -0.9996388550135121
122.76 3.572 -0.499999931407456
129.458 3.574 -0.499979254530558
135.372 3.16 -0.499999999889766
144.06 3.572 -0.498981627072571
149.36599999999999 3.3659999999999997 -0.499998699213449
155.166 3.367 -0.9999986990114279
160.867 3.3659999999999997 0.318541334919948
166.589 2.644 -0.1814511060984491
172.373 3.06 -0.3557228317266601
181.45999999999998 3.573 -0.8554676346689221
189.069 3.364 -0.499999894281175
197.76 3.573 -0.9999998365948428
205.562 3.572 -1.4999998365944567
211.87800000000001 3.059 -0.499882874293349
218.965 3.572 -0.499999995444568
224.66899999999998 3.2640000000000002 -0.9999999954098041
232.879 2.955 -0.479026008641693
239.28700000000003 2.647 -0.9704796940399608
245.96500000000003 3.4690000000000003 -1.4515142372138388
254.16500000000002 3.4690000000000003 -1.9474596400464028
262.38000000000005 3.0540000000000003 -0.49999999165149
269.565 3.4690000000000003 -0.460676650199039
275.362 3.572 -0.499999897278069
281.56399999999996 3.4699999999999998 -0.498754048783386
287.26800000000003 3.3659999999999997 -0.49999999957225
292.776 3.058 -0.4998246066200941
300.467 3.468 -0.7167965310576031
305.666 3.4690000000000003 -0.499999982323216
313.963 3.573 -0.9999964123023232
319.774 3.2640000000000002 -1.4999921673339867
326.363 3.572 -0.494110964441254
331.759 3.676 -0.499999999865101
337.063 3.572 -0.999999999775022
346.16200000000003 3.573 -1.499994804994737
351.46799999999996 3.367 -1.9999948035988189
360.45899999999995 3.677 -0.4995324125859699
368.894 2.642 -0.499999993177935
377.572 3.2640000000000002 -0.382160575669615
382.871 3.365 -0.499999994583315
390.704 2.1319999999999997 -0.999999968111146
397.167 3.3689999999999998 -0.494276950086225
402.773 3.263 -0.9927957874826988
411.864 3.057 -0.4999991313997629
419.053 3.4690000000000003 -0.499964106334625
425.96200000000005 3.161 -0.499993823097481
435.252 3.572 -0.484448267887455
441.351 3.675 -0.9844189368436272
