210.272 3.46 0.0
217.69299999999998 2.94 -0.499999999976786
226.78900000000002 3.148 0.42324975955047495
232.724 2.2119999999999997 -0.499999999989347
238.299 2.8369999999999997 -0.9999999979581272
243.871 3.356 -0.25075708679008
249.90300000000002 2.524 -0.499999999359416
256.407 2.523 -0.399004746935665
262.377 3.251 -0.49999999999874
4.47 3.574 0.0
10.258 3.368 -0.499999999976786
16.651 3.675 0.42324975955047495
23.753 3.573 -0.499999999989347
30.868 3.058 -0.9999999979581272
40.564 3.263 -0.25075708679008
50.265 3.263 -0.499999999359416
55.661 3.568 -0.399004746935665
61.07 3.16 -0.49999999999874
67.477 2.854 -0.499934221456423
75.066 3.3659999999999997 -0.8077757930878249
81.36999999999999 3.263 -0.499999769624821
90.065 3.4699999999999998 -0.346630839840296
98.366 3.161 -0.8133518275263849
107.16199999999999 3.3659999999999997 -1.2878047710399727
116.56899999999999 3.059 -1.7300455347000367
123.969 3.059 -2.1377080417363588
130.26399999999998 3.2640000000000002 -2.5836655883896027
138.56199999999998 3.3659999999999997 -3.0836542683502386
144.16099999999997 3.467 -0.499999817083276
153.975 2.9539999999999997 -0.499678612338104
162.084 2.747 -0.95197633026226
167.79 2.542 -0.499999846167026
173.463 3.4699999999999998 -0.28660395622435497
179.47600000000003 3.058 -0.499998937049599
186.56 3.575 -0.418106445524204
195.65100000000004 3.378 -0.4999999603561521
200.854 3.275 -0.999999550127604
207.65200000000002 3.377 -1.4999972338219383
215.25400000000002 3.575 -1.999997233802968
224.365 3.2640000000000002 -2.4999967460164005
230.073 3.057 -2.9999967457691783
237.46599999999998 3.2640000000000002 -0.49813526052037
242.459 3.471 -0.499999985555248
248.053 3.677 -0.999999985552502
253.76399999999998 3.3659999999999997 -1.4999999855524209
258.957 3.674 -0.4997853705587561
266.246 3.786 -0.499999403070654
272.07 3.1630000000000003 -0.9999994027109159
276.96 3.374 -0.196414771055856
282.559 3.676 -0.685674895731754
291.859 3.471 -0.499999497982356
297.358 3.573 -0.999999414042148
307.061 3.4699999999999998 -1.4999991321202542
313.25399999999996 3.377 -1.9999991320275468
318.65299999999996 3.4779999999999998 -0.4967779793115379
325.15799999999996 3.173 -0.9941435223456999
332.455 3.576 -1.297481431528168
339.358 3.573 -1.797169151646442
348.25699999999995 3.574 -2.297090937944339
353.15399999999994 3.677 -0.499999874293913
360.657 3.575 -0.999999871252025
368.974 3.06 -1.4999998712518081
375.959 3.576 -1.9999995360296092
381.764 3.572 -0.499617873811169
390.85099999999994 3.7809999999999997 -0.9989376254036392
397.054 3.778 -0.4999999990406821
402.666 3.3659999999999997 -0.999999384696042
408.252 3.7800000000000002 -1.4999992983068942
414.6619999999999 3.4699999999999998 -1.9999990744623368
421.952 3.7800000000000002 -2.49999748262366
427.448 3.984 -0.49818802595305
433.053 3.779 -0.499999999999159
441.149 3.884 -0.999999999957822
