215.98100000000002 3.146 0.0
222.199 2.628 -0.498988917439905
231.17000000000002 3.357 -0.99498973767312
237.626 1.9010000000000002 -0.461630989112709
243.07000000000002 3.357 -0.493685369443909
250.285 3.043 -0.269870331939772
256.409 2.42 -0.4999002626698879
264.58 3.151 -0.999793765325935
272.496 2.836 -0.461174821128678
4.574 3.458 0.0
10.469 3.664 -0.498988917439905
18.480999999999998 3.3529999999999998 -0.99498973767312
26.368 3.457 -0.461630989112709
33.871 3.354 -0.493685369443909
39.671 3.354 -0.269870331939772
44.564 3.561 -0.4999002626698879
50.993 2.832 -0.999793765325935
56.176 3.25 -0.461174821128678
65.98100000000001 3.145 -0.887553541070746
71.77000000000001 3.457 -0.490554602397912
78.67 3.458 -0.990368574138088
84.38499999999999 3.144 -0.327594914598486
92.88900000000001 3.041 -0.498833121173915
97.472 3.459 0.252048848251249
103.884 3.248 -0.499993004571434
112.193 3.041 -0.990350325547297
117.081 3.354 -0.336752888857248
125.18299999999999 3.043 -0.498483614356249
133.877 3.25 -0.438722624544224
138.97299999999998 3.354 -0.499041340543096
144.07999999999998 3.247 -0.345515207738095
153.077 3.25 -0.43333289916328505
158.681 3.146 -0.913045283571922
165.264 3.5629999999999997 -1.18508639607636
171.976 3.3520000000000003 -0.499849060358073
177.997 2.832 -0.9997353448710108
184.583 3.147 -0.47739998558466
191.392 3.039 -0.7255366334767719
200.585 3.148 -1.118992252322878
208.398 2.936 -0.499919076425056
214.2 2.935 -0.9864212867906421
223.689 3.039 -0.468266700788267
232.268 3.56 -0.515776352859431
238.17499999999998 3.3529999999999998 -0.499996710807277
246.089 3.039 -0.993256925450535
251.90099999999998 2.727 -0.10361195219500098
258.29400000000004 2.935 -0.4999687451014171
263.87600000000003 3.3529999999999998 -0.3554164150059871
270.373 3.456 -0.499609269165003
276.78400000000005 3.145 -0.999562371191946
284.18199999999996 3.249 -0.286898358283612
290.382 3.25 -0.4897104138260779
299.493 3.04 -0.9722343497033229
305.39200000000005 3.042 -0.144838581880242
312.988 3.041 -0.493177417621767
322.785 3.145 -0.19297367688298
330.058 1.2710000000000004 -0.488886290883625
335.774 3.456 -0.119193075624176
344.57399999999996 3.456 -0.29803868614317297
352.70300000000003 2.727 -0.5312190554134419
360.976 3.354 -0.494743494033052
366.181 3.249 -0.9945472847507352
375.897 2.833 -0.260292852831505
380.889 3.042 0.14502053840524606
386.393 3.039 -0.499549018856807
391.783 3.25 -0.034276209107358
400.088 3.146 -0.495135420132289
405.78499999999997 3.146 -0.993370465876275
413.18399999999997 3.147 -1.478194640662656
421.195 2.936 -1.977680479960254
430.088 3.143 -2.477508387407766
436.288 3.143 -2.977505307019666
441.887 3.144 -0.475112683868245
