4.888999999999999 3.161 0.0
11.190999999999999 2.543 -0.495552544103983
20.110999999999997 1.8239999999999998 -0.994308886037643
27.741 0.895 -0.296344682322836
31.708000000000006 1.9249999999999998 -0.361955334418466
36.382000000000005 2.851 -0.7308855084417969
46.516000000000005 1.617 -1.016011208095639
55.909 1.9249999999999998 -0.392736502445988
61.605999999999995 2.028 -0.8284475024451381
68.012 1.722 -1.242522944542207
72.083 2.851 -1.724723819202798
78.386 2.748 -2.2183074922445
87.833 1.1010000000000004 -2.7137777591539143
93.124 1.4100000000000001 -3.1734380266072018
100.608 2.0269999999999997 0.131954891917457
105.793 2.3409999999999997 -0.443702595835711
112.925 1.4100000000000001 -0.9414894511803169
119.489 2.647 -1.391373173456327
129.149 0.6880000000000002 -1.8885454824515533
136.229 1.2060000000000004 -0.144656123864968
142.806 2.029 -0.083520292014399
148.30900000000003 1.9260000000000002 -0.062004814684146
156.99099999999999 2.544 0.15456689582510502
166.641 0.7939999999999996 0.03852063834580502
174.905 2.13 -0.470713615673765
184.52399999999997 1.412 -0.901052973126048
190.99399999999997 2.542 0.44810126186180493
196.79299999999998 2.543 0.8673554047464871
206.92 1.516 -0.4554182574926311
213.43899999999996 0.9969999999999999 -0.38039457518678
226.431 1.307 0.02030368894022805
232.012 1.4100000000000001 0.3085565079604881
237.91799999999998 1.205 -0.4821969968720321
245.683 2.542 0.44271629609969504
253.312 1.4139999999999997 0.853872800906025
260.024 0.9039999999999999 1.026189940732996
265.398 2.13 1.1379242831947758
272.021 1.616 -0.4687230161084601
276.083 2.647 -0.026053068283045
286.632 1.1 -0.4219298292385221
291.726 1.2069999999999999 -0.244361734840159
297.335 0.9989999999999997 -0.28416410539949605
302.116 1.721 -0.267245155748636
306.483 2.854 -0.49485662072184206
316.193 2.028 -0.444672910305634
323.091 2.131 -0.9094597380791568
330.71200000000005 1.411 -1.3656464668524582
336.299 1.9249999999999998 -0.172268276480684
341.404 1.8210000000000002 -0.20749323229460095
346.698 2.028 0.15721137490247303
353.965 3.162 -0.494881290978867
361.67100000000005 3.058 -0.9820418744987952
368.521 1.3080000000000003 -1.4532744475289865
374.132 0.8989999999999996 -0.318296378097976
378.469 3.162 -0.6615577453871649
387.212 1.8210000000000002 -0.4921035593682329
396.699 2.2359999999999998 -0.32101819585151004
405.98699999999997 2.235 -0.40551183818251296
412.78399999999993 2.338 -0.8907533491461479
419.46 3.162 0.22394679385766295
428.57200000000006 2.852 -0.423260601940704
433.76099999999997 3.2640000000000002 -0.903177591571872
441.76 3.266 -1.3850536820440769
