4.99 3.057 0.0
12.798 2.131 -0.49999997554708
17.676 2.853 -0.9999396660380191
26.682 2.648 -0.4577066878772721
35.372 3.058 -0.498468181164539
41.676 2.9539999999999997 -0.998466944465281
48.215 1.616 -1.497877702783568
53.881 2.851 -0.437974472213694
60.083 2.75 -0.5852718510959221
69.593 2.542 -0.499973484351911
75.603 2.233 -0.9988026017678149
83.499 2.131 -0.163744739118475
88.58699999999999 2.543 -0.645366720992184
93.484 2.647 -0.498785825589775
103.28699999999999 2.543 -0.251960590926357
111.29899999999999 2.1319999999999997 -0.499980249035522
117.001 2.03 -0.485222241193241
123.4 2.131 -0.8625360222797589
130.633 0.8980000000000001 -0.499991626472089
134.983 2.748 -0.495615425164243
143.693 2.439 -0.9789273310954579
152.182 2.851 -0.4999960838024621
161.90099999999998 2.233 -0.9999913179330442
167.709 1.9260000000000002 -0.4928564003970321
175.57500000000002 2.957 -0.9903561657318132
182.41500000000002 1.617 -0.499883112497661
189.701 2.131 -0.99941614987149
197.50600000000003 1.9260000000000002 -1.499332188610942
207.533 1.1989999999999998 -0.432010884286556
211.97799999999998 2.854 -0.4999310066022321
219.58 2.852 -0.491836129616849
227.084 2.749 -0.499986319531776
234.813 1.7200000000000002 -0.4932818336773761
240.004 2.029 -0.499982735107613
247.89899999999997 2.234 -0.9986434728192439
254.00700000000003 1.927 0.421154231943077
260.40400000000005 2.131 -0.4999967819930661
268.551 0.585 -0.490082426080544
272.717 1.616 -0.4999996586205901
283.81399999999996 1.7200000000000002 -0.396932301654405
289.99 2.543 -0.499978211547711
298.408 2.026 -0.9999768472693088
303.488 2.646 -0.479031064472505
311.09200000000004 2.542 -0.8322229959089291
316.587 2.747 -0.499037665409421
322.302 2.1319999999999997 -0.9989505962897532
331.594 2.44 -0.256655436494965
342.009 1.9249999999999998 -0.38122762636795
348.826 1.3080000000000003 -0.8284378266607142
355.69 2.645 -1.320563088333609
363.12699999999995 1.3089999999999997 -0.499980954075384
370.589 2.749 -0.427996529480128
378.647 0.5880000000000001 -0.8154924576600799
384.588 2.647 -0.499734171460108
390.2 2.235 -0.9997340525346791
395.395 2.44 -0.49724254947298
404.806 2.029 -0.8623106795486271
409.687 2.748 -0.4997815539122771
416.228 1.307 -0.480954610188125
422.185 2.75 -0.969625098884773
430.303 2.032 -0.499999929807065
435.308 2.028 -0.487516313783976
443.941 1.0950000000000002 -0.9611978038655921
