5.091 2.957 0.0
11.485000000000001 2.645 -0.498938495247972
16.686 2.645 -0.27427495662470497
23.316 1.5150000000000001 -0.4999983397220779
29.291999999999998 2.439 -0.99998709822626
35.506 1.9249999999999998 -1.499981083635716
42.38 2.851 -0.492593912731264
51.898 2.233 -0.967191032903644
59.592 2.44 -1.2053167784428171
69.296 2.338 -0.499997082921291
76.843 0.8930000000000002 -0.999996194618918
86.805 1.927 -1.499427975238272
93.069 3.263 -0.461509479100988
102.83600000000001 0.8960000000000004 -0.499997187052417
107.674 3.058 0.443446711236508
116.08600000000001 2.646 -0.499999798508821
125.59400000000001 2.438 -0.999903748101391
131.185 2.647 -0.493906248764535
141.30999999999997 1.823 -0.499999719482841
148.016 1.617 -0.99990709748436
155.2 2.133 -0.407803643313676
160.084 2.749 -0.29780238050456004
166.309 1.9249999999999998 -0.499999958570274
172.132 1.1030000000000002 -0.3733473221373879
180.414 1.7189999999999999 -0.499773469172092
189.51500000000001 1.718 -0.498202854053099
196.112 1.8210000000000002 -0.499591791410787
202.00199999999998 2.131 -0.29097115540856
207.675 3.059 -0.775267921706731
217.518 1.616 -1.235409328107755
221.882 2.852 -0.4997243335679439
229.1 2.234 -0.24511885308582
237.89600000000002 2.338 -0.6688730557132
243.589 2.645 -0.499943306279563
250.596 2.5380000000000003 -0.999943242650659
258.392 2.543 -1.4999039734064388
264.80699999999996 2.028 -1.9990315521824
273.788 2.749 -2.49903138661374
280.529 1.4089999999999998 -0.484848833955549
287.515 1.8199999999999998 -0.4999984949812821
293.31600000000003 1.7189999999999999 -0.999850985733334
299.44599999999997 0.6889999999999996 -1.4994809362872332
303.306 2.029 -1.9992829139491408
309.984 2.851 -2.499041938142253
316.71999999999997 1.6150000000000002 -0.430387923451261
324.408 2.0269999999999997 -0.770851132739077
330.299 2.336 -0.49975010583123
338.524 1.512 -0.269816632715886
348.11699999999996 1.8199999999999998 -0.499967731582622
356.296 2.44 -0.494669199154261
364.581 2.338 -0.781420975585654
371.62699999999995 1.4100000000000001 -1.108275809038157
379.21099999999996 1.411 -0.499998100644752
387.38900000000007 2.234 -0.038120389382219004
392.97200000000004 2.852 -0.17961273452815002
399.396 2.029 -0.6658589294700079
404.384 2.542 -0.4998204922235159
409.984 2.543 -0.999193691420106
415.49800000000005 2.13 -0.41372218011415296
420.086 2.543 -0.4999907626573011
428.57 3.161 -0.9998570457631132
437.718 1.6139999999999999 -0.33201774653071003
442.8 2.233 -0.499695904149735
