140.58100000000002 3.356 0.0
148.667 1.1710000000000003 -0.4923757199552561
153.543 1.795 -0.990213477606646
157.986 3.149 -1.4467083196087018
166.57599999999996 3.46 -0.19265745188557895
172.884 3.252 -0.14714951888603298
181.18099999999998 3.355 -0.406943473097174
189.21799999999996 2.318 -0.30738164319392
194.82799999999997 2.108 -0.492024450635442
5.417 2.625 0.0
10.171 3.354 -0.4923757199552561
16.586 3.04 -0.990213477606646
22.493 2.834 -1.4467083196087018
28.178 3.25 -0.19265745188557895
34.618 2.211 -0.14714951888603298
43.409 2.521 -0.406943473097174
52.209 2.623 -0.30738164319392
61.803 2.731 -0.492024450635442
69.301 2.834 -0.939462872832654
74.97200000000001 3.354 -0.159541227562673
84.754 1.2719999999999998 -0.484127901431388
89.424 2.102 -0.176320129167693
95.829 1.8969999999999998 -0.09452422907600297
101.033 1.8930000000000002 -0.4342729994885869
106.205 2.521 0.05032077636146104
114.271 3.355 0.21325164481780406
120.513 2.314 -0.488420480542327
126.018 2.21 -0.9782631587888679
129.87499999999997 3.354 -0.212030555862808
141.546 1.585 -0.496656603250698
147.37 0.9619999999999997 -0.879302144269968
152.876 3.457 -0.242038095334085
162.013 2.522 -0.499096649946279
167.393 2.834 -0.962420873949836
177.234 1.8930000000000002 -0.022919815711516
184.961 1.0660000000000003 -0.064673518024222
190.69700000000003 2.73 -0.4443412168313259
197.81300000000002 2.314 -0.353733152793401
205.512 2.416 -0.482963953999897
210.47799999999998 3.25 0.3733202902296301
217.433 1.895 -0.47348270475322
222.305 2.623 -0.049256996745321
227.677 3.3529999999999998 -0.29418103997923994
234.301 2.729 -0.482449673303453
241.592 3.04 0.160373576849305
247.718 2.415 -0.415218816518908
254.59300000000002 3.041 -0.8338943602783921
262.337 1.8980000000000001 0.153553275351049
270.664 1.165 0.422824707347298
278.04200000000003 1.6869999999999998 0.7206176331503069
284.89 2.939 0.4873642723205819
290.72 2.209 -0.436054015302189
296.865 1.1639999999999997 -0.884979324105258
300.68 3.249 -0.331434918308219
307.905 2.624 -0.41313544139012
317.017 2.312 -0.263855989288455
324.401 2.729 -0.40008496094863505
333.634 1.8969999999999998 -0.49014249392176
343.04200000000003 1.7910000000000004 -0.985814314781061
349.60900000000004 2.625 -0.06328108657572099
357.32099999999997 2.314 -0.11536455263747597
362.99699999999996 2.833 -0.433282321044522
372.824 2.106 -0.8939779327185109
378.016 2.414 0.186177374560673
387.418 2.312 -0.403040701209548
393.953 1.3769999999999998 0.011584649659121
401.392 2.938 -0.324049416611542
407.405 2.625 0.038881208028743015
413.799 2.732 -0.446679732418802
424.23299999999995 1.8980000000000001 -0.8686830756331679
430.30400000000003 2.727 -1.340557683822656
436.865 1.1669999999999998 0.22124851594134096
441.889 3.145 -0.436953828563248
