5.718999999999999 2.315 0.0
13.815999999999999 2.419 -0.34615063910315
22.084999999999997 3.041 -0.774021220717658
28.57 3.456 -1.034817740727496
34.183 3.043 -0.485487939596305
39.078 3.248 -0.9758511436804108
44.78600000000001 2.94 -1.475161924866645
51.974999999999994 3.252 -1.9723801581080869
63.23199999999999 1.895 -2.4687525072747247
72.22900000000001 1.999 -0.4331478393284121
78.173 3.457 -0.684410012564817
89.02000000000001 2.311 -0.499805257851392
94.09400000000001 2.938 -0.9719586877608509
102.319 2.315 -1.4653769676661093
109.151 1.5839999999999996 -0.413311483937698
114.01400000000001 2.313 -0.24703917724504798
121.207 2.521 -0.17454769084507998
131.975 0.8530000000000002 -0.53540207200103
135.59199999999998 2.936 -0.8795476485492851
143.279 0.7489999999999997 -0.4687739574565639
146.486 3.042 0.039671902530513004
153.72599999999997 2.002 -0.486610527196457
160.379 3.249 -0.391265071612274
167.455 1.2739999999999996 -0.4970270123065461
171.49900000000002 2.73 -0.31603742285897496
181.62199999999999 2.209 -0.760615061203655
191.044 1.6889999999999996 -1.189481591648914
196.01500000000001 2.419 -1.4953523118869378
201.594 3.041 -0.45634418946171
209.871 0.8580000000000001 -0.9184783363933341
214.81400000000002 2.415 -0.212185986521757
220.686 3.143 0.08304109791272299
227.86300000000003 1.1660000000000004 -0.4984926359782921
234.454 1.275 -0.225656847320591
239.02 2.209 -0.488083362599913
243.782 3.247 -0.076152942518192
252.63100000000003 1.9980000000000002 -0.499544467808753
262.246 1.6839999999999997 -0.010161809391625
266.505 2.625 0.11034463457125697
271.898 2.832 -0.4997324508657161
278.941 1.79 -0.9995729519847312
282.979 3.3529999999999998 0.36089558999581
290.99600000000004 2.938 -0.490979159528347
299.487 0.548 -0.9896592695296559
303.086 3.144 -0.436280952969144
312.303 2.727 -0.498918755579034
321.30400000000003 2.727 -0.995574580622048
326.788 3.042 -1.460064305424349
334.59 3.041 -1.9591175878877531
344.829 2.102 -2.456553367115105
352.62 2.311 0.02307084341532
357.308 2.623 -0.400232621024182
363.72599999999994 2.105 -0.495272086537641
372.734 1.9969999999999999 -0.977867418723122
378.275 3.457 -0.35458848785187297
389.07 1.0639999999999996 -0.499595159918718
395.01500000000004 2.52 -0.238662104529148
403.02299999999997 2.209 -0.495919759563525
408.335 1.8969999999999998 -0.139456053262784
414.726 2.106 -0.07957690148086499
421.31699999999995 2.415 -0.475719511650729
428.804 2.728 -0.478837363180508
436.48699999999997 3.145 -0.9547287573134141
442.615 2.417 -1.453941572897045
