4.679 3.3689999999999998 0.0
12.771 3.161 -0.470311007069259
19.695999999999998 2.437 -0.499999999999516
27.27 3.2649999999999997 -0.46827810476586
34.382000000000005 3.056 -0.499982466255498
43.46900000000001 2.852 -0.497254554256411
52.262 3.16 -0.887619259278928
61.562999999999995 3.161 -1.3679601029731678
69.161 3.2640000000000002 -1.8653955178736719
77.132 0.7939999999999996 -0.499999931642452
82.87700000000001 2.85 -0.497837252705889
87.56099999999999 3.367 -0.8303619357418021
95.06899999999999 3.26 -1.3281241918093658
99.756 3.574 -0.499999999996819
109.693 2.44 -0.999999967054476
114.987 2.646 -0.279367884504272
124.682 2.853 -0.4141757575868389
131.69299999999998 2.543 -0.499996612553777
139.685 2.338 -0.46005027759035
147.56 3.3659999999999997 -0.84356506822028
152.862 3.161 -0.499999999958057
161.482 2.542 -0.9999973330260171
167.36499999999998 3.161 -0.4937105811043661
174.655 3.472 -0.499977729324499
179.86499999999998 3.263 -0.99997771780512
186.579 2.75 -0.499038247020786
192.18200000000002 2.748 -0.585150023550028
197.765 3.266 -0.499999998187003
206.809 1.823 -0.9999999629150921
210.364 3.4690000000000003 -0.499863265423492
216.96500000000003 3.4690000000000003 -0.4999985265701261
224.16 3.676 -0.4864156782847199
232.263 3.161 -0.499931811150084
237.549 3.675 -0.9999317746523221
243.36 3.2640000000000002 -0.4859501973636761
249.37500000000003 2.749 -0.499999929266732
255.369 2.955 -0.9999997269885319
262.579 2.646 -0.495672299031255
268.378 2.749 -0.957012495987654
273.96500000000003 3.263 -1.4513322789905772
279.168 3.161 -0.499990952661145
286.566 3.2640000000000002 -0.483376542537299
295.97 3.162 -0.499940520386904
304.072 3.161 -0.999940482620686
309.773 3.161 -1.499940033197483
315.38 2.955 -0.495522566108524
323.777 2.748 -0.4999994668594439
328.76300000000003 3.263 -0.999978667042056
335.173 2.853 -1.49996864324668
344.361 3.2649999999999997 -1.9999682089182642
350.154 3.572 -0.497604389680473
357.657 3.4690000000000003 -0.49999999986249
363.666 3.161 -0.999999999595994
372.77000000000004 3.058 -1.499998367141206
378.177 2.852 -0.479671492111664
384.76399999999995 3.266 -0.978860637733272
390.36499999999995 3.266 -0.499979898772809
396.792 2.44 -0.497684664838111
402.675 3.159 -0.90651664267712
408.37 3.2649999999999997 -1.40347578595379
417.858 3.4690000000000003 -1.8981687335148976
424.791 2.2359999999999998 -0.499999994815313
432.86999999999995 3.057 -0.405961453712221
442.072 2.955 -0.9031208628733388
