5.32 2.733 0.0
10.878 3.356 0.37433616614098897
17.896 2.8369999999999997 -0.41157667854505503
24.899 2.734 -0.355685590832227
33.079 3.355 -0.533008962991979
39.93 2.005 -0.392360045041189
47.119 2.418 -0.814134081785853
55.489 3.045 -1.283536360660483
62.785 3.149 -1.7111771712498371
69.31700000000001 2.3169999999999997 -2.2005840800055627
75.148 1.4860000000000002 -0.114322774860973
82.995 2.94 -0.40953142060417896
89.021 2.113 -0.904683997151254
96.515 2.319 0.4248007800890061
101.578 3.2560000000000002 0.2346789865535461
109.523 2.2119999999999997 -0.457733917175873
115.042 1.693 -0.337206572959772
122.277 3.3579999999999997 -0.617866524460045
129.50300000000001 2.732 -0.4881053047529221
134.48200000000003 3.253 -0.922224529851225
140.58100000000002 3.356 -1.4109927538909488
148.667 1.1710000000000003 -1.9037005997352847
153.543 1.795 0.15296128466459
157.986 3.149 0.14967541519255498
166.57599999999996 3.46 -0.481724913336291
172.884 3.252 -0.9658356110962948
181.18099999999998 3.355 -0.342792397597057
189.21799999999996 2.318 -0.494222851919981
194.82799999999997 2.108 -0.8730552237754481
202.92699999999996 2.109 -0.180908444100132
208.19299999999998 3.043 -0.4722535686486679
217.809 2.524 -0.33495189343421305
224.986 3.251 -0.08908912312506602
235.387 2.733 -0.455322064368639
243.175 3.146 -0.83761473167887
253.392 2.6310000000000002 -1.2407261880198992
258.59000000000003 2.834 -0.32186628469738104
267.59299999999996 2.733 0.15276650340362394
274.26800000000003 3.459 -0.45839488167021
281.223 2.005 -0.8935193467728829
286.389 2.94 0.25993250104853
292.074 3.356 0.45704641160985104
297.071 3.46 -0.487182639178522
304.329 1.9019999999999997 -0.9757666806481532
311.10699999999997 2.526 0.06562156704276699
316.71200000000005 2.522 0.020815708894071992
324.72799999999995 2.11 0.24209153271938502
329.598 2.94 0.391315508627911
336.77 3.252 -0.4651790896978461
342.385 2.8369999999999997 -0.270356587451294
350.09000000000003 2.733 -0.44588748902833
357.572 3.252 -0.8116746625676969
365.27099999999996 3.355 -1.262493528601944
373.84 1.487 -1.7591626492446348
378.21500000000003 2.213 -0.336142033947995
383.91300000000007 2.316 -0.536718337956682
391.45099999999996 1.3789999999999996 -0.14755981367134907
398.00499999999994 2.627 -0.10060684557517008
407.201 2.732 0.035021404402713924
412.074 3.46 -0.380573351889411
418.21299999999997 2.523 -0.290432220294062
424.33000000000004 2.006 -0.3702500040242889
432.359 3.564 -0.22280217688035406
441.562 3.461 -0.5268575954025281
5.7330000000000005 2.313 -0.114322774860973
11.447 1.5819999999999999 -0.40953142060417896
15.794 2.835 -0.904683997151254
20.983 3.146 0.4248007800890061
27.217 2.312 0.2346789865535461
32.813 2.416 -0.457733917175873
38.196000000000005 2.833 -0.337206572959772
47.504999999999995 2.624 -0.617866524460045
52.501 2.728 -0.4881053047529221
5.417 2.625 -1.4109927538909488
10.171 3.354 -1.9037005997352847
16.586 3.04 0.15296128466459
22.493 2.834 0.14967541519255498
28.178 3.25 -0.481724913336291
34.618 2.211 -0.9658356110962948
43.409 2.521 -0.342792397597057
52.209 2.623 -0.494222851919981
61.803 2.731 -0.8730552237754481
5.506 2.524 -0.4722535686486679
10.802 2.728 -0.33495189343421305
17.471 3.459 -0.08908912312506602
27.296 2.935 -0.455322064368639
36.113 2.519 -0.83761473167887
42.746 1.6869999999999998 -1.2407261880198992
48.709999999999994 2.624 -0.32186628469738104
55.410000000000004 2.521 0.15276650340362394
62.906000000000006 2.625 -0.45839488167021
6.244000000000001 1.7919999999999998 0.25993250104853
10.179 3.251 0.45704641160985104
17.188000000000002 3.144 -0.487182639178522
26.717 2.519 -0.9757666806481532
34.885999999999996 3.25 0.06562156704276699
41.827 1.7919999999999998 0.020815708894071992
50.199000000000005 2.522 0.24209153271938502
55.989999999999995 2.832 0.391315508627911
64.891 2.832 -0.4651790896978461
