4.881 3.16 0.0
13.886999999999999 2.336 -0.167208255396412
18.166 3.058 -0.27370410911464604
26.266 3.059 -0.499632190878689
34.757999999999996 3.4690000000000003 -0.9907854273517888
43.468 3.16 -1.48507566001723
49.489999999999995 2.339 -0.37772811647277504
56.988 2.4419999999999997 -0.603336010309066
65.67999999999999 2.852 -0.4929403689111641
73.08200000000001 2.851 -0.983936516547924
82.175 3.06 -1.4810048543022312
87.679 3.057 -1.978749586555446
95.976 2.648 -0.4164658234252221
102.95799999999998 3.266 -0.611791901285491
114.41 1.5150000000000001 -0.498475801609895
118.979 2.646 -0.29943125997228903
126.275 2.851 -0.7542474705186321
131.96 3.367 -1.168258397227721
139.272 2.957 -0.499977541235267
147.972 3.058 -0.467513571746633
153.89499999999998 2.336 -0.4986607625855821
161.76699999999997 3.3659999999999997 -0.987911372192582
167.775 3.058 -0.266029332723922
173.383 2.851 -0.486955842068252
179.69 2.646 -0.319401374556812
186.874 2.852 -0.487948393012705
191.858 3.468 0.110726161742012
198.45999999999998 3.3659999999999997 -0.499919590893138
206.67199999999997 2.9539999999999997 -0.9997882868037992
215.97899999999998 2.747 -1.4997273229847852
221.576 2.75 -1.9997102956487909
226.36800000000002 3.059 -2.499681595726893
232.27599999999998 2.852 -0.442013067109946
241.694 2.336 -0.488722429223637
248.983 2.748 -0.9880266807411472
255.26500000000001 3.367 -1.476549357965103
262.106 2.0269999999999997 -0.465365176606928
267.273 3.061 -0.7724603105571048
272.274 3.161 -1.2220155247032027
279.57300000000004 2.854 -1.6306738556144638
286.996 2.1319999999999997 -0.4999910013383621
295.172 2.955 -0.19907524985150696
301.36 3.367 -0.286288946597214
309.586 2.542 -0.499066094236949
314.674 2.9539999999999997 -0.9980177919902621
320.274 2.854 -1.498009776221934
328.07099999999997 3.057 0.133734701944219
333.472 3.057 -0.104866682857008
339.986 2.644 -0.495305086789935
345.27 3.161 0.010017099265885
351.09399999999994 2.338 -0.499095160124759
356.79900000000004 2.234 -0.333439689391021
362.598 2.336 -0.8047876612187049
367.678 3.057 -0.4978148328551161
375.375 2.9539999999999997 -0.9964325948420791
387.57500000000005 2.853 -1.495821336755064
397.16700000000003 3.162 -1.995487820515821
404.285 2.644 -0.482564527947977
410.17400000000004 2.955 -0.9552559628692472
420.08400000000006 2.645 -0.497513332130096
427.06 3.4690000000000003 -0.994633126050624
437.28799999999995 2.543 -1.4941393590394698
441.87199999999996 3.16 -0.44713540910151
