73.082 3.251 0.0
79.074 3.459 -0.499327095385599
84.77799999999999 3.355 -0.999300014125136
93.98899999999999 3.044 0.427314638955358
99.681 3.252 0.116406447698441
107.98699999999998 3.0460000000000003 -0.49575600534867
114.89099999999999 3.043 -0.9874859154085891
122.082 3.253 0.273616413285904
127.69900000000001 2.8369999999999997 -0.478747494166991
5.005000000000001 3.06 0.0
11.394000000000002 2.338 -0.499327095385599
19.492 2.441 -0.999300014125136
26.411 2.224 0.427314638955358
29.136000000000003 4.499 0.116406447698441
34.723 4.499 -0.49575600534867
43.623 4.499 -0.9874859154085891
54.864 2.959 0.273616413285904
61.28699999999999 2.3369999999999997 -0.478747494166991
66.87299999999999 2.852 -0.976697624233852
72.177 2.749 -1.4611559117211592
78.687 2.44 -1.960591660868364
86.692 2.2359999999999998 -2.4603351581303863
92.09 2.439 0.473269289658177
100.19200000000001 2.439 0.709711050052367
105.278 2.854 1.1527199303698792
111.788 2.545 -0.499860954288583
119.901 2.233 -0.4397687461181321
127.70500000000001 2.131 -0.49987636390142
135.086 2.3369999999999997 -0.461189117297606
142.587 2.237 -0.895553880661353
148.302 1.9219999999999997 -1.0564420541524742
156.671 2.853 -1.0847962102803193
165.50000000000003 1.9260000000000002 -1.5481181282714531
175.103 1.924 -0.495266737219008
183.593 2.338 -0.376400316287845
191.09 2.44 -0.490780791599468
197.405 1.9260000000000002 -0.971839248043288
205.581 2.852 0.4363568319370661
212.92300000000003 1.5110000000000001 0.7200946560817041
218.30700000000002 2.028 0.26320730637239803
225.81 1.9260000000000002 -0.488367514609331
230.77900000000002 2.646 -0.278100766790568
237.202 1.923 -0.499901476922897
246.197 2.028 -0.9773921959028932
251.974 2.751 -0.4543980963791429
259.31000000000006 1.6189999999999998 -0.8271846349076291
264.571 2.955 -1.026379770703668
270.363 3.2649999999999997 -0.499494293622742
275.464 3.2640000000000002 -0.469064346706764
284.36 3.37 -0.499170676027229
290.492 2.44 -0.257157292066155
297.64 0.6919999999999997 -0.391241639270404
300.77399999999994 3.059 -0.31737953917753703
308.028 1.306 -0.705170849540578
316.413 1.822 -1.068273161635374
322.168 3.058 -1.497259982015942
329.686 2.44 -0.498887887338324
337.329 0.8969999999999998 -0.458937582460137
342.537 0.6889999999999996 -0.778688371494239
346.184 2.542 -1.188488894870666
354.996 2.131 -0.499758126181835
362.594 2.133 -0.9970319143214641
367.492 2.336 -1.484704372173205
371.971 3.058 -0.3209113635605481
378.572 3.058 -0.4745611861421989
385.871 3.16 -0.974539606063162
396.699 2.235 0.13590941767665798
406.0 2.235 -0.494942355352754
413.61999999999995 1.516 -0.9939611341497541
420.91 1.718 -0.454054159170428
428.1650000000001 3.263 -0.21277417712435104
434.89700000000005 2.131 -0.499907096749676
442.896 2.1319999999999997 -0.9939277391316972
