271.87199999999996 3.459 0.0
277.783 3.149 -0.4694595899007489
284.97499999999997 3.357 -0.9694019107591788
290.684 3.251 -1.468209226111936
299.269 3.566 0.095947935956981
307.673 3.5629999999999997 -0.3344682239750661
315.89199999999994 2.939 -0.495210300876558
324.478 3.253 0.405788655631981
333.68199999999996 3.149 -0.499906716130285
4.578 3.4699999999999998 0.0
10.453 3.778 -0.4694595899007489
18.854 3.779 -0.9694019107591788
27.165 3.4690000000000003 -1.468209226111936
32.554 3.8810000000000002 0.095947935956981
38.352 3.779 -0.3344682239750661
45.454 3.677 -0.495210300876558
53.666000000000004 3.365 0.405788655631981
60.859 3.572 -0.499906716130285
69.655 3.676 0.204620162940619
77.36200000000001 3.4690000000000003 -0.26196743192288297
82.361 3.4699999999999998 -0.5630705059661639
88.754 3.778 -0.804565249654396
98.06 3.572 -0.499330378623801
104.569 3.263 -0.996764160805496
113.05799999999999 3.675 -0.18404217046855104
122.461 3.573 -0.485648327444587
128.066 3.4690000000000003 -0.20347956845678306
136.85600000000002 3.676 -0.27587314163896404
144.45 3.882 -0.35876168608855896
154.558 3.675 -0.495435991159948
160.363 3.573 -0.366919289858832
167.754 3.779 -0.689588779893354
174.551 3.882 -0.472315740756463
183.658 3.675 -0.424159780784918
193.356 3.677 -0.4834381713579339
198.654 3.779 -0.071053218489024
204.254 3.779 -0.496051481061889
209.65600000000003 3.778 -0.9929376435852021
217.56500000000003 3.4690000000000003 -1.472982763164082
223.066 3.4690000000000003 -0.373023133017128
229.16199999999998 3.574 -0.769697324115489
237.053 3.7809999999999997 -1.218930330375271
244.45600000000002 3.778 -0.47907434962777
250.953 3.8810000000000002 -0.423868923384215
256.67400000000004 3.263 -0.498748127425779
265.264 3.4699999999999998 0.060484999712442
270.26 3.677 -0.499841641364554
278.35699999999997 3.778 -0.996241952817878
284.153 3.882 -0.453890787228979
289.85699999999997 3.778 -0.498968628642612
299.06000000000006 3.674 -0.9859964741466559
304.67199999999997 3.2640000000000002 -1.479599601327403
311.96 3.675 -1.9793174307913999
317.26 3.575 -0.29415970409236303
323.367 3.572 -0.7337362874448909
329.76 3.778 -0.993381977440269
335.456 3.882 -1.437949656255132
340.65999999999997 3.675 -1.8828032581178218
345.65799999999996 3.778 -2.0442953998495437
354.95799999999997 3.778 -0.492985141987009
360.455 3.7809999999999997 -0.977194904508146
368.058 3.778 -1.4451855763870411
377.657 3.779 -1.944953146302608
383.86 3.676 -2.443025580534794
389.96 3.676 -0.308717128917045
395.45200000000006 3.8810000000000002 -0.651624067680902
402.45799999999997 3.778 -0.4978765383541551
408.161 3.675 -0.9911639512949092
413.661 3.676 -1.4910750827153259
419.541 3.779 -1.964559958615603
426.24699999999996 3.574 -2.4464160671082817
433.84399999999994 3.778 -2.9461946368913297
441.351 3.673 0.001202077239048
