69.571 3.458 0.0
75.172 3.357 -0.488089675304496
83.47800000000001 3.252 -0.499999999993719
89.095 2.836 -0.495071809299754
97.16600000000001 3.666 -0.9893039496411612
103.17699999999999 3.356 -0.499963983526128
109.988 3.147 -0.9999332360356371
117.27199999999999 3.564 -0.41893270445986097
126.36699999999999 3.564 -0.499999620911468
5.9190000000000005 2.131 0.0
10.971 3.161 -0.488089675304496
20.098 2.234 -0.499999999993719
24.993000000000002 2.44 -0.495071809299754
31.285 2.748 -0.9893039496411612
36.88 2.853 -0.499963983526128
44.197 2.2359999999999998 -0.9999332360356371
49.18800000000001 2.748 -0.41893270445986097
55.089 2.646 -0.499999620911468
60.98800000000001 2.748 0.487264935344299
70.289 2.544 -0.499999984614965
75.783 2.75 -0.999967080596434
82.681 2.853 -1.4999670805732859
88.07199999999999 3.161 -1.9999670321710032
96.874 3.26 -0.467238688680486
106.285 2.749 -0.499999944569825
115.69399999999999 2.34 -0.49976461307891
121.882 2.752 -0.929726667157203
129.895 2.439 -0.499878752789524
136.79500000000002 2.439 -0.458379018171704
141.983 2.851 -0.499995604450401
148.698 2.2359999999999998 -0.999995604447166
155.601 2.235 -1.49999560413979
164.58499999999998 2.853 0.488861606582497
171.467 3.368 -0.01025169916103591
179.691 2.544 -0.499999986258584
188.475 3.06 -0.999999615639952
195.96800000000002 3.367 -0.498463316546765
204.39800000000002 2.3369999999999997 -0.9969944338886552
212.401 2.134 -1.1570317768887513
217.29600000000002 2.439 -1.6562216490178092
221.57399999999998 3.162 -0.499999998892568
227.087 2.749 -0.463463261323334
232.474 3.162 -0.499999653672436
237.88099999999997 2.955 -0.9998913581805842
247.575 3.161 -0.499093060127591
257.277 3.16 -0.9926397554090379
266.78000000000003 2.542 -1.4831153686841962
274.278 2.646 -0.499981025871293
280.059 3.3659999999999997 -0.13947261382862
288.06 3.3659999999999997 -0.499999985294775
294.77500000000003 2.852 -0.4992429293110001
300.485 2.543 -0.49999964575767
306.27200000000005 2.957 -0.9999619643368621
315.17900000000003 2.852 -1.499961625747226
322.565 3.368 -0.499780037409012
331.769 3.2649999999999997 -0.499999906022047
337.283 2.751 -0.999999898617506
346.31299999999993 1.8239999999999998 -0.4883526859359071
350.666 2.955 -0.988228668155934
358.167 2.955 -1.27098154685177
365.355 3.368 -0.4999948511924161
371.153 3.471 -0.9999948508708308
377.27000000000004 2.955 -1.49999003952464
382.95599999999996 3.4699999999999998 -0.435625118477705
388.661 3.3659999999999997 -0.499999997800669
394.983 2.545 -0.422236222093884
403.181 2.749 -0.92144418041814
411.762 3.4690000000000003 -0.499984517440662
420.08299999999997 2.749 -0.9999845173946912
425.177 3.056 -0.30135145672112296
430.06800000000004 3.3659999999999997 -0.4911200707946519
436.184 2.751 -0.6253669451786389
441.96299999999997 3.059 -0.499967831125992
