6.124 1.9249999999999998 0.0
12.291999999999998 2.441 -0.477196116979315
20.886 2.748 -0.9760602910014641
30.391000000000002 2.3369999999999997 -1.0768436050455932
35.975 2.853 -1.5755062049633282
42.284 2.7439999999999998 -1.999083400422707
52.489000000000004 2.439 -2.4982281330556555
60.876000000000005 2.852 -0.4999915156486041
67.25800000000001 3.4699999999999998 -0.4931728508560421
75.97099999999999 3.1580000000000004 -0.9851422135984832
83.564 3.164 -0.7831783264355959
91.171 3.059 -1.2706665101036279
97.186 2.545 -1.0944902590703458
104.795 2.3369999999999997 -0.499999928594127
110.984 2.749 -0.999383147358106
118.993 2.542 -1.4992089923195948
125.406 2.13 -0.17609172408605395
133.005 1.9249999999999998 -0.499994803916524
140.11 1.7189999999999999 -0.9996740950260601
148.781 2.748 -1.499442759108423
155.80599999999998 1.924 -1.999065079577739
164.68400000000003 2.646 -2.498988203308186
170.38799999999998 2.543 -2.9989390822569084
176.62 1.4100000000000001 -0.467310381287795
182.319 1.411 -0.499727670419378
189.29799999999997 2.133 0.201883123769385
194.388 2.545 -0.4999985346038661
200.72 1.412 -0.999998534595604
205.30100000000002 2.233 0.342125317533351
210.70700000000002 2.0269999999999997 -0.499984361703529
216.321 1.616 -0.497429360681496
222.315 1.516 -0.49999994851751
226.785 2.646 -0.999997554836714
233.003 2.128 -0.441383885539638
241.011 1.7200000000000002 -0.8618587799818741
250.012 1.7189999999999999 -0.499999915904815
256.113 1.718 -0.9999986711449428
260.894 2.3369999999999997 -1.4999802538673317
268.90799999999996 1.923 -0.496438083667729
277.20799999999997 1.8239999999999998 -0.499974465397578
285.115 1.717 -0.9999742829178828
288.774 3.058 0.2936369101709411
295.712 1.8199999999999998 -0.499999999018349
304.398 2.2359999999999998 -0.13938253747497598
309.795 2.34 -0.637198940732578
318.489 2.543 -1.1360626767297128
323.68199999999996 2.85 -0.499999999959384
331.477 2.955 -0.999934722966492
337.49100000000004 2.542 -1.4999346714641248
345.17900000000003 2.9539999999999997 -0.496975087186355
353.425 1.3080000000000003 -0.5579601372302231
360.975 3.058 -0.981564573637038
370.494 2.44 -0.499999900960527
376.077 2.956 -0.490951041185274
381.38800000000003 2.645 -0.9803111300875279
387.073 3.16 -1.479304028921444
392.68800000000005 2.645 -0.49999998766704
400.012 1.822 -0.476214362224181
406.589 2.646 -0.975487774137212
413.48999999999995 2.647 -0.499999785009449
419.699 2.235 -0.498603701512836
428.69000000000005 2.544 -0.49999480592186
436.38300000000004 2.851 -0.434351775283553
442.18399999999997 2.85 -0.897619052762928
