5.294 2.75 0.0
15.097999999999999 2.028 0.496920928279584
19.990000000000002 2.336 0.859056678002896
25.386 2.441 1.3488979311611429
33.007 1.822 1.8318426348002617
39.502 1.928 1.736088302351754
47.38 2.852 2.1017651298370694
56.309000000000005 1.924 1.7983273630404482
62.782999999999994 2.851 1.5549643344468116
71.291 2.544 1.1516822695763111
77.177 2.851 -0.480158676049546
84.367 3.16 -0.173194436950889
94.16499999999999 3.263 -0.438729773334503
100.98099999999998 2.647 -0.317317808216393
106.69099999999999 2.3369999999999997 -0.498740944624086
115.387 2.541 -0.20542520225690694
121.797 2.231 -0.5635105808889059
127.70499999999998 1.924 -0.496071414333433
135.188 2.542 -0.992371648297683
144.29500000000002 2.3369999999999997 -0.424760583505096
150.17600000000002 3.057 -0.638358514243796
156.7 2.234 -0.506092584546636
161.287 2.748 -0.499466817950985
170.566 3.1630000000000003 -0.244038826545024
176.372 3.057 -0.4996320102056071
181.974 2.955 -0.165745228070797
188.27900000000002 2.75 -0.5382737405624061
192.96800000000002 3.161 -0.482432348857478
201.797 2.1319999999999997 -0.41358859197343295
206.166 3.263 -0.5379928951940669
215.87699999999998 2.853 -0.44372545641810296
221.985 2.545 -0.928120696010968
226.37 3.16 -0.019258521713127
234.974 2.957 -0.4990137732146429
240.78300000000002 2.749 0.088480119029796
247.19699999999997 2.336 -0.443913451378275
251.973 3.161 -0.93309285627689
257.68 2.955 -1.4114158597529578
262.675 3.161 -0.20112974999498495
270.407 1.923 -0.484851230040333
276.671 3.059 -0.321772068562961
283.965 3.3659999999999997 -0.468782757837825
290.371 3.16 -0.9511538108446612
296.189 2.542 -0.265666464315897
304.094 2.3369999999999997 -0.6128479689103989
310.968 3.263 -0.459456505867449
318.878 2.9530000000000003 -0.9535800125691648
325.40000000000003 2.131 -1.448385404120634
333.98599999999993 2.646 -1.939891937162744
339.194 2.439 -0.330424592090721
343.86000000000007 3.573 -0.7388430682901509
353.46200000000005 3.573 -0.496618802632846
361.37399999999997 3.058 -0.9625499970758641
370.58299999999997 2.749 -0.34324113848965004
376.969 3.263 -0.461736028354283
383.97900000000004 2.9539999999999997 0.056673209102365
392.773 3.16 -0.249995061754108
400.063 3.4690000000000003 -0.466908589940786
409.671 3.161 -0.964716917947845
416.395 2.3369999999999997 -1.4486426654292242
422.29200000000003 2.541 -0.4111809904931311
429.778 2.955 -0.45665355543736
436.266 3.367 -0.27165262403759
441.358 3.676 -0.499298431848727
