4.886 3.162 0.0
14.17 3.1630000000000003 -0.380089465183128
20.189 2.644 -0.447018611861328
27.275 3.16 -0.9119445894185358
32.272 3.266 -1.400112823932523
40.263 3.159 -1.894760225032959
48.76499999999999 3.057 -0.145346054131547
57.299 1.9249999999999998 -0.499043007264681
62.69 2.234 -0.026772372953457
67.588 2.3369999999999997 -0.442104318943084
73.387 2.439 -0.94004051002712
81.976 2.852 -0.358516577764875
87.16799999999999 3.16 -0.248342215768115
97.819 1.411 -0.32950924912040697
100.653 3.678 -0.60581056886101
110.31 1.823 -0.10879855530000204
116.116 1.6180000000000003 -0.5356282000360961
121.61200000000001 1.823 -0.6748688413483751
127.381 2.955 -0.8210259405085951
135.069 2.9539999999999997 -0.489497087678805
142.171 2.852 -0.9378333203511949
149.698 1.9260000000000002 -0.28209312442173
154.893 2.131 -0.497186202953119
162.082 2.543 -0.237574952253103
171.46800000000002 3.059 -0.493376080514971
180.102 1.9260000000000002 -0.059025152337353
185.08100000000002 2.748 -0.290728602002572
191.08100000000002 2.849 -0.659869359150413
199.973 3.059 -0.42947381992629
204.865 3.368 -0.897442807462727
210.985 2.749 -0.152209144029121
217.576 3.059 -0.498883693493365
226.972 2.9530000000000003 -0.9972668153793038
232.691 2.234 -1.4968759856664748
237.965 3.16 -1.9468369582654181
243.858 3.367 -2.433900765597122
249.26100000000002 3.164 -2.931898068732256
256.176 2.749 -3.4299546778356658
262.258 3.368 -0.350590301406205
267.562 3.2649999999999997 -0.4696809130377549
276.87800000000004 2.851 -0.951585798909374
286.27299999999997 3.057 0.102986710555745
292.799 2.1319999999999997 -0.05002622235086002
297.578 2.9539999999999997 -0.470486700390564
305.896 2.438 -0.874078066128998
312.576 3.159 -0.938171257077681
318.678 3.058 -0.492967687125619
325.488 2.439 -0.9535797655663248
332.86199999999997 3.2640000000000002 -0.138422614216288
342.58 2.646 -0.499788764252912
348.279 2.647 -0.945275626778154
353.683 2.644 -1.4191746286068234
360.09799999999996 2.029 -1.854346700023251
365.773 2.955 -2.350298472427901
373.419 1.512 -2.805685712761791
379.16999999999996 3.16 -0.40061853992712093
384.465 3.3659999999999997 -0.470655169080366
392.37499999999994 3.057 -0.970437475575802
401.276 3.058 -1.4450912836905008
407.48 2.955 -1.936075203800919
417.8949999999999 2.2319999999999998 0.22574942460726105
426.51300000000003 1.6150000000000002 -0.03446972932078598
434.18000000000006 2.748 -0.496827075206034
443.105 1.923 -0.3427719104312429
