5.1979999999999995 2.851 0.0
10.68 2.75 -0.499980749936505
17.269 3.162 -0.9999605506199529
26.884999999999998 2.646 -0.498342645425261
33.273 2.958 -0.9489791138449921
40.987 2.646 -1.2169694219211928
45.673 3.16 -0.499435234705311
52.205 2.129 -0.061280716882486985
60.178000000000004 3.058 -0.499889726016069
67.39300000000001 2.338 -0.458236831531914
73.596 2.235 -0.499999999494807
78.281 2.75 -0.307783355457245
83.47800000000001 3.0540000000000003 -0.499999998144521
89.07800000000002 2.9539999999999997 -0.999975180403468
94.96900000000001 3.263 -1.4996130423475669
103.574 3.058 -1.9995095536582008
112.49900000000001 2.233 -2.499509545800434
116.96300000000001 3.4690000000000003 -2.9995095022339173
127.602 2.13 -3.4995082035504335
133.584 2.748 -0.491693321935818
140.486 2.747 -0.7894219595468879
147.38899999999998 2.746 -0.8192207085958639
152.769 3.367 -0.499632252327569
158.382 2.851 -0.4898133617885821
164.17799999999997 2.955 -0.8340007975036721
170.29699999999997 2.336 -1.2902682404306411
174.677 2.956 -1.657909027729775
182.48899999999998 2.644 -0.49999999757078
191.82 1.513 -0.99992929936731
199.373 3.26 -0.498367894564805
207.381 2.852 -0.499999803402084
213.07799999999997 2.955 -0.498025992347088
221.493 2.44 -0.49999483867122
227.10600000000002 2.028 -0.999695507409672
232.293 2.441 -0.497864302223962
240.98900000000003 2.545 -0.499999806402071
254.57199999999997 3.3659999999999997 -0.049394875285923
260.787 2.747 -0.499999959738355
268.477 3.057 -0.463034533536104
274.57200000000006 3.162 -0.9165675621058832
282.329 1.205 -1.2038540263898478
287.871 3.2640000000000002 -0.499908855178663
293.898 2.3369999999999997 -0.499348859182995
300.628 1.307 -0.499975560956222
304.874 3.161 -0.999970478386381
309.976 3.059 -1.499970255160191
316.707 2.028 -0.496672617625785
322.39599999999996 2.439 -0.9808731289427041
337.476 3.059 -0.9472455809069341
347.304 2.1319999999999997 -0.499969973178521
352.47599999999994 3.161 -0.4972482808519821
359.10900000000004 2.13 -0.4516629893444671
365.977 3.059 -0.499999180132927
374.78 3.161 -0.9999989706435392
385.087 2.439 -0.14090655090555
393.00399999999996 2.1319999999999997 -0.499494866854674
399.884 2.645 0.337750549870294
410.50399999999996 1.927 -0.4999999645411
418.628 1.2039999999999997 -0.376440703945005
425.194 2.439 -0.4999941395971421
435.61699999999996 1.7200000000000002 -0.9999941391230373
441.755 3.2649999999999997 -1.4999794355312712
