4.994 3.057 0.0
10.981 2.853 -0.25363766463740195
16.679 2.956 -0.5803775057827519
21.986 2.75 -1.078496092517597
30.572 3.058 -0.499924666266776
40.678000000000004 2.852 -0.9999246566123441
45.870000000000005 3.16 -1.4999246482393211
53.884 2.646 -0.465230206648422
60.609 1.8210000000000002 -0.9536797717987112
65.07900000000001 2.9509999999999996 -1.2638394320879611
69.971 3.059 -1.7609078039938793
75.163 3.367 -0.499855632657881
84.702 2.028 -0.999855472646326
89.288 2.647 -1.499833948832585
98.70200000000001 2.13 -1.9994227810152558
105.01999999999998 1.513 -0.28985024234478
110.90100000000001 2.234 -0.4999822101833761
117.572 3.2640000000000002 -0.999642349662202
126.66499999999999 3.266 -0.467782801292541
132.867 3.2640000000000002 -0.499999999894937
140.681 2.851 -0.999999990972872
146.383 2.748 -0.486905597609082
152.77200000000002 3.059 -0.8066416769235341
159.62099999999998 1.6099999999999999 -0.499994500230313
166.266 3.3659999999999997 -0.9999944538070179
174.571 3.161 -1.4999942339871493
180.069 3.263 -0.498562305794697
187.875 3.058 -0.99632152702855
193.273 3.16 -0.919467046409177
199.489 2.645 -1.04562949901757
207.499 2.439 -1.511372099675241
213.08199999999997 2.9539999999999997 -1.9009240724187104
218.971 3.161 -0.499999998258702
228.88600000000002 2.5460000000000003 -0.488623814010887
237.76899999999998 3.2640000000000002 -0.986857973966808
243.278 2.955 -1.347033159866573
248.57399999999998 3.059 -0.499914463532895
256.581 2.852 -0.999914425748855
266.618 1.6150000000000002 -0.497290156947637
270.161 3.572 -0.499999729918708
279.986 2.647 -0.486058931322234
285.57599999999996 3.057 -0.49997355493327
293.368 3.2649999999999997 -0.999973348640586
299.276 3.058 -1.4999691478177843
304.271 3.2649999999999997 -1.999551611216873
311.675 3.263 -0.276456279996815
320.188 2.646 -0.499976709447717
324.981 2.853 -0.461282244586423
334.54300000000006 0.6910000000000003 -0.9080822796244431
338.278 3.056 -1.405979103004814
345.085 2.851 -1.7679935328328138
352.6 2.234 -0.499461761689201
358.686 2.649 -0.9989317322772
367.378 3.057 -1.4988391752092318
374.791 2.544 -0.49741717769718
380.06600000000003 3.4690000000000003 -0.499998856234127
386.78000000000003 2.955 -0.999998845272047
394.293 2.4419999999999997 -1.4999002195767692
402.883 2.853 -0.491017593932403
412.90500000000003 2.133 -0.4770652354876
420.092 2.543 -0.499983304907804
424.885 2.85 -0.498650658673205
435.09999999999997 2.336 -0.4999781426611921
442.39 2.646 -0.3831558172886741
