5.317 2.75 0.0
13.486 2.748 -0.4982055543254221
19.581999999999997 2.853 -0.358742733351198
24.583 2.852 -0.4984951459188621
29.876000000000005 3.057 -0.985813699012842
34.877 3.056 -1.4789516602813682
41.079 2.9539999999999997 -1.9579353013897032
47.574000000000005 3.059 0.040293386606507005
53.385000000000005 2.748 -0.495423029321737
62.895 2.338 -0.442443437938452
67.97800000000001 2.955 -0.64712281090667
74.783 2.75 -0.496669347206824
82.89099999999999 2.543 -0.996233410727852
88.591 2.543 0.009229473738991
95.49 2.544 -0.486166166055246
102.639 0.895 -0.35699905779161795
108.21199999999999 1.822 -0.7944704817374351
114.973 3.162 -1.23885985964167
124.081 2.955 -0.499930865437929
132.29799999999997 2.336 -0.9717443932792459
137.786 2.648 -0.390072084237585
143.083 2.751 -0.8432024616229989
153.62199999999999 1.513 -0.491676766726256
158.60999999999999 1.9249999999999998 -0.043843303970032006
164.099 2.336 -0.422649863935452
172.425 1.4100000000000001 -0.8660741360246951
178.714 1.8210000000000002 -1.2335394052398212
185.47899999999998 3.056 -1.673114091039236
195.1 2.335 -0.498885734965717
203.0 2.235 -0.039317779416033
209.40900000000002 1.9260000000000002 -0.32367607760876604
214.279 3.057 -0.499016144409943
220.60099999999997 2.235 -0.996222305813184
229.197 2.441 -0.4263052537263221
233.98800000000003 2.851 -0.8352069003840591
244.204 1.7200000000000002 -0.492234458795037
251.598 1.927 -0.318169494201828
259.777 2.75 -0.28240678734542196
266.30699999999996 1.8210000000000002 -0.625349032941936
271.597 2.2319999999999998 -0.475033174034355
278.032 0.9980000000000002 -0.430938073617734
283.49 2.4419999999999997 -0.497256488499307
292.906 1.9260000000000002 -0.34770863466205704
304.04600000000005 0.6910000000000003 -0.730344714152332
312.307 2.03 -0.498671207644565
320.206 1.5139999999999998 -0.452954620163291
324.999 1.823 -0.921146850617312
330.07900000000006 2.544 -0.495957060705099
339.22200000000004 1.1019999999999999 -0.116972293930424
345.63 0.895 -0.48708828437833
350.008 1.718 -0.9583981856059108
356.275 2.852 -0.465967137445421
364.185 2.543 -0.499969382785828
371.47900000000004 2.751 -0.40133547050724105
380.678 2.853 -0.499099079519938
389.305 2.028 -0.998776381226622
394.889 2.645 -0.328898211928831
403.84400000000005 0.6910000000000003 -0.499460771147789
407.59400000000005 2.544 -0.9893683601672668
412.957 3.2649999999999997 -1.489133806205091
421.87399999999997 2.748 -1.989029921105786
428.714 1.509 -2.4865625774602034
433.091 2.233 0.113587120201842
