5.401999999999999 2.648 0.0
13.599 2.133 -0.49491193696425
22.412 1.721 -0.22268640662843694
30.569000000000003 3.266 -0.622388937521588
38.19799999999999 2.234 -0.498326528041817
44.304 2.028 -0.996683234598766
54.32299999999999 1.616 -1.4799286852460032
60.123000000000005 1.4100000000000001 -0.40005636816065504
64.882 2.851 -0.8238339521022799
72.583 2.75 -0.499826382498363
78.892 2.441 -0.461624377539505
85.879 2.9539999999999997 -0.545283822201356
95.32199999999999 1.3110000000000004 -0.9526648850157459
102.98499999999999 2.748 -1.2961263710766888
108.90199999999999 2.031 -0.499884456480839
113.18199999999999 2.852 -0.9988825205697418
119.50599999999999 2.028 -0.448142660895022
124.595 2.44 -0.067408052833621
131.166 3.4699999999999998 0.35764315786659
139.133 1.2039999999999997 -0.497967920219751
142.366 3.468 -0.9855126872142109
150.895 2.339 -1.485369755538409
157.099 2.235 -1.985154987120408
163.625 1.4089999999999998 -2.4695141537118963
170.085 2.749 0.315441961688178
176.687 2.647 0.301657860890517
182.387 2.648 -0.49817260503283
195.584 2.751 -0.182071469976239
200.794 2.541 -0.640307348844789
208.28 2.955 -0.499115338592688
217.996 2.339 -0.998305257400915
224.90599999999998 2.13 -0.447949221553104
231.48100000000002 2.956 -0.48294250061838
237.593 2.645 -0.9825900772441952
247.004 2.131 -0.43853146103894
254.695 2.441 -0.48106426774476
259.38100000000003 2.955 -0.976569600017848
269.09299999999996 2.543 -1.467939998037567
273.875 3.161 -1.9612010741078234
281.473 2.956 -0.24349232389208
291.084 2.647 -0.33157439588431104
296.668 3.2649999999999997 -0.7938658193502509
306.598 2.336 -0.48072265155539
311.384 3.053 0.161779724324618
319.81899999999996 1.617 -0.4973059114723321
325.192 2.028 -0.249646737281797
330.27399999999994 2.5469999999999997 -0.642861453360818
339.693 2.029 -0.486412653544634
348.49300000000005 2.131 -0.061128096273086
355.684 2.542 -0.49940028593593
363.10099999999994 2.026 -0.991910669245058
372.896 2.1319999999999997 0.16584760466413
377.86600000000004 3.263 0.278503150635927
387.133 0.8980000000000001 -0.499271605501463
390.17900000000003 2.852 0.485915270894178
399.91 1.923 0.857075907199101
404.903 2.031 0.9486178504908368
410.90200000000004 2.133 -0.498139051859096
417.18 2.441 0.181219222155584
425.48499999999996 2.336 0.385080638179272
431.28999999999996 2.1319999999999997 0.8480279597202449
436.689 2.134 0.432086244735696
442.482 2.542 0.6612444135032509
