5.397 2.646 0.0
13.591999999999999 2.335 0.21846358744903505
20.512 1.616 -0.499994860638574
27.881 2.648 -0.20067252838519606
35.916 1.5139999999999998 -0.5518434399436309
43.276 3.056 -0.485555968301074
52.891 2.543 -0.451151125649799
62.499 2.2359999999999998 -0.475963967917767
69.78 2.646 -0.9602377341249
75.382 2.544 -1.438761079861096
83.59400000000001 2.133 -1.9193192835774089
88.58800000000001 2.339 -0.3299725073519261
95.99100000000001 2.336 -0.481364438258187
100.269 3.058 -0.981354607625049
109.17000000000002 2.957 -1.4810423046440482
115.39299999999999 2.235 -0.260182153351341
124.574 2.956 -0.6287789350170159
131.89499999999998 2.336 -1.0654874507344427
139.69500000000002 2.3369999999999997 -1.1992226482946278
148.082 2.852 -1.6542331149474387
153.492 2.543 -0.498622486206437
161.493 2.543 -0.416245431679478
167.471 3.057 -0.44130057217729496
175.481 2.647 -0.8268476623227019
182.028 1.1 -0.490020409972904
186.784 2.544 -0.178935429858667
192.078 2.851 0.21651455755431695
198.071 2.957 -0.494978228754101
205.77399999999997 2.854 -0.9946917544499888
210.874 2.9539999999999997 -0.287699201793423
217.576 2.853 -0.498906460441931
225.083 2.748 -0.461909014405271
232.37500000000003 3.057 -0.496339301234157
238.586 2.647 -0.9960649290427959
243.37 3.2640000000000002 -0.463459795517914
249.17999999999998 2.955 -0.479412192362309
256.412 1.924 -0.978761156380248
264.02500000000003 1.2039999999999997 -0.092576028542927
268.276 2.853 -0.23627380772825
274.47800000000007 2.751 -0.22896892011704395
278.961 3.368 -0.497722305877625
287.082 2.748 -0.968066548676738
296.388 2.742 -1.4637187667683402
305.408 1.822 -1.96345598557012
310.284 2.647 -0.459708882340394
316.097 2.233 -0.5418208882733979
324.195 2.336 -0.467276026551158
329.695 2.3369999999999997 -0.3764995467791311
335.904 2.13 -0.497998465514848
350.981 2.749 0.458005849548005
357.96999999999997 3.161 -0.499964031786294
363.56699999999995 3.2640000000000002 -0.997216612207463
372.56699999999995 3.2640000000000002 -1.4962557974097053
385.487 2.544 -1.9732120415492789
390.881 2.75 -0.371749413990242
396.585 2.646 -0.48213784798962
409.29499999999996 2.336 -0.437607668276984
418.58099999999996 2.75 -0.408746677675321
424.491 2.541 -0.499843606517124
442.59400000000005 2.441 -0.440086194897864
