5.308 2.729 0.0
11.084 3.144 -0.437545454832536
21.947 1.5810000000000004 -0.16847820435125102
29.535000000000004 1.7930000000000001 -0.49626559702891
33.884 3.144 -0.965732971222104
42.675999999999995 3.3529999999999998 -0.13201731691902194
50.754999999999995 1.3739999999999997 -0.490713856707554
64.39699999999999 2.833 -0.32597338018118704
69.372 3.459 -0.488628334715227
75.17999999999999 3.3520000000000003 -0.987931506287761
85.15899999999999 1.3739999999999997 -1.485796273395761
93.126 2.309 -1.9506928324801298
97.909 2.52 0.271268292838003
104.341 1.7880000000000003 -0.4222901439857879
108.691 2.939 0.364453433450882
125.73100000000001 1.999 -0.0035044119574129677
135.676 0.8539999999999996 -0.4232904350212899
141.412 2.518 -0.389704931235324
150.75900000000001 1.2710000000000004 -0.490861717118914
158.298 2.832 -0.16174282171987805
164.409 2.622 -0.44110036146268505
172.05100000000002 1.5810000000000004 -0.470812442897407
178.09699999999998 2.936 -0.336426115253024
186.647 1.7880000000000003 -0.4933849450272229
192.53099999999998 2.0 0.22117517876158105
203.37099999999998 1.06 -0.088890196289476
207.79599999999996 2.835 -0.446099562272637
215.67299999999997 0.9580000000000002 -0.488283297077959
221.53099999999998 2.0 -0.9203011621130229
226.30499999999998 2.726 -1.3586636631748652
238.82599999999996 2.205 -1.787679385137967
245.57899999999998 3.3520000000000003 0.092821718562212
254.917 2.415 -0.493072676645348
259.493 3.039 -0.9141937738009348
266.968 1.1639999999999997 -0.24790262202071
271.792 3.041 -0.39917362096880893
276.99800000000005 2.936 -0.4880790997491191
286.40999999999997 2.622 -0.605921766931772
291.69899999999996 2.833 -0.487561895976628
300.6 2.832 -0.38506464670088897
306.60900000000004 2.623 -0.4948354443546911
312.021 2.311 -0.37138513457622296
318.676 3.457 -0.29324011712319703
324.602 2.731 -0.477098363010386
330.40700000000004 2.726 -0.9425395237783109
341.98 0.8530000000000002 -1.4271070134776542
347.38800000000003 3.145 0.31467447634744106
354.093 3.04 0.15656731006174204
361.05400000000003 1.4789999999999996 -0.16706514129405495
372.90000000000003 2.834 0.004517073749626066
383.56 1.4760000000000004 -0.479372727471147
390.327 2.207 -0.8982685271513979
398.548 1.5860000000000003 -0.263363145386485
405.11100000000005 2.623 -0.5804710476353381
412.322 2.312 -0.451386282324008
417.723 2.311 -0.863259042542755
422.81800000000004 2.416 -0.36609011255554497
430.70300000000003 2.731 -0.7497188309836589
437.637 1.8969999999999998 -0.487184920026185
442.827 2.208 -0.3625439810128901
