5.302 2.75 0.0
11.695 2.54 -0.012058417409964
21.186 2.75 0.100222501365856
28.884 2.75 -0.49398420858604
34.379000000000005 2.955 -0.467097791992211
42.39 2.544 -0.499862565389867
51.276999999999994 2.957 -0.2441441055178889
59.87 3.2649999999999997 -0.4999889380523329
68.29700000000001 2.338 -0.9998375842181461
74.107 2.028 0.23396663016901806
78.28 2.955 -0.19123586132359494
86.339 0.8960000000000004 -0.6548041162083589
92.08 2.955 -0.49987928122249
99.372 3.263 -0.460025448909215
106.27199999999999 3.263 -0.4991420395957311
114.994 2.542 -0.9988633208555301
123.377 3.161 -0.49030424909354
130.3 2.339 -0.499998305000704
138.021 1.6150000000000002 -0.17078369830005094
142.47 3.266 -0.13953304250598195
148.783 2.542 -0.499840444681758
153.657 3.3689999999999998 -0.9992245623978352
162.196 2.44 -1.4992070142181242
167.276 2.853 -0.348391165009039
175.579 2.751 -0.8103936139234079
180.777 2.9539999999999997 -0.499940479032516
186.268 3.2640000000000002 -0.994067352043874
195.30000000000004 2.134 -1.4938272708308602
203.077 3.16 0.293570948609751
210.553 3.468 -0.497244652072019
217.15499999999997 3.3659999999999997 -0.9909048949812828
227.569 2.854 -1.486101038057949
233.08200000000002 2.542 -1.980813151314351
242.083 2.4419999999999997 -2.476591179084119
250.67100000000002 2.956 -0.3561762384001829
259.365 3.1630000000000003 -0.8445620391895429
265.69500000000005 2.234 -0.499998587723675
271.901 1.9289999999999998 -0.2637188602044
279.894 2.338 -0.734446157060745
284.169 3.2640000000000002 -0.499631633142957
291.19100000000003 2.443 -0.9995402987667379
298.676 3.059 0.22922568548322
304.707 2.131 -0.21593628595569705
311.78 2.4419999999999997 -0.4999716125169361
320.258 3.2640000000000002 -0.9986556418163729
327.786 2.3369999999999997 -1.498646113690461
333.47400000000005 2.751 -1.998236753526482
338.974 2.852 -0.218679125838132
348.16299999999995 3.2640000000000002 -0.6995774273663049
355.362 3.467 -0.4999796269700061
361.683 2.646 -0.993002169942784
367.676 2.855 -0.473582275559271
372.369 3.162 -0.952399042601948
377.984 2.748 -0.4949825990922079
384.273 3.06 -0.4926471722493471
389.971 3.1630000000000003 -0.963631130963578
397.29200000000003 2.544 -0.499999667928117
401.951 3.572 -0.485822241217501
408.58000000000004 2.443 -0.499969342761733
412.94700000000006 3.676 -0.386329253397327
422.047 3.676 -0.49992537311298
429.052 3.573 -0.9997804911572828
435.90799999999996 1.718 -1.4971664251476597
442.585 2.4419999999999997 -0.324715666002443
