5.404 2.645 0.0
10.884 2.748 -0.4999859647851379
17.378 2.955 -0.9905834122807868
25.1 2.235 -1.4905754538202638
32.008 1.928 -1.9900969835407976
41.079 2.747 -0.488641148635295
50.980000000000004 2.5460000000000003 -0.499880253760493
56.168000000000006 3.058 -0.277868329631885
61.787000000000006 2.439 -0.499998720111227
67.37100000000001 2.955 -0.42640531159659706
75.26599999999999 3.161 -0.8737433763366491
82.189 2.44 -0.498305497354975
91.397 2.133 -0.483536145249182
99.50200000000001 2.029 -0.7019980669348931
108.50299999999999 2.03 -0.497630975421185
117.197 2.438 -0.33611950073957203
124.288 2.748 -0.491696797093365
131.703 1.8239999999999998 -0.9875264009281041
140.20499999999998 1.7230000000000003 -0.471858640122582
146.011 1.617 -0.4944261781140499
154.487 2.441 -0.42180983640403
162.286 2.542 -0.774402616875087
167.68200000000002 2.646 -0.497823312520124
174.695 2.235 -0.4871424744662629
180.60600000000002 1.923 -0.9719979206349738
187.28 2.85 -1.3924036248706289
196.078 2.9539999999999997 -0.499381689356978
201.899 2.233 -0.9959996243774968
207.97600000000003 3.058 -0.473596847171095
216.704 2.131 -0.4999840889048421
224.674 2.955 -0.99133996587257
230.79000000000002 2.339 -1.491313537423922
237.669 3.06 -0.31122109112408003
242.871 3.059 -0.498842871421654
248.46300000000002 3.266 -0.9988406142507491
255.20000000000002 1.9289999999999998 -1.498840314363234
259.778 2.851 -0.401703473618043
267.177 2.852 -0.4923672340030621
272.583 2.646 -0.9923073358519359
278.506 1.8239999999999998 -0.4250769970811951
283.894 2.336 -0.5354149710943881
292.582 2.75 -0.497015487985025
297.77299999999997 3.16 -0.993847308389697
307.476 3.058 -1.492352287706204
315.01599999999996 1.6189999999999998 -1.9923352988181617
319.894 2.2359999999999998 0.07541055253984599
326.61199999999997 1.718 0.18114335574230603
334.823 1.2069999999999999 -0.17949798546905
341.72700000000003 1.2060000000000004 -0.48137367861311703
348.87499999999994 2.956 -0.811856345238418
354.90399999999994 1.927 -0.4975330998555
361.174 3.057 -0.99716076179329
368.973 3.058 -1.497160295274513
378.533 0.9980000000000002 -1.9933279247043727
383.09799999999996 2.233 -0.32105446854544395
391.57500000000005 3.058 -0.5175613924927279
397.672 3.162 -0.499906822773471
402.77200000000005 3.263 -0.9972732558910652
409.18300000000005 2.852 -1.4961833365277133
415.3829999999999 2.749 -1.991263431101762
423.29299999999995 2.439 -0.488176262881743
428.27099999999996 3.161 -0.584176784007092
433.669 3.1630000000000003 -0.499998355114336
442.18 2.852 -0.9999702951292988
