4.577 3.4699999999999998 0.0
10.352 3.777 -0.499999998855218
18.151 3.678 -0.9999999493613191
26.154 3.675 -1.4999999186864241
33.449999999999996 3.779 -1.9999999127605421
39.868 3.161 -2.499995921864829
44.864999999999995 3.2640000000000002 -0.27677881594354903
50.257999999999996 3.572 -0.6017228235048879
55.856 3.574 -1.1001887928590401
65.866 3.2640000000000002 -0.499999798303954
71.864 3.367 -0.453242898982268
78.35300000000001 3.779 -0.672250047158364
84.16499999999999 3.368 -1.1721305487249618
92.157 3.778 -1.6019328915464168
97.569 3.367 -2.100935697923156
103.454 3.676 -2.585688437368203
111.65700000000001 3.573 -0.499999868958326
116.96 3.471 -0.499911754968629
124.554 3.677 -0.7974192870184809
133.867 3.2640000000000002 -0.499999499096774
138.86100000000002 3.4699999999999998 -0.4704967741227349
143.55200000000002 3.779 -0.9704316090684258
152.656 3.675 -1.4702260698701484
158.15500000000003 3.676 -0.499999363734955
165.052 3.779 -0.999987554911688
171.963 3.3689999999999998 -1.4999875546122008
177.261 3.572 -0.36452894214574894
184.05800000000002 3.676 -0.8463397256428769
190.761 3.674 -0.4999935607111671
200.055 3.677 -0.4985609558457679
207.757 3.575 -0.499999999966366
213.558 3.574 -0.498364723389451
223.158 3.574 -0.499999923820234
232.56799999999998 3.2640000000000002 -0.999997159526701
237.958 3.574 -0.496821274178117
245.558 3.574 -0.499999995624099
251.058 3.574 -0.499848213732215
257.562 3.67 -0.499999999982797
263.557 3.676 -0.99999902065992
272.01099999999997 1.822 -1.499999020074388
276.257 3.677 0.44412243169251
283.862 3.573 -0.0554757944382529
289.96099999999996 3.675 -0.499999903233748
298.857 3.676 -0.494521542572009
304.861 3.572 -0.994416403052198
312.357 3.676 -1.483761143713758
322.25800000000004 3.676 -0.499975386432207
327.658 3.676 -0.499340888208439
335.55800000000005 3.676 -0.99922879889727
344.461 3.573 -0.499966668388708
352.06600000000003 3.368 -0.9999567572311129
360.659 3.675 -0.49680783215597
365.75800000000004 3.676 -0.499999999910949
375.264 3.4699999999999998 -0.999991279791384
380.568 3.367 -0.499214787251637
385.76 3.676 -0.8705939245040971
391.264 3.774 -0.499987410528079
399.456 3.779 -0.9999873905986391
405.466 3.4690000000000003 -1.499987376794531
413.072 3.263 -1.999987361104969
420.562 3.573 0.286972810487368
429.971 3.2640000000000002 -0.499999999836692
435.864 3.5709999999999997 -0.4957001838791911
441.25600000000003 3.779 -0.99551626673498
