4.7780000000000005 3.251 0.0
13.891 2.939 -0.498280195884671
21.805000000000003 2.627 -0.03036409108528
27.407 2.626 -0.5127056985495071
32.593 3.041 -0.3446616530832081
41.30800000000001 2.416 -0.588877661407267
45.573 3.251 -1.0569889096449498
51.891 2.833 -1.5029877756628292
62.322 2.102 -0.499995797746325
68.17999999999999 3.144 -0.489733863204199
75.417 2.1069999999999998 -0.499986799280605
81.571 3.355 -0.996785949985024
88.36500000000001 3.5620000000000003 -1.4958364504890043
94.98299999999999 3.145 -1.99539923137002
101.41799999999999 2.211 -0.468961067714336
108.708 2.522 -0.9303494896486372
114.92500000000001 2.1069999999999998 -0.498524300339503
120.38499999999999 3.248 -0.998446169214994
126.001 2.833 -1.4977664558426351
134.977 3.148 -0.4338822297211579
143.184 2.941 -0.4999995089472029
151.65200000000002 1.3730000000000002 -0.4775885293402871
155.58700000000002 2.939 -0.17062173496274402
165.202 2.624 -0.4999573601308329
169.885 3.041 -0.452551659688789
177.89 2.936 -0.8377167363774191
182.978 3.249 -1.117819504884218
188.16899999999998 3.459 -1.6026330828126458
194.88000000000002 3.249 -0.499998962389466
202.43599999999998 1.7939999999999996 -0.9982496251205709
210.01299999999998 2.418 -0.240955713725304
215.468 3.665 -0.07531820230263098
223.26700000000002 3.667 -0.4999713180215901
233.298 2.729 -0.999971262218162
239.86100000000002 3.666 -0.444229485808152
248.50900000000001 2.418 -0.497903853470268
252.365 3.5620000000000003 -0.313871464905875
260.484 3.043 -0.4997952663029671
266.18600000000004 3.041 -0.164250862228474
275.812 2.315 -0.4999864259562321
283.77299999999997 3.355 -0.999529117073526
289.483 3.146 -1.499521834566064
298.486 3.044 -1.9987071937434717
303.98499999999996 3.146 -2.498698063163724
313.9 2.833 -0.171815547384151
323.28 3.355 -0.499555262969886
328.76500000000004 3.5629999999999997 -0.433210226357866
337.7610000000001 3.667 -0.926470734441874
343.06600000000003 3.5620000000000003 -0.499798727973475
352.588 2.94 -0.40622882316639297
358.17 3.458 0.012242583936339093
364.20300000000003 2.626 -0.499624907010338
371.60400000000004 2.625 -0.20693886510551104
376.58400000000006 3.145 -0.499793036978949
383.28700000000003 3.042 -0.9960637815175112
390.531 1.8989999999999996 0.204689655747621
396.31699999999995 2.314 0.566088233204691
403.0810000000001 3.3520000000000003 0.4936062405171541
408.879 3.354 -0.4995504214495949
415.101 2.833 -0.9995441741231708
422.482 3.147 -0.493373728213198
429.108 2.521 -0.9754170220908291
433.173 3.457 -1.442997488746319
441.57199999999995 3.458 -0.499999608339284
