70.109 2.525 0.0
76.294 3.042 0.135408082648599
82.316 2.211 -0.4608757670763449
86.79200000000002 2.835 -0.9331268812374541
93.003 2.524 0.464311059084696
97.58300000000001 3.044 0.961394702918573
106.29899999999999 2.529 1.132594139570656
111.37799999999999 3.15 -0.452481222053418
118.882 3.045 -0.35490386309590993
4.985 3.058 0.0
12.767999999999999 3.057 0.135408082648599
20.774 2.752 -0.4608757670763449
28.88 2.647 -0.9331268812374541
38.502 1.9260000000000002 0.464311059084696
45.38399999999999 2.545 0.961394702918573
51.885000000000005 2.646 1.132594139570656
61.701 2.131 -0.452481222053418
67.393 2.44 -0.35490386309590993
72.889 2.645 0.04806244778871405
81.48100000000001 2.955 0.021980465656993048
90.97800000000001 2.749 -0.09097156871276996
96.681 2.5460000000000003 0.4028047451535501
101.784 2.543 0.881009903470148
107.394 2.133 0.7923811522649289
114.787 2.34 0.8562456837927479
123.686 2.441 -0.485371984779643
129.57899999999998 2.649 -0.159910568506993
136.777 2.852 -0.489238132704955
142.07 3.16 -0.987400619131558
150.825 1.306 -1.475500164227167
155.86700000000002 3.2649999999999997 0.100919910740075
165.093 2.441 -0.44767349357581504
171.965 3.4699999999999998 -0.334992909604508
179.566 3.262 -0.496792432648378
189.87599999999998 2.852 -0.24439343253927695
195.856 3.572 -0.497509819070843
201.26600000000002 3.263 -0.979754795343502
207.867 3.161 -1.4459662474943482
215.387 2.542 -0.262131345021324
220.76200000000003 3.367 -0.224906985209204
230.38300000000004 2.646 -0.499366393578629
235.369 3.161 -0.367758099357867
240.571 3.16 -0.498253200976136
247.662 3.4699999999999998 -0.9658955335593329
254.279 2.9539999999999997 -0.4119783925562139
263.48199999999997 2.853 -0.477236628222409
272.584 2.852 0.024593691860604
277.774 3.056 -0.494944830618189
286.486 2.544 -0.9641380970558592
293.088 2.542 -1.436220115979679
302.582 2.748 -0.038777637017502
311.173 2.957 -0.446097952257262
316.362 3.368 -0.873077479021199
322.666 3.2649999999999997 -0.489764907959129
330.05899999999997 3.471 -0.9744818698338428
336.68 2.751 -1.437220409652766
341.8829999999999 2.749 -0.21310724989098495
349.37300000000005 3.06 -0.43959342346985
354.87600000000003 3.058 -0.8727775340322239
362.67900000000003 2.856 -1.37002222939015
368.877 2.854 -0.306047024855031
374.166 3.365 -0.38234156977463096
380.088 2.443 -0.7249973306568299
386.19199999999995 2.439 -1.1405024272862638
390.76399999999995 3.367 -1.5670578240930249
396.27799999999996 2.853 -1.8650071231401297
401.26099999999997 3.4699999999999998 -0.498941376399189
411.16799999999995 3.1630000000000003 -0.35564264720835104
417.281 2.75 -0.464515897933117
422.36499999999995 3.367 -0.38876508123677
427.959 3.573 -0.495193629818663
436.16099999999994 3.471 -0.193245007290507
442.28200000000004 2.751 -0.497847769165586
