130.713 2.316 0.0
136.32 2.21 -0.483934598173977
142.294 2.8369999999999997 0.158569792280346
151.188 3.044 -0.48038659612468
160.499 2.835 -0.3783342980248761
169.60999999999999 2.626 -0.6415966883410491
179.29500000000002 2.834 -0.4793871942577779
186.79399999999998 2.734 -0.9295194213991942
194.491 2.8369999999999997 0.062327108637918
6.327 1.721 0.0
12.614 1.617 -0.483934598173977
17.777 2.956 0.158569792280346
25.785000000000004 2.749 -0.48038659612468
32.307 2.028 -0.3783342980248761
41.194 2.029 -0.6415966883410491
48.787000000000006 2.2359999999999998 -0.4793871942577779
56.084 2.439 -0.9295194213991942
60.772999999999996 2.851 0.062327108637918
67.708 1.517 -0.44477538978535897
73.284 2.542 -0.9183625642952788
78.176 2.851 -0.335813603714796
89.01999999999998 1.3080000000000003 -0.7342186418156831
96.789 2.441 -0.967677434342464
101.976 2.955 -0.4928036616137511
110.67599999999999 3.057 -0.9852357493812032
116.17499999999998 3.058 -0.27125305884393697
123.473 3.162 -0.492385007470141
129.691 2.645 -0.9880143654070459
135.177 2.647 -1.4866586899346983
141.392 2.1319999999999997 -0.37280944957429296
146.96099999999998 3.263 -0.48582808001354205
156.779 2.545 -0.445100536661942
166.177 2.751 -0.3936812805760671
174.388 2.439 -0.493493326795358
181.089 2.339 -0.223426697057802
185.473 2.956 -0.430339158113376
193.282 2.748 0.389381389650961
199.89699999999996 2.234 -0.495844607608809
204.277 2.955 -0.9730749903543778
210.47799999999998 2.955 -1.4651164723260168
221.40800000000002 1.927 -1.953145630060644
228.988 2.338 -0.013422643911483
234.269 2.957 -0.257869485621532
242.165 3.161 -0.5638726205123721
247.26299999999998 3.263 -0.905735417300176
253.069 2.957 -0.456878908759128
258.277 2.749 -0.913499227200884
263.064 3.162 -0.18229398888296
270.158 3.4690000000000003 -0.496451202216857
278.875 2.9539999999999997 -0.9949416193253212
284.067 3.263 -1.4824297605054473
294.01099999999997 1.7200000000000002 0.062396196564346
302.283 2.75 -0.06258326851594001
309.693 2.3409999999999997 -0.14976601875801004
316.37 3.2649999999999997 -0.35238575159447705
323.36699999999996 3.16 -0.499770338775072
330.61599999999993 1.5110000000000001 -0.214384042134832
335.16799999999995 3.059 -0.32591914929037397
344.86699999999996 3.06 -0.458676987162121
354.279 2.748 -0.941685795039286
359.86600000000004 3.262 -1.4383119090914491
367.29900000000004 2.029 -1.937844596569012
374.39300000000003 2.336 -2.4139186773203303
379.579 2.751 -0.31290479159437395
385.864 3.367 -0.4599800984718749
395.90000000000003 2.233 -0.482140586903276
401.599 2.336 -0.92171807549024
408.268 3.367 -0.049807434647232016
413.771 3.2649999999999997 -0.499333450608034
422.495 2.134 -0.991325441915082
430.88100000000003 2.748 0.22461928226390496
436.982 2.647 0.03270481201207498
443.413 1.616 -0.37023690005061
