4.367 3.675 0.0
9.664 3.4690000000000003 -0.499950797811438
15.475 3.159 -0.461214483992209
21.958000000000002 3.676 -0.606432362109082
28.291 2.543 -0.4999299677201621
33.464999999999996 3.4690000000000003 -0.99728403460539
40.86 3.574 -1.4970749780189951
49.187 2.647 -1.99707342988896
58.58899999999999 2.545 0.053325567617266
62.86999999999999 3.2640000000000002 -0.495945434395841
71.467 3.471 -0.991905951851128
81.47899999999998 3.058 -1.4918986363795557
88.489 2.646 -1.9852966348910719
94.4 2.235 -0.22899626817661495
101.075 3.16 -0.7023438256259389
110.58099999999999 2.754 -0.486251881481223
115.366 3.4690000000000003 -0.986250793842288
121.38 2.855 -1.4778153547203112
129.381 2.9539999999999997 -0.33986193984469204
138.19299999999998 2.543 -0.492664271376848
144.38 2.856 -0.9841974746329708
151.566 3.37 -1.4826360363726967
159.995 2.541 -1.9823384943529307
168.97199999999998 3.2640000000000002 -0.42442683794578095
174.967 3.4699999999999998 -0.497158648367245
180.772 3.3659999999999997 -0.9971020078744092
187.078 3.161 -1.497070920727226
193.172 2.852 -0.286534641042766
202.481 2.644 -0.4984327169110949
209.282 2.444 -0.461353753419185
214.166 3.161 -0.805823931234082
220.58299999999997 2.645 -0.496841540013815
229.2 2.03 -0.475230349248949
233.56199999999998 3.4690000000000003 -0.9557747075978679
243.078 2.9539999999999997 -0.499512545010814
251.703 2.131 -0.3536254742686021
256.479 3.058 -0.4414332194074231
263.283 2.955 -0.7670420971543991
270.99 2.131 -0.488035837938664
278.689 2.233 -0.309797940599695
284.957 3.3659999999999997 -0.318932367758064
291.961 3.263 -0.498383565175115
301.614 1.512 -0.998311062422357
309.323 1.2039999999999997 -0.465109115191243
314.907 1.8210000000000002 -0.02690908467532499
322.289 2.642 -0.336129979235387
328.517 1.415 -0.490628993001132
338.239 0.593 -0.4399691767500311
340.96700000000004 3.3659999999999997 -0.4963521822319961
350.782 2.853 -0.9962200873883372
356.29699999999997 2.439 -1.4915553840916582
364.96999999999997 2.652 -0.4139839580024191
370.16299999999995 3.059 -0.8951096588459961
378.44800000000004 3.675 -0.494653775212579
384.75600000000003 3.368 -0.3746298568107029
394.86400000000003 3.162 -0.494815751607012
401.277 2.95 -0.424687853107578
408.358 3.4699999999999998 -0.4856444338500979
414.97499999999997 2.956 -0.499139209641217
419.865 3.2649999999999997 0.146074022466305
424.753 3.778 -0.326459326713619
430.453 3.779 -0.494260071230539
435.75900000000007 3.674 -0.99425349231792
443.831 1.2030000000000003 -1.49424947730906
