5.1 2.943 0.0
13.087 2.838 -0.441504110685723
19.287 2.838 -0.499999845677876
28.206 2.319 -0.4613523834591521
34.589 2.8369999999999997 -0.4416480121330181
43.178999999999995 3.148 -0.498741717104411
52.074 3.355 -0.491939801403169
61.372 3.3579999999999997 -0.494516805333401
69.7 2.731 -0.9937022732557851
75.825 2.1069999999999998 -0.3693692690599021
82.48100000000001 3.252 -0.4997255360430711
88.516 2.419 -0.473447003804913
95.602 2.734 -0.499658816637427
100.49100000000001 2.836 -0.9996584651336372
108.979 3.147 -1.499651207768077
114.376 3.251 -1.996566993112385
124.276 3.251 -2.4944722222008084
131.079 3.148 -0.150589409366182
138.46300000000002 3.564 -0.6419051746425269
147.99 2.938 -1.1295028384612689
154.026 2.004 -1.616344323408691
160.88400000000001 3.147 -1.8277122271038109
167.27800000000002 3.254 -2.3081489760381184
175.50699999999998 2.626 -2.617347315172042
180.81900000000002 2.315 -3.004858916749959
186.291 3.044 -3.4613858232548114
192.09999999999997 2.836 -3.953696573094141
198.296 2.732 -4.388995186521753
205.897 2.731 -0.499988783940629
211.198 2.63 -0.36207764506820894
217.07399999999998 3.354 -0.499953194472195
224.782 3.0460000000000003 -0.9994504393160258
232.073 3.355 -1.4990752751535898
238.602 2.627 -1.9990613316913568
243.69000000000003 2.939 -2.498436396543702
248.878 3.252 -0.342603264821174
254.97699999999998 3.354 -0.499989304123156
261.66900000000004 3.5629999999999997 -0.32053995004367103
268.40099999999995 2.732 -0.8097666960252801
274.50100000000003 2.733 -1.272845332978606
279.188 3.147 -0.4999310194895961
286.583 3.253 -0.99807766565078
296.18800000000005 2.941 -1.497920560640992
304.39300000000003 2.836 -1.9979032265663708
309.678 3.254 -0.245017902989495
315.494 2.835 -0.595409641461046
324.215 2.315 -0.591379900992716
329.60699999999997 2.423 -0.8242974703178649
335.195 2.835 -0.499867476366941
344.17 3.46 -0.28412717499704404
350.065 3.666 -0.4994728065009829
358.08899999999994 3.043 -0.999470982885852
363.89500000000004 2.938 -0.476152248384968
372.272 3.5629999999999997 -0.499910076552456
377.365 3.67 -0.493192518223241
384.779 3.252 -0.874286668579304
390.17299999999994 3.458 -1.062506306109755
396.289 2.942 -0.499575885301141
402.26599999999996 3.565 -0.997379460072356
408.277 3.354 -1.4949647240726318
418.07699999999994 3.254 -0.44406533434254497
423.675 3.356 -0.499996038952652
432.368 3.5629999999999997 -0.9972669604171932
441.781 3.251 -1.495703175796893
4.796 3.266 -0.4997255360430711
10.361 3.367 -0.473447003804913
15.666 3.162 -0.499658816637427
22.562000000000005 3.266 -0.9996584651336372
28.166000000000004 3.162 -1.499651207768077
35.458000000000006 3.471 -1.996566993112385
42.269 3.161 -2.4944722222008084
49.869 3.263 -0.150589409366182
55.863 3.4699999999999998 -0.6419051746425269
4.893999999999999 3.16 -1.616344323408691
11.991 2.747 -1.8277122271038109
20.681 2.9539999999999997 -2.3081489760381184
30.089 2.646 -2.617347315172042
36.189 2.646 -3.004858916749959
42.69799999999999 2.3369999999999997 -3.4613858232548114
52.392 2.543 -3.953696573094141
61.091 2.645 -4.388995186521753
68.193 2.543 -0.499988783940629
5.6049999999999995 2.439 -0.499953194472195
14.084 2.851 -0.9994504393160258
22.273999999999997 2.853 -1.4990752751535898
28.988999999999997 2.338 -1.9990613316913568
33.657000000000004 3.471 -2.498436396543702
40.606 1.722 -0.342603264821174
49.188 2.44 -0.499989304123156
58.782000000000004 2.5460000000000003 -0.32053995004367103
67.168 3.06 -0.8097666960252801
4.782 3.2640000000000002 -0.4999310194895961
13.583 2.545 -0.99807766565078
18.067999999999998 3.161 -1.497920560640992
24.875999999999998 2.853 -1.9979032265663708
31.294 2.235 -0.245017902989495
36.656 3.573 -0.595409641461046
42.674 2.955 -0.591379900992716
51.679 2.851 -0.8242974703178649
56.769000000000005 3.262 -0.499867476366941
