220.589 2.944 0.0
226.302 2.731 -0.499903227590163
231.92499999999998 2.108 -0.9996508480893821
239.029 2.004 -1.4929110832670247
245.68200000000002 3.252 -1.99210136145282
254.186 3.147 -0.024206891979073
259.491 3.043 -0.499463127420645
265.402 2.732 -0.998828981043141
272.62199999999996 2.213 -0.263970384849741
4.991 3.058 0.0
10.765 3.367 -0.499903227590163
20.11 1.7239999999999998 -0.9996508480893821
26.878 2.957 -1.4929110832670247
34.276 2.955 -1.99210136145282
40.382999999999996 2.648 -0.024206891979073
44.973 3.1580000000000004 -0.499463127420645
51.083000000000006 2.748 -0.998828981043141
56.682 2.749 -0.263970384849741
66.279 2.852 -0.489159900915329
72.79100000000001 2.44 -0.408870057646468
78.97 3.161 -0.499266145243831
84.37 3.162 0.110786940796681
93.694 2.237 -0.493888320377002
97.97800000000001 2.9539999999999997 -0.334372100927653
104.28 2.852 -0.499971536267551
113.50899999999999 1.7239999999999998 -0.999299893017894
116.963 3.471 0.07052781238776899
125.28200000000001 2.9539999999999997 -0.488166980409301
134.177 2.955 -0.98156297432889
140.301 2.031 -1.4778465586945349
144.582 2.75 0.029313491125505006
153.068 3.2649999999999997 -0.37644533746812703
158.97899999999998 2.854 -0.498719382180454
165.569 3.2640000000000002 -0.476373877577445
173.60999999999999 1.7230000000000003 -0.499990215588273
177.67 3.1630000000000003 -0.9992411839702008
185.393 2.34 -0.28929861679999297
191.374 3.059 -0.756634223311798
202.424 1.3089999999999997 -0.681094410796284
208.581 2.752 -0.499992843323807
214.79600000000002 2.338 -0.434234596934871
224.089 2.647 -0.495900640408881
233.187 2.647 -0.303663228082454
238.78600000000003 2.748 -0.499985080574102
246.179 2.955 -0.999028695804444
251.679 2.955 -0.3905429963163161
259.20500000000004 2.029 -0.4999977244510661
264.48300000000006 2.751 -0.4795201974996121
271.082 2.752 -0.4999692281991521
276.97900000000004 2.955 -0.999687755311899
284.584 2.851 -0.253447930323919
290.473 3.162 -0.499206683774821
299.788 2.747 -0.379443230296708
305.275 3.16 -0.8474199580597819
312.877 3.159 -1.305653481052893
323.702 2.235 -1.555276259190707
328.48699999999997 2.851 -2.014321991224194
335.968 3.2670000000000003 -2.387536344117119
344.97700000000003 3.058 -2.667115881456826
353.099 2.3369999999999997 -2.812028834158359
361.277 3.059 -3.290136064842351
367.10299999999995 2.333 -0.4999809465797561
376.807 1.9289999999999998 -0.4722094775114051
381.078 2.853 -0.4650243427471151
386.373 3.058 -0.498048595184341
392.38599999999997 2.646 -0.4039956175710511
400.385 2.851 -0.499584027428458
406.50199999999995 2.434 -0.999472029788067
414.391 1.9289999999999998 -1.497319156861639
421.58 2.541 -1.994598125974667
430.26800000000003 2.955 -2.494584472154918
436.36300000000006 3.061 -2.9945718424692136
441.864 3.161 -0.41220708413498297
