288.714 2.319 0.0
294.2 2.834 -0.44237129483078
301.796 2.838 -0.499919174787952
307.488 3.0460000000000003 -0.99798594400941
314.32099999999997 2.315 -0.272131062685471
319.195 2.942 -0.642133729203147
326.01800000000003 2.316 -0.491806923024325
332.008 3.043 -0.95159764994238
341.38 3.254 -1.4514641526029008
5.398 2.645 0.0
10.969 3.266 -0.44237129483078
19.474 3.161 -0.499919174787952
27.679000000000002 2.956 -0.99798594400941
33.171 3.2640000000000002 -0.272131062685471
38.562 3.573 -0.642133729203147
46.387 2.748 -0.491806923024325
53.358999999999995 3.676 -0.95159764994238
61.58500000000001 2.851 -1.4514641526029008
69.763 3.574 -0.348415717461326
77.971 2.851 -0.7874024861171991
83.502 2.3369999999999997 -0.949170343292995
89.684 2.852 -0.878361454102506
98.155 3.4699999999999998 -0.4989508939644871
105.48800000000001 2.338 -0.9947301984322632
113.36099999999999 3.367 -0.333679809310627
122.353 3.676 -0.474095858527485
128.986 2.544 -0.028516496120250007
136.959 3.573 -0.28066226247631604
144.658 3.675 -0.17173564390101498
154.665 3.572 -0.492243105622256
161.29000000000002 2.647 -0.263691838362571
168.87300000000002 2.647 -0.450878097447318
174.74699999999999 3.675 -0.9013443909505979
184.05899999999997 3.2640000000000002 -1.2643302803534657
193.96800000000002 3.057 -0.469577128423945
198.755 3.671 0.12197738632994902
204.763 3.2640000000000002 -0.493418096368206
210.266 3.162 -0.9881611651137958
217.97000000000003 3.059 -1.4522696564135358
223.575 2.955 -0.44460166900077
229.777 2.9539999999999997 -0.13394476349962106
237.775 3.058 -0.5375016824613531
245.794 2.44 -0.462150602185084
250.336 4.499 -0.357011606254151
255.424 4.499 -0.497957386425741
265.87 2.852 0.241722801034841
271.07200000000006 2.852 -0.499767014902469
278.756 3.367 -0.9935701493510121
284.451 3.573 -0.41662170840085705
290.465 3.16 -0.498361066223721
299.874 2.853 -0.9936138588962309
304.66400000000004 3.2649999999999997 -1.482244017010623
312.569 3.06 -1.981814390004079
318.39 2.44 -0.402390650504545
323.362 3.572 -0.475264346741041
330.47299999999996 3.059 -0.097593142901474
336.997 2.3369999999999997 -0.4957323702038501
341.276 3.058 -0.477790107721629
346.79 2.645 0.026574629209787003
355.458 3.2649999999999997 -0.487927605120477
360.96000000000004 3.263 -0.9590899744115352
368.149 3.675 -0.439302290053698
377.85100000000006 3.573 -0.499655389851616
384.674 2.851 -0.9964661626229009
391.08299999999997 2.543 -0.17399929548668205
395.858 3.4690000000000003 -0.39560470143586896
403.06700000000006 3.162 -0.4964402113885061
408.04900000000004 3.7800000000000002 -0.9844334834565699
414.27299999999997 3.057 -1.4843071478966618
420.378 2.9539999999999997 -0.450725565378377
427.189 2.644 -0.467735692945474
434.37 3.2640000000000002 -0.967409566527026
442.183 2.853 0.196108062348985
