5.09 2.958 0.0
10.769 3.161 -0.33206365454985803
21.601 2.029 -0.606739309605096
27.596 2.235 -0.47045595930937
36.428 1.2030000000000003 -0.4148492436152391
44.178000000000004 2.753 -0.796594811367527
53.599000000000004 2.233 -0.498648843259189
60.683 2.75 -0.969721641093952
70.399 2.336 -1.4644034968985882
76.21 1.721 -1.9634022504972768
81.49000000000001 2.541 -2.4086320751897308
90.691 2.44 -0.056305250984237
96.29100000000001 2.441 -0.12864055105198402
103.677 2.955 -0.495968709277776
113.60700000000001 1.9249999999999998 -0.9878127932956832
122.507 1.9249999999999998 -1.483603151135725
127.797 2.135 -0.296646203095713
131.981 2.955 -0.4429353112335061
138.399 2.233 -0.195542886067263
144.99699999999999 2.235 -0.4643005717901
149.574 3.058 -0.3699356258644029
156.67899999999997 2.955 -0.570061535440366
162.297 2.338 -0.454334569103838
170.59699999999998 2.439 -0.413140741745022
175.58700000000002 2.646 -0.4921883170897129
180.791 2.542 0.113261077766824
188.89999999999998 2.233 -0.4824812634305801
196.50699999999998 2.026 -0.329004574418809
202.706 1.927 -0.20043231196982197
207.58999999999997 2.543 -0.066765232468082
213.995 2.338 0.13339204949021904
220.40099999999998 2.1319999999999997 -0.2668983552821589
227.986 2.5469999999999997 -0.541600093220374
236.76600000000002 3.368 -0.492018041103291
247.512 1.722 -0.4059801304237841
255.28400000000002 2.75 -0.455272486602158
263.796 2.34 -0.9538613842982091
269.884 2.853 -0.289513137372351
275.27900000000005 2.955 -0.497074704139718
285.487 2.647 -0.9787918613376551
291.48600000000005 2.748 -1.444559059368014
297.188 2.75 -1.9406141017320082
302.99899999999997 2.336 0.123518853807665
308.591 2.544 -0.3051040985733741
315.478 3.057 -0.46647854989844
321.99 2.545 -0.045513853149515
326.681 2.9539999999999997 -0.438129381882804
333.07099999999997 3.2640000000000002 -0.5867966939306941
341.90899999999993 2.028 -0.4328259508324141
348.065 3.4699999999999998 -0.3771371745879361
355.49 2.545 -0.493813334039385
360.47499999999997 3.161 -0.4022246049946839
368.80300000000005 2.335 -0.8005468591076791
378.92999999999995 1.2060000000000004 -0.996121388545881
384.57300000000004 3.263 -0.499041304636065
390.596 2.44 -0.332042772737263
397.688 2.748 -0.4579772543698541
403.96 3.367 -0.9435261215039019
409.459 3.3689999999999998 -1.440901277202939
415.675 2.9539999999999997 -1.934846822692286
423.229 1.1010000000000004 -0.153604542844722
429.78299999999996 2.749 -0.483568959669741
435.17900000000003 2.9539999999999997 0.108057999939186
441.769 3.2649999999999997 -0.479309132445195
