5.404 2.645 0.0
12.173 3.263 -0.273945903761599
19.1 2.336 -0.3429914964265349
24.298 2.338 -0.273646667409624
33.177 2.543 0.07950329125393002
38.974 2.646 -0.4637459953006671
44.167 2.955 -0.286750020478162
52.793 2.131 -0.477269743426108
61.277 2.647 -0.4996098185976429
67.089 2.336 -0.40395323326235705
71.76899999999999 3.058 -0.498192356946844
78.606 1.8210000000000002 -0.9761564825883428
83.27599999999998 2.852 -0.185864046145587
88.78999999999999 2.439 -0.441141567803087
94.801 2.129 -0.057035879675002
101.184 2.647 -0.12105308151493
106.90200000000002 2.13 -0.407199594061046
114.112 1.822 0.495046560906905
123.52 1.718 0.31505504945404106
128.607 1.6139999999999999 -0.040942885508122966
134.86100000000002 3.16 -0.09827985359803597
143.86800000000002 3.057 -0.496982121020372
153.017 1.307 -0.988895622757592
158.30900000000003 1.617 -0.181435636009188
164.67100000000002 2.855 -0.249450012730681
170.599 2.128 -0.601389621727235
175.49 2.338 -0.491879712493656
183.87800000000001 2.851 0.407096806364154
194.19599999999997 2.235 0.893724681870683
198.97 3.262 -0.4969983971415
205.891 2.542 -0.974635800279173
213.89 2.645 0.40980334037170096
220.095 2.541 -0.463173130877398
229.22500000000002 0.9969999999999999 -0.18261195664634
235.783 2.44 -0.536440180006028
243.68099999999998 2.4419999999999997 -0.8916171423309569
251.17700000000002 2.647 -1.1719275854564952
257.36899999999997 3.057 -0.498238493187714
265.467 3.16 -0.9964578071951601
275.574 2.955 -1.4396023434984768
282.79499999999996 2.235 -1.881572195894595
292.005 1.927 -0.3566652555233429
298.106 2.0269999999999997 -0.4635131231305301
307.706 2.028 -0.053318688975844
312.181 2.955 -0.232394741471561
318.971 2.853 -0.478312087926689
327.19000000000005 2.234 -0.055998348831065
332.603 1.822 -0.4917030823269071
338.185 2.439 -0.351254107471594
346.986 2.439 -0.7570746403211139
355.566 3.16 -0.464824707692737
361.06399999999996 3.1630000000000003 -0.177626291727258
367.18 2.749 -0.583804841262647
372.883 2.646 -0.463935037336718
378.171 3.159 -0.9555933700634742
387.319 1.513 -1.420233528046849
392.362 3.471 -0.349181881046637
399.907 2.028 -0.497074917366444
405.992 2.543 -0.35784342045087003
415.393 2.233 -0.441739632164135
422.483 2.542 -0.9199363337899248
427.26 3.2649999999999997 -1.406706581380955
435.971 2.955 -1.901773819525374
442.481 2.545 -2.311131056742433
