4.0489999999999995 4 6.5
10.231 4 -0.5
15.431 4 6.5
21.432 4 -7.5
31.031999999999996 4 -2.5
38.533 4 -6.5
47.534 4 -3.5
55.136 4 -6.5
60.931999999999995 4 3.5
66.632 4 -7.5
72.132 4 3.5
77.732 4 -3.5
84.633 4 7.5
90.03299999999999 4 -4.5
99.93299999999999 4 7.5
109.23299999999999 4 5.5
115.93299999999999 4 -5.5
121.03299999999999 4 4.5
126.03299999999999 4 2.5
132.13299999999998 4 6.5
138.734 4 -6.5
144.635 4 4.5
150.436 4 -3.5
156.134 4 -7.5
165.03400000000005 4 6.5
172.63400000000001 4 -5.5
177.834 4 0.5
183.03400000000002 4 -0.5
190.734 4 6.5
200.43400000000003 4 5.5
208.234 4 -0.5
215.635 4 -0.5
221.735 4 -4.5
227.235 4 -7.5
234.635 4 2.5
240.135 4 -1.5
245.136 4 1.5
250.237 4 3.5
258.33799999999997 4 -3.5
264.435 4 1.5
271.335 4 0.5
276.941 4 -6.5
284.335 4 6.5
289.936 4 -1.5
298.836 4 -2.5
307.236 4 1.5
314.836 4 1.5
323.733 4 2.5
332.836 4 -4.5
339.436 4 -4.5
345.12 4 3.5
351.32099999999997 4 5.5
359.523 4 4.5
366.024 4 -2.5
374.025 4 -0.5
381.827 4 -1.5
391.12800000000004 4 1.5
396.529 4 -6.5
402.73 4 0.5
410.63199999999995 4 6.5
419.733 4 5.5
428.534 4 -4.5
434.038 4 3.5
441.02099999999996 4 -1.5
