4.048 4 -2.5215686274509803
11.931 4 -7.52156862745098
18.133 4 -0.5215686274509803
26.534000000000002 4 -0.5215686274509803
33.436 4 -3.5215686274509803
42.324 4 -4.52156862745098
51.424 4 -6.52156862745098
60.724 4 -1.5215686274509803
68.425 4 2.47843137254902
73.926 4 3.47843137254902
81.727 4 -2.5215686274509803
86.928 4 2.47843137254902
94.329 4 -7.52156862745098
99.33 4 -2.5215686274509803
108.132 4 7.47843137254902
113.633 4 5.47843137254902
123.53399999999999 4 6.47843137254902
130.235 4 6.47843137254902
138.025 4 -6.52156862745098
146.92700000000005 4 6.47843137254902
152.025 4 -0.5215686274509803
160.026 4 6.47843137254902
166.52599999999995 4 6.47843137254902
174.127 4 5.47843137254902
179.127 4 6.47843137254902
185.329 4 -0.5215686274509803
190.93 4 6.47843137254902
197.03099999999998 4 -4.52156862745098
204.632 4 4.47843137254902
209.833 4 -3.5215686274509803
216.43400000000003 4 4.47843137254902
223.835 4 -5.52156862745098
231.42700000000002 4 -5.52156862745098
237.227 4 3.47843137254902
242.627 4 3.47843137254902
248.127 4 -0.5215686274509803
254.327 4 -4.52156862745098
261.22700000000003 4 5.47843137254902
267.127 4 3.47843137254902
273.22700000000003 4 -1.5215686274509803
278.328 4 -1.5215686274509803
285.83 4 -1.5215686274509803
295.131 4 -6.52156862745098
303.233 4 2.47843137254902
308.935 4 -3.5215686274509803
314.334 4 7.47843137254902
322.536 4 4.47843137254902
328.028 4 -4.52156862745098
334.028 4 1.4784313725490197
343.62800000000016 4 0.4784313725490197
349.728 4 -7.52156862745098
357.12800000000016 4 5.47843137254902
362.829 4 -6.52156862745098
371.829 4 -7.52156862745098
377.029 4 1.4784313725490197
384.03 4 3.47843137254902
389.631 4 1.4784313725490197
395.23199999999997 4 1.4784313725490197
401.833 4 -6.52156862745098
407.634 4 1.4784313725490197
417.336 4 -3.5215686274509803
423.029 4 0.4784313725490197
431.931 4 -4.52156862745098
441.03 4 0.4784313725490197
