4.032 4 -5.5
11.431 4 -2.5
17.430999999999994 4 6.5
22.631 4 5.5
31.730999999999998 4 -2.5
37.632 4 -4.5
43.133 4 -5.5
50.934 4 7.5
59.931999999999995 4 -6.5
65.432 4 -5.5
70.832 4 5.5
76.432 4 -1.5
82.132 4 -2.5
87.23200000000001 4 6.5
92.932 4 2.5
99.83200000000001 4 0.5
105.03299999999999 4 -4.5
111.93299999999999 4 3.5
121.23299999999999 4 2.5
126.23299999999999 4 -2.5
134.033 4 -6.5
142.934 4 5.5
150.335 4 1.5
155.936 4 5.5
163.534 4 -3.5
168.733 4 -2.5
173.834 4 3.5
182.734 4 5.5
192.43400000000003 4 -5.5
198.234 4 -4.5
204.43400000000003 4 -2.5
212.53400000000002 4 -5.5
218.63400000000001 4 2.5
226.234 4 4.5
234.234 4 2.5
242.135 4 2.5
249.83599999999998 4 4.5
256.437 4 6.5
264.635 4 -0.5
274.535 4 3.5
281.035 4 3.5
289.926 4 7.5
296.127 4 -5.5
305.7290000000001 4 -0.5
311.13 4 2.5
317.83099999999996 4 -3.5
325.432 4 -6.5
330.436 4 -4.5
336.63599999999997 4 -2.5
345.42 4 0.5
354.721 4 5.5
360.222 4 5.5
365.923 4 -1.5
371.524 4 -7.5
377.325 4 1.5
384.827 4 -7.5
391.82800000000003 4 4.5
397.92900000000003 4 -1.5
404.53 4 -0.5
413.63199999999995 4 3.5
421.033 4 3.5
426.534 4 7.5
434.921 4 -1.5
441.02099999999996 4 -6.5
