4.029 4 -11.0
11.83 4 9.0
19.531 4 9.0
27.533 4 -15.0
36.434 4 -13.0
43.926 4 -5.0
50.526 4 3.0
59.826 4 -5.0
65.82600000000001 4 -15.0
71.52600000000002 4 -9.0
80.426 4 -9.0
89.727 4 -15.0
95.228 4 -9.0
100.329 4 -5.0
105.53 4 -1.0
113.131 4 -7.0
122.133 4 -3.0
128.234 4 13.0
135.635 4 13.0
141.227 4 3.0
148.127 4 7.0
155.128 4 7.0
163.528 4 -11.0
171.428 4 7.0
178.828 4 -5.0
188.72799999999998 4 11.0
195.429 4 5.0
200.53 4 3.0
207.03099999999998 4 -1.0
213.93200000000002 4 1.0
220.13299999999998 4 13.0
229.035 4 5.0
234.52900000000002 4 11.0
239.729 4 -11.0
247.12900000000002 4 1.0
253.229 4 15.0
262.329 4 -1.0
271.42900000000003 4 11.0
276.829 4 -9.0
285.029 4 -5.0
291.629 4 3.0
301.33099999999996 4 -13.0
310.132 4 7.0
315.733 4 11.0
321.934 4 13.0
329.53 4 7.0
335.43 4 3.0
340.63 4 13.0
348.43 4 -13.0
353.93 4 15.0
361.531 4 9.0
367.731 4 -3.0
373.531 4 -1.0
378.531 4 -9.0
384.631 4 -3.0
390.131 4 -3.0
395.131 4 -15.0
400.73199999999997 4 -5.0
410.333 4 5.0
416.034 4 -7.0
421.735 4 9.0
427.531 4 5.0
435.63199999999995 4 -15.0
441.032 4 13.0
