4.0489999999999995 4 -9.0
9.032 4 9.0
17.833 4 1.0
23.834 4 15.0
30.035 4 -11.0
36.926 4 1.0
44.327 4 15.0
53.227 4 11.0
58.927 4 -3.0
65.027 4 -15.0
70.627 4 -7.0
79.627 4 -9.0
89.53 4 -15.0
96.031 4 5.0
104.03200000000001 4 -9.0
111.03299999999999 4 -7.0
116.734 4 11.0
122.335 4 -7.0
129.028 4 13.0
134.528 4 -7.0
143.628 4 5.0
148.72799999999995 4 7.0
154.528 4 -13.0
160.22899999999996 4 3.0
165.229 4 -13.0
171.429 4 -1.0
181.02900000000002 4 -1.0
188.43 4 5.0
197.332 4 15.0
205.13299999999998 4 -1.0
210.93599999999998 4 7.0
218.535 4 9.0
223.93099999999998 4 -13.0
231.829 4 -5.0
237.93099999999998 4 -13.0
245.43 4 -13.0
253.63 4 1.0
261.43 4 -5.0
269.03 4 7.0
274.933 4 -9.0
281.03 4 15.0
286.631 4 -5.0
291.83099999999996 4 -15.0
299.934 4 9.0
305.134 4 -5.0
313.535 4 1.0
319.031 4 -9.0
325.935 4 11.0
331.431 4 15.0
336.631 4 -1.0
345.731 4 11.0
350.83099999999996 4 -7.0
360.131 4 3.0
367.532 4 -9.0
376.83099999999996 4 13.0
382.23199999999997 4 5.0
388.832 4 -1.0
396.533 4 -3.0
402.034 4 9.0
410.936 4 3.0
418.532 4 5.0
425.13199999999995 4 -11.0
434.833 4 5.0
441.032 4 15.0
