4.038 4 -3.4505928853754937
9.629 4 -2.450592885375494
15.53 4 0.5494071146245059
21.631 4 -7.450592885375494
28.631999999999998 4 5.549407114624506
36.333 4 -4.450592885375494
44.735 4 4.549407114624506
52.121 4 4.549407114624506
62.021 4 2.549407114624506
67.422 4 3.5494071146245063
73.923 4 2.549407114624506
80.124 4 -1.450592885375494
89.02600000000002 4 3.5494071146245063
94.62700000000001 4 2.549407114624506
100.428 4 -5.450592885375494
105.929 4 5.549407114624506
111.03 4 -7.450592885375494
119.831 4 -6.450592885375494
128.833 4 -2.450592885375494
136.634 4 -2.450592885375494
144.72299999999996 4 4.549407114624506
150.923 4 -5.450592885375494
156.423 4 -2.450592885375494
165.72299999999996 4 -6.450592885375494
175.024 4 3.5494071146245063
184.12599999999998 4 7.549407114624506
193.227 4 6.549407114624506
198.22799999999998 4 5.549407114624506
203.429 4 -1.450592885375494
208.53 4 5.549407114624506
215.13099999999997 4 -1.450592885375494
220.832 4 0.5494071146245059
230.53400000000002 4 -4.450592885375494
235.535 4 3.5494071146245063
242.424 4 -4.450592885375494
249.324 4 3.5494071146245063
254.824 4 -3.4505928853754937
263.724 4 6.549407114624506
271.324 4 7.549407114624506
277.525 4 5.549407114624506
285.027 4 -5.450592885375494
290.728 4 2.549407114624506
298.329 4 -0.4505928853754941
304.13 4 1.549407114624506
311.532 4 1.549407114624506
321.133 4 6.549407114624506
328.935 4 -6.450592885375494
336.925 4 -5.450592885375494
342.626 4 -4.450592885375494
348.725 4 -2.450592885375494
354.226 4 -2.450592885375494
362.126 4 -0.4505928853754941
367.526 4 3.5494071146245063
374.126 4 2.549407114624506
379.327 4 -2.450592885375494
386.92800000000005 4 2.549407114624506
393.629 4 -5.450592885375494
399.63 4 7.549407114624506
408.532 4 -0.4505928853754941
414.63300000000004 4 -5.450592885375494
422.034 4 -6.450592885375494
427.235 4 5.549407114624506
435.42699999999996 4 -1.450592885375494
441.027 4 5.549407114624506
