4.037 4 9.0
12.82 4 5.0
20.422 4 5.0
26.022 4 1.0
31.623 4 -7.0
39.725 4 -11.0
44.826 4 13.0
50.727 4 -13.0
60.428999999999995 4 -3.0
67.33 4 9.0
73.531 4 -5.0
80.938 4 15.0
87.93700000000004 4 13.0
94.134 4 9.0
99.637 4 -9.0
107.221 4 -3.0
113.021 4 -13.0
119.62200000000001 4 -1.0
124.823 4 1.0
134.125 4 -15.0
142.126 4 5.0
149.028 4 9.0
154.529 4 7.0
163.83 4 3.0
168.933 4 -7.0
176.832 4 -9.0
182.233 4 1.0
187.63400000000001 4 15.0
194.135 4 -1.0
200.22299999999998 4 3.0
208.423 4 -13.0
215.123 4 11.0
222.928 4 15.0
232.025 4 -7.0
239.52599999999998 4 7.0
246.93099999999998 4 -1.0
251.93200000000002 4 1.0
259.53 4 -9.0
265.231 4 -11.0
274.133 4 -5.0
283.134 4 15.0
288.635 4 -9.0
297.524 4 -15.0
303.124 4 11.0
312.724 4 3.0
322.624 4 -13.0
328.325 4 5.0
337.42699999999996 4 11.0
342.6280000000001 4 7.0
351.53 4 -1.0
357.631 4 -7.0
362.83099999999996 4 -7.0
370.233 4 -13.0
375.73400000000004 4 11.0
382.335 4 -5.0
388.436 4 5.0
394.625 4 -9.0
402.426 4 -15.0
408.226 4 -9.0
413.926 4 15.0
421.625 4 -5.0
427.626 4 -1.0
432.62699999999995 4 15.0
441.029 4 5.0
4.037 4 9.0
12.82 4 5.0
20.422 4 5.0
26.022 4 1.0
31.623 4 -7.0
39.725 4 -11.0
44.826 4 13.0
50.727 4 -13.0
60.428999999999995 4 -3.0
67.33 4 9.0
73.531 4 -5.0
80.938 4 15.0
87.93700000000004 4 13.0
94.134 4 9.0
99.637 4 -9.0
107.221 4 -3.0
113.021 4 -13.0
119.62200000000001 4 -1.0
124.823 4 1.0
134.125 4 -15.0
142.126 4 5.0
149.028 4 9.0
154.529 4 7.0
163.83 4 3.0
168.933 4 -7.0
176.832 4 -9.0
182.233 4 1.0
187.63400000000001 4 15.0
194.135 4 -1.0
200.22299999999998 4 3.0
208.423 4 -13.0
215.123 4 11.0
222.928 4 15.0
232.025 4 -7.0
239.52599999999998 4 7.0
246.93099999999998 4 -1.0
251.93200000000002 4 1.0
259.53 4 -9.0
265.231 4 -11.0
274.133 4 -5.0
283.134 4 15.0
288.635 4 -9.0
297.524 4 -15.0
303.124 4 11.0
312.724 4 3.0
322.624 4 -13.0
328.325 4 5.0
337.42699999999996 4 11.0
342.6280000000001 4 7.0
351.53 4 -1.0
357.631 4 -7.0
362.83099999999996 4 -7.0
370.233 4 -13.0
375.73400000000004 4 11.0
382.335 4 -5.0
388.436 4 5.0
394.625 4 -9.0
402.426 4 -15.0
408.226 4 -9.0
413.926 4 15.0
421.625 4 -5.0
427.626 4 -1.0
432.62699999999995 4 15.0
441.029 4 5.0
4.037 4 9.0
12.82 4 5.0
20.422 4 5.0
26.022 4 1.0
31.623 4 -7.0
39.725 4 -11.0
44.826 4 13.0
50.727 4 -13.0
60.428999999999995 4 -3.0
67.33 4 9.0
73.531 4 -5.0
80.938 4 15.0
87.93700000000004 4 13.0
94.134 4 9.0
99.637 4 -9.0
107.221 4 -3.0
113.021 4 -13.0
119.62200000000001 4 -1.0
124.823 4 1.0
134.125 4 -15.0
142.126 4 5.0
149.028 4 9.0
154.529 4 7.0
163.83 4 3.0
168.933 4 -7.0
176.832 4 -9.0
182.233 4 1.0
187.63400000000001 4 15.0
194.135 4 -1.0
200.22299999999998 4 3.0
208.423 4 -13.0
215.123 4 11.0
222.928 4 15.0
232.025 4 -7.0
239.52599999999998 4 7.0
246.93099999999998 4 -1.0
251.93200000000002 4 1.0
259.53 4 -9.0
265.231 4 -11.0
274.133 4 -5.0
283.134 4 15.0
288.635 4 -9.0
297.524 4 -15.0
303.124 4 11.0
312.724 4 3.0
322.624 4 -13.0
328.325 4 5.0
337.42699999999996 4 11.0
342.6280000000001 4 7.0
351.53 4 -1.0
357.631 4 -7.0
362.83099999999996 4 -7.0
370.233 4 -13.0
375.73400000000004 4 11.0
382.335 4 -5.0
388.436 4 5.0
394.625 4 -9.0
402.426 4 -15.0
408.226 4 -9.0
413.926 4 15.0
421.625 4 -5.0
427.626 4 -1.0
432.62699999999995 4 15.0
441.029 4 5.0
4.037 4 9.0
12.82 4 5.0
20.422 4 5.0
26.022 4 1.0
31.623 4 -7.0
39.725 4 -11.0
44.826 4 13.0
50.727 4 -13.0
60.428999999999995 4 -3.0
67.33 4 9.0
73.531 4 -5.0
80.938 4 15.0
87.93700000000004 4 13.0
94.134 4 9.0
99.637 4 -9.0
107.221 4 -3.0
113.021 4 -13.0
119.62200000000001 4 -1.0
124.823 4 1.0
134.125 4 -15.0
142.126 4 5.0
149.028 4 9.0
154.529 4 7.0
163.83 4 3.0
168.933 4 -7.0
176.832 4 -9.0
182.233 4 1.0
187.63400000000001 4 15.0
194.135 4 -1.0
200.22299999999998 4 3.0
208.423 4 -13.0
215.123 4 11.0
222.928 4 15.0
232.025 4 -7.0
239.52599999999998 4 7.0
246.93099999999998 4 -1.0
251.93200000000002 4 1.0
259.53 4 -9.0
265.231 4 -11.0
274.133 4 -5.0
283.134 4 15.0
288.635 4 -9.0
297.524 4 -15.0
303.124 4 11.0
312.724 4 3.0
322.624 4 -13.0
328.325 4 5.0
337.42699999999996 4 11.0
342.6280000000001 4 7.0
351.53 4 -1.0
357.631 4 -7.0
362.83099999999996 4 -7.0
370.233 4 -13.0
375.73400000000004 4 11.0
382.335 4 -5.0
388.436 4 5.0
394.625 4 -9.0
402.426 4 -15.0
408.226 4 -9.0
413.926 4 15.0
421.625 4 -5.0
427.626 4 -1.0
432.62699999999995 4 15.0
441.029 4 5.0
