4.045 4 -8.972549019607841
10.228 4 5.027450980392158
16.828 4 7.027450980392157
22.028000000000002 4 -10.972549019607845
27.82800000000001 4 -10.972549019607845
35.42800000000001 4 11.027450980392155
44.33 4 -2.9725490196078432
50.833 4 -0.9725490196078432
56.532 4 9.027450980392157
62.633 4 -14.972549019607847
68.134 4 -12.972549019607847
74.229 4 9.027450980392157
79.62899999999998 4 11.027450980392155
88.729 4 -4.972549019607842
96.329 4 -4.972549019607842
102.229 4 3.0274509803921568
107.229 4 13.027450980392153
113.43 4 3.0274509803921568
118.53 4 -8.972549019607841
124.13 4 9.027450980392157
129.83 4 13.027450980392153
139.53 4 -8.972549019607841
147.43200000000004 4 1.0274509803921568
156.333 4 15.027450980392153
161.334 4 3.0274509803921568
170.23 4 -4.972549019607842
177.13 4 13.027450980392153
187.03 4 -12.972549019607847
192.231 4 -2.9725490196078432
198.231 4 11.027450980392155
204.93099999999998 4 13.027450980392153
212.731 4 -14.972549019607847
220.331 4 -2.9725490196078432
225.831 4 -2.9725490196078432
231.53099999999998 4 -12.972549019607847
237.03099999999998 4 -0.9725490196078432
242.53099999999998 4 -10.972549019607845
247.732 4 7.027450980392157
256.534 4 3.0274509803921568
263.935 4 -8.972549019607841
269.532 4 7.027450980392157
278.532 4 15.027450980392153
286.332 4 1.0274509803921568
291.932 4 7.027450980392157
301.232 4 -14.972549019607847
306.632 4 3.0274509803921568
315.932 4 -4.972549019607842
322.033 4 -6.972549019607843
329.43199999999996 4 -4.972549019607842
336.333 4 -0.9725490196078432
342.1330000000001 4 13.027450980392153
350.534 4 -0.9725490196078432
358.635 4 5.027450980392158
366.13300000000004 4 -8.972549019607841
371.233 4 -14.972549019607847
379.43300000000005 4 9.027450980392157
386.43300000000005 4 13.027450980392153
392.63300000000004 4 -4.972549019607842
400.034 4 -6.972549019607843
406.634 4 11.027450980392155
415.73400000000004 4 -14.972549019607847
423.434 4 5.027450980392158
433.034 4 5.027450980392158
441.034 4 7.027450980392157
