4.027 4 -5.490196078431373
11.427 4 -2.4901960784313726
17.428 4 6.509803921568627
22.629 4 5.509803921568627
31.730999999999998 4 -2.4901960784313726
37.632 4 -4.4901960784313735
43.133 4 -5.490196078431373
50.934 4 7.509803921568627
59.925 4 -6.490196078431373
65.425 4 -5.490196078431373
70.825 4 5.509803921568627
76.425 4 -1.4901960784313726
82.125 4 -2.4901960784313726
87.225 4 6.509803921568627
92.925 4 2.5098039215686274
99.82600000000001 4 0.5098039215686274
105.027 4 -4.4901960784313735
111.928 4 3.5098039215686274
121.23 4 2.5098039215686274
126.23100000000001 4 -2.4901960784313726
134.032 4 -6.490196078431373
142.934 4 5.509803921568627
150.335 4 1.5098039215686274
155.92600000000004 4 5.509803921568627
163.526 4 -3.4901960784313726
168.726 4 -2.4901960784313726
173.827 4 3.5098039215686274
182.727 4 5.509803921568627
192.42700000000002 4 -5.490196078431373
198.227 4 -4.4901960784313735
204.428 4 -2.4901960784313726
212.52900000000002 4 -5.490196078431373
218.63 4 2.5098039215686274
226.232 4 4.5098039215686265
234.233 4 2.5098039215686274
242.13400000000001 4 2.5098039215686274
249.828 4 4.5098039215686265
256.428 4 6.509803921568627
264.628 4 -0.4901960784313726
274.528 4 3.5098039215686274
281.028 4 3.5098039215686274
289.928 4 7.509803921568627
296.128 4 -5.490196078431373
305.7290000000001 4 -0.4901960784313726
311.13 4 2.5098039215686274
317.83099999999996 4 -3.4901960784313726
325.432 4 -6.490196078431373
330.43300000000005 4 -4.4901960784313735
336.634 4 -2.4901960784313726
345.42900000000014 4 0.5098039215686274
354.72900000000016 4 5.509803921568627
360.22900000000016 4 5.509803921568627
365.92900000000003 4 -1.4901960784313726
371.529 4 -7.490196078431373
377.33 4 1.5098039215686274
384.83 4 -7.490196078431373
391.83 4 4.5098039215686265
397.93 4 -1.4901960784313726
404.53 4 -0.4901960784313726
413.631 4 3.5098039215686274
421.032 4 3.5098039215686274
426.533 4 7.509803921568627
434.935 4 -1.4901960784313726
441.036 4 -6.490196078431373
4.027 4 -5.490196078431373
11.427 4 -2.4901960784313726
17.428 4 6.509803921568627
22.629 4 5.509803921568627
31.730999999999998 4 -2.4901960784313726
37.632 4 -4.4901960784313735
43.133 4 -5.490196078431373
50.934 4 7.509803921568627
59.925 4 -6.490196078431373
65.425 4 -5.490196078431373
70.825 4 5.509803921568627
76.425 4 -1.4901960784313726
82.125 4 -2.4901960784313726
87.225 4 6.509803921568627
92.925 4 2.5098039215686274
99.82600000000001 4 0.5098039215686274
105.027 4 -4.4901960784313735
111.928 4 3.5098039215686274
121.23 4 2.5098039215686274
126.23100000000001 4 -2.4901960784313726
134.032 4 -6.490196078431373
142.934 4 5.509803921568627
150.335 4 1.5098039215686274
155.92600000000004 4 5.509803921568627
163.526 4 -3.4901960784313726
168.726 4 -2.4901960784313726
173.827 4 3.5098039215686274
182.727 4 5.509803921568627
192.42700000000002 4 -5.490196078431373
198.227 4 -4.4901960784313735
204.428 4 -2.4901960784313726
212.52900000000002 4 -5.490196078431373
218.63 4 2.5098039215686274
226.232 4 4.5098039215686265
234.233 4 2.5098039215686274
242.13400000000001 4 2.5098039215686274
249.828 4 4.5098039215686265
256.428 4 6.509803921568627
264.628 4 -0.4901960784313726
274.528 4 3.5098039215686274
281.028 4 3.5098039215686274
289.928 4 7.509803921568627
296.128 4 -5.490196078431373
305.7290000000001 4 -0.4901960784313726
311.13 4 2.5098039215686274
317.83099999999996 4 -3.4901960784313726
325.432 4 -6.490196078431373
330.43300000000005 4 -4.4901960784313735
336.634 4 -2.4901960784313726
345.42900000000014 4 0.5098039215686274
354.72900000000016 4 5.509803921568627
360.22900000000016 4 5.509803921568627
365.92900000000003 4 -1.4901960784313726
371.529 4 -7.490196078431373
377.33 4 1.5098039215686274
384.83 4 -7.490196078431373
391.83 4 4.5098039215686265
397.93 4 -1.4901960784313726
404.53 4 -0.4901960784313726
413.631 4 3.5098039215686274
421.032 4 3.5098039215686274
426.533 4 7.509803921568627
434.935 4 -1.4901960784313726
441.036 4 -6.490196078431373
4.027 4 -5.490196078431373
11.427 4 -2.4901960784313726
17.428 4 6.509803921568627
22.629 4 5.509803921568627
31.730999999999998 4 -2.4901960784313726
37.632 4 -4.4901960784313735
43.133 4 -5.490196078431373
50.934 4 7.509803921568627
59.925 4 -6.490196078431373
65.425 4 -5.490196078431373
70.825 4 5.509803921568627
76.425 4 -1.4901960784313726
82.125 4 -2.4901960784313726
87.225 4 6.509803921568627
92.925 4 2.5098039215686274
99.82600000000001 4 0.5098039215686274
105.027 4 -4.4901960784313735
111.928 4 3.5098039215686274
121.23 4 2.5098039215686274
126.23100000000001 4 -2.4901960784313726
134.032 4 -6.490196078431373
142.934 4 5.509803921568627
150.335 4 1.5098039215686274
155.92600000000004 4 5.509803921568627
163.526 4 -3.4901960784313726
168.726 4 -2.4901960784313726
173.827 4 3.5098039215686274
182.727 4 5.509803921568627
192.42700000000002 4 -5.490196078431373
198.227 4 -4.4901960784313735
204.428 4 -2.4901960784313726
212.52900000000002 4 -5.490196078431373
218.63 4 2.5098039215686274
226.232 4 4.5098039215686265
234.233 4 2.5098039215686274
242.13400000000001 4 2.5098039215686274
249.828 4 4.5098039215686265
256.428 4 6.509803921568627
264.628 4 -0.4901960784313726
274.528 4 3.5098039215686274
281.028 4 3.5098039215686274
289.928 4 7.509803921568627
296.128 4 -5.490196078431373
305.7290000000001 4 -0.4901960784313726
311.13 4 2.5098039215686274
317.83099999999996 4 -3.4901960784313726
325.432 4 -6.490196078431373
330.43300000000005 4 -4.4901960784313735
336.634 4 -2.4901960784313726
345.42900000000014 4 0.5098039215686274
354.72900000000016 4 5.509803921568627
360.22900000000016 4 5.509803921568627
365.92900000000003 4 -1.4901960784313726
371.529 4 -7.490196078431373
377.33 4 1.5098039215686274
384.83 4 -7.490196078431373
391.83 4 4.5098039215686265
397.93 4 -1.4901960784313726
404.53 4 -0.4901960784313726
413.631 4 3.5098039215686274
421.032 4 3.5098039215686274
426.533 4 7.509803921568627
434.935 4 -1.4901960784313726
441.036 4 -6.490196078431373
