4.04 4 -4.972549019607842
10.027999999999999 4 7.027450980392157
16.529 4 9.027450980392157
25.429000000000002 4 11.027450980392155
33.429 4 -14.972549019607847
42.73 4 -8.972549019607841
48.53100000000001 4 1.0274509803921568
53.732 4 15.027450980392153
61.933 4 -14.972549019607847
67.434 4 1.0274509803921568
75.829 4 -4.972549019607842
83.23 4 -6.972549019607843
91.03 4 -12.972549019607847
97.93 4 9.027450980392157
103.33 4 11.027450980392155
108.83 4 5.027450980392158
114.43 4 -10.972549019607845
123.53 4 -14.972549019607847
129.73 4 -0.9725490196078432
138.631 4 -2.9725490196078432
145.631 4 -12.972549019607847
150.632 4 -4.972549019607842
156.433 4 7.027450980392157
164.334 4 3.0274509803921568
170.43099999999995 4 3.0274509803921568
176.13099999999997 4 15.027450980392153
182.731 4 -10.972549019607845
187.93099999999998 4 -0.9725490196078432
196.93099999999998 4 7.027450980392157
204.53099999999998 4 -2.9725490196078432
214.43099999999998 4 7.027450980392157
220.532 4 -2.9725490196078432
226.132 4 7.027450980392157
231.132 4 3.0274509803921568
236.332 4 1.0274509803921568
242.532 4 7.027450980392157
252.233 4 -8.972549019607841
258.835 4 -12.972549019607847
267.932 4 13.027450980392153
273.332 4 11.027450980392155
282.133 4 -8.972549019607841
287.83299999999997 4 -2.9725490196078432
294.733 4 -14.972549019607847
301.433 4 15.027450980392153
308.83299999999997 4 3.0274509803921568
316.933 4 -2.9725490196078432
322.83299999999997 4 -10.972549019607845
330.43300000000005 4 -6.972549019607843
336.1330000000001 4 -6.972549019607843
341.233 4 -0.9725490196078432
346.733 4 -10.972549019607845
354.535 4 11.027450980392155
360.63599999999997 4 5.027450980392158
366.13699999999994 4 11.027450980392155
371.23400000000004 4 15.027450980392153
378.834 4 -14.972549019607847
387.73400000000004 4 15.027450980392153
395.434 4 -0.9725490196078432
401.634 4 13.027450980392153
407.23400000000004 4 5.027450980392158
414.635 4 9.027450980392157
423.935 4 -2.9725490196078432
431.435 4 13.027450980392153
441.035 4 -10.972549019607845
4.04 4 -4.972549019607842
10.027999999999999 4 7.027450980392157
16.529 4 9.027450980392157
25.429000000000002 4 11.027450980392155
33.429 4 -14.972549019607847
42.73 4 -8.972549019607841
48.53100000000001 4 1.0274509803921568
53.732 4 15.027450980392153
61.933 4 -14.972549019607847
67.434 4 1.0274509803921568
75.829 4 -4.972549019607842
83.23 4 -6.972549019607843
91.03 4 -12.972549019607847
97.93 4 9.027450980392157
103.33 4 11.027450980392155
108.83 4 5.027450980392158
114.43 4 -10.972549019607845
123.53 4 -14.972549019607847
129.73 4 -0.9725490196078432
138.631 4 -2.9725490196078432
145.631 4 -12.972549019607847
150.632 4 -4.972549019607842
156.433 4 7.027450980392157
164.334 4 3.0274509803921568
170.43099999999995 4 3.0274509803921568
176.13099999999997 4 15.027450980392153
182.731 4 -10.972549019607845
187.93099999999998 4 -0.9725490196078432
196.93099999999998 4 7.027450980392157
204.53099999999998 4 -2.9725490196078432
214.43099999999998 4 7.027450980392157
220.532 4 -2.9725490196078432
226.132 4 7.027450980392157
231.132 4 3.0274509803921568
236.332 4 1.0274509803921568
242.532 4 7.027450980392157
252.233 4 -8.972549019607841
258.835 4 -12.972549019607847
267.932 4 13.027450980392153
273.332 4 11.027450980392155
282.133 4 -8.972549019607841
287.83299999999997 4 -2.9725490196078432
294.733 4 -14.972549019607847
301.433 4 15.027450980392153
308.83299999999997 4 3.0274509803921568
316.933 4 -2.9725490196078432
322.83299999999997 4 -10.972549019607845
330.43300000000005 4 -6.972549019607843
336.1330000000001 4 -6.972549019607843
341.233 4 -0.9725490196078432
346.733 4 -10.972549019607845
354.535 4 11.027450980392155
360.63599999999997 4 5.027450980392158
366.13699999999994 4 11.027450980392155
371.23400000000004 4 15.027450980392153
378.834 4 -14.972549019607847
387.73400000000004 4 15.027450980392153
395.434 4 -0.9725490196078432
401.634 4 13.027450980392153
407.23400000000004 4 5.027450980392158
414.635 4 9.027450980392157
423.935 4 -2.9725490196078432
431.435 4 13.027450980392153
441.035 4 -10.972549019607845
4.04 4 -4.972549019607842
10.027999999999999 4 7.027450980392157
16.529 4 9.027450980392157
25.429000000000002 4 11.027450980392155
33.429 4 -14.972549019607847
42.73 4 -8.972549019607841
48.53100000000001 4 1.0274509803921568
53.732 4 15.027450980392153
61.933 4 -14.972549019607847
67.434 4 1.0274509803921568
75.829 4 -4.972549019607842
83.23 4 -6.972549019607843
91.03 4 -12.972549019607847
97.93 4 9.027450980392157
103.33 4 11.027450980392155
108.83 4 5.027450980392158
114.43 4 -10.972549019607845
123.53 4 -14.972549019607847
129.73 4 -0.9725490196078432
138.631 4 -2.9725490196078432
145.631 4 -12.972549019607847
150.632 4 -4.972549019607842
156.433 4 7.027450980392157
164.334 4 3.0274509803921568
170.43099999999995 4 3.0274509803921568
176.13099999999997 4 15.027450980392153
182.731 4 -10.972549019607845
187.93099999999998 4 -0.9725490196078432
196.93099999999998 4 7.027450980392157
204.53099999999998 4 -2.9725490196078432
214.43099999999998 4 7.027450980392157
220.532 4 -2.9725490196078432
226.132 4 7.027450980392157
231.132 4 3.0274509803921568
236.332 4 1.0274509803921568
242.532 4 7.027450980392157
252.233 4 -8.972549019607841
258.835 4 -12.972549019607847
267.932 4 13.027450980392153
273.332 4 11.027450980392155
282.133 4 -8.972549019607841
287.83299999999997 4 -2.9725490196078432
294.733 4 -14.972549019607847
301.433 4 15.027450980392153
308.83299999999997 4 3.0274509803921568
316.933 4 -2.9725490196078432
322.83299999999997 4 -10.972549019607845
330.43300000000005 4 -6.972549019607843
336.1330000000001 4 -6.972549019607843
341.233 4 -0.9725490196078432
346.733 4 -10.972549019607845
354.535 4 11.027450980392155
360.63599999999997 4 5.027450980392158
366.13699999999994 4 11.027450980392155
371.23400000000004 4 15.027450980392153
378.834 4 -14.972549019607847
387.73400000000004 4 15.027450980392153
395.434 4 -0.9725490196078432
401.634 4 13.027450980392153
407.23400000000004 4 5.027450980392158
414.635 4 9.027450980392157
423.935 4 -2.9725490196078432
431.435 4 13.027450980392153
441.035 4 -10.972549019607845
