4.05 4 9.027450980392157
9.533 4 15.027450980392153
15.634 4 13.027450980392153
21.335 4 9.027450980392157
27.436999999999998 4 -6.972549019607843
32.825 4 5.027450980392158
41.924 4 1.0274509803921568
50.825 4 15.027450980392153
60.525 4 -4.972549019607842
68.127 4 -10.972549019607845
74.328 4 -14.972549019607847
82.029 4 -0.9725490196078432
87.53 4 3.0274509803921568
93.73100000000001 4 5.027450980392158
98.932 4 -10.972549019607845
104.73299999999999 4 -8.972549019607841
113.635 4 7.027450980392157
118.836 4 -12.972549019607847
124.225 4 13.027450980392153
129.226 4 15.027450980392153
139.126 4 -4.972549019607842
144.326 4 -6.972549019607843
152.327 4 15.027450980392153
160.52700000000004 4 -12.972549019607847
166.227 4 5.027450980392158
175.128 4 -4.972549019607842
182.03 4 -12.972549019607847
189.43099999999998 4 15.027450980392153
196.13299999999998 4 1.0274509803921568
203.937 4 -6.972549019607843
209.735 4 3.0274509803921568
215.33599999999998 4 -8.972549019607841
220.929 4 -8.972549019607841
227.02700000000002 4 5.027450980392158
233.028 4 -12.972549019607847
240.628 4 -14.972549019607847
246.127 4 -8.972549019607841
253.628 4 -8.972549019607841
260.228 4 3.0274509803921568
267.829 4 9.027450980392157
275.73 4 -0.9725490196078432
283.83099999999996 4 9.027450980392157
288.932 4 -0.9725490196078432
294.033 4 -2.9725490196078432
299.935 4 -4.972549019607842
306.535 4 -0.9725490196078432
315.328 4 1.0274509803921568
323.129 4 -8.972549019607841
331.529 4 -14.972549019607847
340.829 4 -6.972549019607843
348.22900000000016 4 -12.972549019607847
355.629 4 15.027450980392153
361.829 4 -0.9725490196078432
370.93300000000005 4 5.027450980392158
376.431 4 11.027450980392155
385.73199999999997 4 11.027450980392155
391.333 4 1.0274509803921568
400.335 4 5.027450980392158
406.036 4 -6.972549019607843
412.53 4 -2.9725490196078432
422.13 4 11.027450980392155
429.03 4 7.027450980392157
434.03 4 7.027450980392157
441.03 4 11.027450980392155
4.05 4 9.027450980392157
9.533 4 15.027450980392153
15.634 4 13.027450980392153
21.335 4 9.027450980392157
27.436999999999998 4 -6.972549019607843
32.825 4 5.027450980392158
41.924 4 1.0274509803921568
50.825 4 15.027450980392153
60.525 4 -4.972549019607842
68.127 4 -10.972549019607845
74.328 4 -14.972549019607847
82.029 4 -0.9725490196078432
87.53 4 3.0274509803921568
93.73100000000001 4 5.027450980392158
98.932 4 -10.972549019607845
104.73299999999999 4 -8.972549019607841
113.635 4 7.027450980392157
118.836 4 -12.972549019607847
124.225 4 13.027450980392153
129.226 4 15.027450980392153
139.126 4 -4.972549019607842
144.326 4 -6.972549019607843
152.327 4 15.027450980392153
160.52700000000004 4 -12.972549019607847
166.227 4 5.027450980392158
175.128 4 -4.972549019607842
182.03 4 -12.972549019607847
189.43099999999998 4 15.027450980392153
196.13299999999998 4 1.0274509803921568
203.937 4 -6.972549019607843
209.735 4 3.0274509803921568
215.33599999999998 4 -8.972549019607841
220.929 4 -8.972549019607841
227.02700000000002 4 5.027450980392158
233.028 4 -12.972549019607847
240.628 4 -14.972549019607847
246.127 4 -8.972549019607841
253.628 4 -8.972549019607841
260.228 4 3.0274509803921568
267.829 4 9.027450980392157
275.73 4 -0.9725490196078432
283.83099999999996 4 9.027450980392157
288.932 4 -0.9725490196078432
294.033 4 -2.9725490196078432
299.935 4 -4.972549019607842
306.535 4 -0.9725490196078432
315.328 4 1.0274509803921568
323.129 4 -8.972549019607841
331.529 4 -14.972549019607847
340.829 4 -6.972549019607843
348.22900000000016 4 -12.972549019607847
355.629 4 15.027450980392153
361.829 4 -0.9725490196078432
370.93300000000005 4 5.027450980392158
376.431 4 11.027450980392155
385.73199999999997 4 11.027450980392155
391.333 4 1.0274509803921568
400.335 4 5.027450980392158
406.036 4 -6.972549019607843
412.53 4 -2.9725490196078432
422.13 4 11.027450980392155
429.03 4 7.027450980392157
434.03 4 7.027450980392157
441.03 4 11.027450980392155
4.05 4 9.027450980392157
9.533 4 15.027450980392153
15.634 4 13.027450980392153
21.335 4 9.027450980392157
27.436999999999998 4 -6.972549019607843
32.825 4 5.027450980392158
41.924 4 1.0274509803921568
50.825 4 15.027450980392153
60.525 4 -4.972549019607842
68.127 4 -10.972549019607845
74.328 4 -14.972549019607847
82.029 4 -0.9725490196078432
87.53 4 3.0274509803921568
93.73100000000001 4 5.027450980392158
98.932 4 -10.972549019607845
104.73299999999999 4 -8.972549019607841
113.635 4 7.027450980392157
118.836 4 -12.972549019607847
124.225 4 13.027450980392153
129.226 4 15.027450980392153
139.126 4 -4.972549019607842
144.326 4 -6.972549019607843
152.327 4 15.027450980392153
160.52700000000004 4 -12.972549019607847
166.227 4 5.027450980392158
175.128 4 -4.972549019607842
182.03 4 -12.972549019607847
189.43099999999998 4 15.027450980392153
196.13299999999998 4 1.0274509803921568
203.937 4 -6.972549019607843
209.735 4 3.0274509803921568
215.33599999999998 4 -8.972549019607841
220.929 4 -8.972549019607841
227.02700000000002 4 5.027450980392158
233.028 4 -12.972549019607847
240.628 4 -14.972549019607847
246.127 4 -8.972549019607841
253.628 4 -8.972549019607841
260.228 4 3.0274509803921568
267.829 4 9.027450980392157
275.73 4 -0.9725490196078432
283.83099999999996 4 9.027450980392157
288.932 4 -0.9725490196078432
294.033 4 -2.9725490196078432
299.935 4 -4.972549019607842
306.535 4 -0.9725490196078432
315.328 4 1.0274509803921568
323.129 4 -8.972549019607841
331.529 4 -14.972549019607847
340.829 4 -6.972549019607843
348.22900000000016 4 -12.972549019607847
355.629 4 15.027450980392153
361.829 4 -0.9725490196078432
370.93300000000005 4 5.027450980392158
376.431 4 11.027450980392155
385.73199999999997 4 11.027450980392155
391.333 4 1.0274509803921568
400.335 4 5.027450980392158
406.036 4 -6.972549019607843
412.53 4 -2.9725490196078432
422.13 4 11.027450980392155
429.03 4 7.027450980392157
434.03 4 7.027450980392157
441.03 4 11.027450980392155
