4.075 4 7.474103585657371
13.325999999999999 4 -5.525896414342629
18.827 4 2.474103585657371
26.429000000000002 4 4.474103585657371
31.53 4 -5.525896414342629
39.431 4 -4.525896414342629
47.832 4 -6.525896414342629
55.233000000000004 4 -0.5258964143426289
60.935 4 0.47410358565737104
65.935 4 4.474103585657371
71.82300000000002 4 -2.525896414342629
80.82300000000002 4 0.47410358565737104
86.324 4 4.474103585657371
95.22399999999999 4 -6.525896414342629
100.325 4 -5.525896414342629
108.126 4 2.474103585657371
113.727 4 -4.525896414342629
119.428 4 -3.5258964143426286
126.329 4 0.47410358565737104
134.03 4 -3.5258964143426286
141.032 4 -0.5258964143426289
147.63299999999995 4 -3.5258964143426286
153.034 4 0.47410358565737104
160.636 4 4.474103585657371
170.525 4 7.474103585657371
178.025 4 1.474103585657371
189.925 4 7.474103585657371
199.025 4 -7.525896414342629
204.226 4 -5.525896414342629
209.727 4 3.4741035856573714
216.62900000000002 4 -4.525896414342629
225.93200000000002 4 7.474103585657371
230.93099999999998 4 -3.5258964143426286
237.132 4 7.474103585657371
243.233 4 3.4741035856573714
248.43400000000003 4 2.474103585657371
254.935 4 -3.5258964143426286
261.626 4 -2.525896414342629
266.82599999999996 4 -7.525896414342629
275.726 4 1.474103585657371
285.32599999999996 4 -2.525896414342629
290.928 4 -0.5258964143426289
296.527 4 -7.525896414342629
304.327 4 4.474103585657371
311.728 4 6.474103585657371
317.73 4 6.474103585657371
323.931 4 -3.5258964143426286
332.13199999999995 4 6.474103585657371
341.2340000000001 4 -6.525896414342629
346.935 4 -0.5258964143426289
352.336 4 4.474103585657371
358.12800000000016 4 7.474103585657371
364.727 4 0.47410358565737104
370.92800000000005 4 0.47410358565737104
378.32800000000003 4 -4.525896414342629
383.82800000000003 4 7.474103585657371
400.32800000000003 4 -3.5258964143426286
406.42900000000003 4 2.474103585657371
416.13 4 -3.5258964143426286
424.13199999999995 4 -7.525896414342629
432.935 4 -1.525896414342629
441.035 4 -7.525896414342629
4.075 4 7.474103585657371
13.325999999999999 4 -5.525896414342629
18.827 4 2.474103585657371
26.429000000000002 4 4.474103585657371
31.53 4 -5.525896414342629
39.431 4 -4.525896414342629
47.832 4 -6.525896414342629
55.233000000000004 4 -0.5258964143426289
60.935 4 0.47410358565737104
65.935 4 4.474103585657371
71.82300000000002 4 -2.525896414342629
80.82300000000002 4 0.47410358565737104
86.324 4 4.474103585657371
95.22399999999999 4 -6.525896414342629
100.325 4 -5.525896414342629
108.126 4 2.474103585657371
113.727 4 -4.525896414342629
119.428 4 -3.5258964143426286
126.329 4 0.47410358565737104
134.03 4 -3.5258964143426286
141.032 4 -0.5258964143426289
147.63299999999995 4 -3.5258964143426286
153.034 4 0.47410358565737104
160.636 4 4.474103585657371
170.525 4 7.474103585657371
178.025 4 1.474103585657371
189.925 4 7.474103585657371
199.025 4 -7.525896414342629
204.226 4 -5.525896414342629
209.727 4 3.4741035856573714
216.62900000000002 4 -4.525896414342629
225.93200000000002 4 7.474103585657371
230.93099999999998 4 -3.5258964143426286
237.132 4 7.474103585657371
243.233 4 3.4741035856573714
248.43400000000003 4 2.474103585657371
254.935 4 -3.5258964143426286
261.626 4 -2.525896414342629
266.82599999999996 4 -7.525896414342629
275.726 4 1.474103585657371
285.32599999999996 4 -2.525896414342629
290.928 4 -0.5258964143426289
296.527 4 -7.525896414342629
304.327 4 4.474103585657371
311.728 4 6.474103585657371
317.73 4 6.474103585657371
323.931 4 -3.5258964143426286
332.13199999999995 4 6.474103585657371
341.2340000000001 4 -6.525896414342629
346.935 4 -0.5258964143426289
352.336 4 4.474103585657371
358.12800000000016 4 7.474103585657371
364.727 4 0.47410358565737104
370.92800000000005 4 0.47410358565737104
378.32800000000003 4 -4.525896414342629
383.82800000000003 4 7.474103585657371
400.32800000000003 4 -3.5258964143426286
406.42900000000003 4 2.474103585657371
416.13 4 -3.5258964143426286
424.13199999999995 4 -7.525896414342629
432.935 4 -1.525896414342629
441.035 4 -7.525896414342629
4.075 4 7.474103585657371
13.325999999999999 4 -5.525896414342629
18.827 4 2.474103585657371
26.429000000000002 4 4.474103585657371
31.53 4 -5.525896414342629
39.431 4 -4.525896414342629
47.832 4 -6.525896414342629
55.233000000000004 4 -0.5258964143426289
60.935 4 0.47410358565737104
65.935 4 4.474103585657371
71.82300000000002 4 -2.525896414342629
80.82300000000002 4 0.47410358565737104
86.324 4 4.474103585657371
95.22399999999999 4 -6.525896414342629
100.325 4 -5.525896414342629
108.126 4 2.474103585657371
113.727 4 -4.525896414342629
119.428 4 -3.5258964143426286
126.329 4 0.47410358565737104
134.03 4 -3.5258964143426286
141.032 4 -0.5258964143426289
147.63299999999995 4 -3.5258964143426286
153.034 4 0.47410358565737104
160.636 4 4.474103585657371
170.525 4 7.474103585657371
178.025 4 1.474103585657371
189.925 4 7.474103585657371
199.025 4 -7.525896414342629
204.226 4 -5.525896414342629
209.727 4 3.4741035856573714
216.62900000000002 4 -4.525896414342629
225.93200000000002 4 7.474103585657371
230.93099999999998 4 -3.5258964143426286
237.132 4 7.474103585657371
243.233 4 3.4741035856573714
248.43400000000003 4 2.474103585657371
254.935 4 -3.5258964143426286
261.626 4 -2.525896414342629
266.82599999999996 4 -7.525896414342629
275.726 4 1.474103585657371
285.32599999999996 4 -2.525896414342629
290.928 4 -0.5258964143426289
296.527 4 -7.525896414342629
304.327 4 4.474103585657371
311.728 4 6.474103585657371
317.73 4 6.474103585657371
323.931 4 -3.5258964143426286
332.13199999999995 4 6.474103585657371
341.2340000000001 4 -6.525896414342629
346.935 4 -0.5258964143426289
352.336 4 4.474103585657371
358.12800000000016 4 7.474103585657371
364.727 4 0.47410358565737104
370.92800000000005 4 0.47410358565737104
378.32800000000003 4 -4.525896414342629
383.82800000000003 4 7.474103585657371
400.32800000000003 4 -3.5258964143426286
406.42900000000003 4 2.474103585657371
416.13 4 -3.5258964143426286
424.13199999999995 4 -7.525896414342629
432.935 4 -1.525896414342629
441.035 4 -7.525896414342629
