4.0489999999999995 4 6.5176470588235285
10.231 4 -0.4823529411764706
15.43 4 6.5176470588235285
21.430999999999997 4 -7.4823529411764715
31.031 4 -2.4823529411764707
38.532 4 -6.4823529411764715
47.534 4 -3.4823529411764707
55.135 4 -6.4823529411764715
60.93600000000001 4 3.5176470588235293
66.632 4 -7.4823529411764715
72.132 4 3.5176470588235293
77.73100000000002 4 -3.4823529411764707
84.632 4 7.5176470588235285
90.03200000000002 4 -4.4823529411764715
99.932 4 7.5176470588235285
109.23200000000001 4 5.5176470588235285
115.93299999999999 4 -5.4823529411764715
121.03200000000001 4 4.5176470588235285
126.03299999999999 4 2.5176470588235293
132.132 4 6.5176470588235285
138.733 4 -6.4823529411764715
144.634 4 4.5176470588235285
150.435 4 -3.4823529411764707
156.136 4 -7.4823529411764715
165.033 4 6.5176470588235285
172.63299999999995 4 -5.4823529411764715
177.833 4 0.5176470588235293
183.033 4 -0.4823529411764706
190.734 4 6.5176470588235285
200.43400000000003 4 5.5176470588235285
208.233 4 -0.4823529411764706
215.63400000000001 4 -0.4823529411764706
221.734 4 -4.4823529411764715
227.234 4 -7.4823529411764715
234.63400000000001 4 2.5176470588235293
240.13400000000001 4 -1.4823529411764709
245.135 4 1.5176470588235291
250.236 4 3.5176470588235293
258.337 4 -3.4823529411764707
264.434 4 1.5176470588235291
271.335 4 0.5176470588235293
276.94 4 -6.4823529411764715
284.335 4 6.5176470588235285
289.943 4 -1.4823529411764709
298.835 4 -2.4823529411764707
307.235 4 1.5176470588235291
314.835 4 1.5176470588235291
323.735 4 2.5176470588235293
332.836 4 -4.4823529411764715
339.435 4 -4.4823529411764715
345.13599999999997 4 3.5176470588235293
351.337 4 5.5176470588235285
359.538 4 4.5176470588235285
366.036 4 -2.4823529411764707
374.036 4 -0.4823529411764706
381.82599999999996 4 -1.4823529411764709
391.12699999999995 4 1.5176470588235291
396.528 4 -6.4823529411764715
402.72900000000004 4 0.5176470588235293
410.631 4 6.5176470588235285
419.733 4 5.5176470588235285
428.537 4 -4.4823529411764715
434.037 4 3.5176470588235293
441.037 4 -1.4823529411764709
