4.053999999999999 4 13.0
9.636000000000001 4 -15.0
16.335 4 13.0
23.336 4 15.0
29.923000000000002 4 -9.0
39.821999999999996 4 11.0
49.523999999999994 4 -15.0
55.224 4 11.0
60.226000000000006 4 -3.0
66.32600000000001 4 -7.0
74.428 4 -1.0
80.62899999999998 4 -15.0
89.531 4 -11.0
97.53200000000001 4 -11.0
106.53399999999999 4 -9.0
115.63799999999999 4 -13.0
123.021 4 -11.0
129.52100000000002 4 -1.0
137.92600000000002 4 9.0
143.623 4 -11.0
152.92600000000004 4 -7.0
160.827 4 3.0
166.328 4 -11.0
172.93 4 7.0
178.53 4 -5.0
186.13099999999997 4 1.0
195.033 4 1.0
200.13400000000001 4 7.0
207.03400000000002 4 15.0
214.83900000000003 4 7.0
223.622 4 5.0
229.122 4 -13.0
236.72299999999998 4 11.0
241.926 4 11.0
247.725 4 15.0
253.12599999999998 4 -7.0
258.627 4 5.0
266.028 4 9.0
271.22900000000004 4 -13.0
276.33 4 -15.0
282.231 4 -1.0
291.33299999999997 4 9.0
296.934 4 -3.0
306.536 4 7.0
312.624 4 -3.0
318.123 4 -1.0
324.324 4 -15.0
332.024 4 -3.0
338.925 4 3.0
347.82599999999996 4 5.0
352.827 4 11.0
360.228 4 13.0
368.03 4 3.0
375.531 4 -5.0
381.332 4 -3.0
390.634 4 7.0
396.835 4 -3.0
402.035 4 1.0
408.025 4 7.0
414.125 4 3.0
421.725 4 -5.0
427.425 4 15.0
432.825 4 15.0
441.026 4 -9.0
4.053999999999999 4 13.0
9.636000000000001 4 -15.0
16.335 4 13.0
23.336 4 15.0
29.923000000000002 4 -9.0
39.821999999999996 4 11.0
49.523999999999994 4 -15.0
55.224 4 11.0
60.226000000000006 4 -3.0
66.32600000000001 4 -7.0
74.428 4 -1.0
80.62899999999998 4 -15.0
89.531 4 -11.0
97.53200000000001 4 -11.0
106.53399999999999 4 -9.0
115.63799999999999 4 -13.0
123.021 4 -11.0
129.52100000000002 4 -1.0
137.92600000000002 4 9.0
143.623 4 -11.0
152.92600000000004 4 -7.0
160.827 4 3.0
166.328 4 -11.0
172.93 4 7.0
178.53 4 -5.0
186.13099999999997 4 1.0
195.033 4 1.0
200.13400000000001 4 7.0
207.03400000000002 4 15.0
214.83900000000003 4 7.0
223.622 4 5.0
229.122 4 -13.0
236.72299999999998 4 11.0
241.926 4 11.0
247.725 4 15.0
253.12599999999998 4 -7.0
258.627 4 5.0
266.028 4 9.0
271.22900000000004 4 -13.0
276.33 4 -15.0
282.231 4 -1.0
291.33299999999997 4 9.0
296.934 4 -3.0
306.536 4 7.0
312.624 4 -3.0
318.123 4 -1.0
324.324 4 -15.0
332.024 4 -3.0
338.925 4 3.0
347.82599999999996 4 5.0
352.827 4 11.0
360.228 4 13.0
368.03 4 3.0
375.531 4 -5.0
381.332 4 -3.0
390.634 4 7.0
396.835 4 -3.0
402.035 4 1.0
408.025 4 7.0
414.125 4 3.0
421.725 4 -5.0
427.425 4 15.0
432.825 4 15.0
441.026 4 -9.0
