4.055 4 5.5
10.728 4 4.5
19.629 4 -0.5
28.730999999999998 4 3.5
34.833 4 -3.5
41.034 4 -3.5
50.93899999999999 4 -4.5
59.722 4 -6.5
66.722 4 -7.5
75.122 4 -2.5
82.72399999999998 4 4.5
90.226 4 6.5
95.727 4 -4.5
103.12700000000001 4 -1.5
109.729 4 7.5
117.53 4 -2.5
123.531 4 5.5
130.935 4 2.5
137.834 4 -0.5
147.536 4 1.5
153.72299999999996 4 2.5
163.32299999999995 4 -5.5
168.926 4 -6.5
174.024 4 3.5
179.72400000000005 4 6.5
187.426 4 -3.5
192.92700000000002 4 -7.5
198.128 4 1.5
203.52900000000002 4 2.5
208.73 4 4.5
213.93 4 -2.5
219.832 4 -6.5
225.433 4 -0.5
231.13400000000001 4 6.5
238.735 4 -5.5
247.72400000000002 4 6.5
253.825 4 3.5
259.224 4 6.5
266.825 4 -1.5
275.024 4 -0.5
282.82599999999996 4 3.5
287.827 4 -7.5
293.528 4 5.5
302.629 4 3.5
308.131 4 -0.5
317.032 4 -7.5
322.533 4 1.5
330.435 4 6.5
336.035 4 -1.5
344.126 4 0.5
350.726 4 7.5
360.026 4 -6.5
368.926 4 1.5
375.026 4 0.5
380.027 4 -4.5
386.227 4 -3.5
391.32800000000003 4 -4.5
397.83 4 6.5
405.231 4 5.5
412.13199999999995 4 -6.5
417.93300000000005 4 -1.5
427.235 4 -4.5
435.236 4 1.5
441.027 4 0.5
