4.047 4 -5.043478260869566
10.03 4 6.956521739130434
16.531 4 8.956521739130434
25.433000000000003 4 10.956521739130432
33.434 4 -15.043478260869565
42.724 4 -9.043478260869566
48.523999999999994 4 0.9565217391304336
53.724 4 14.956521739130435
61.925 4 -15.043478260869565
67.42399999999999 4 0.9565217391304336
75.825 4 -5.043478260869566
83.227 4 -7.043478260869566
91.02799999999999 4 -13.043478260869565
97.929 4 8.956521739130434
103.33 4 10.956521739130432
108.831 4 4.956521739130434
114.432 4 -11.043478260869568
123.53399999999999 4 -15.043478260869565
129.735 4 -1.0434782608695663
138.636 4 -3.0434782608695663
145.625 4 -13.043478260869565
150.625 4 -5.043478260869566
156.42600000000004 4 6.956521739130434
164.325 4 2.9565217391304337
170.426 4 2.9565217391304337
176.12599999999995 4 14.956521739130435
182.727 4 -11.043478260869568
187.93200000000002 4 -1.0434782608695663
196.933 4 6.956521739130434
204.53099999999998 4 -3.0434782608695663
214.433 4 6.956521739130434
220.53400000000002 4 -3.0434782608695663
226.135 4 6.956521739130434
231.136 4 2.9565217391304337
236.327 4 0.9565217391304336
242.52700000000002 4 6.956521739130434
252.227 4 -9.043478260869566
258.827 4 -13.043478260869565
267.931 4 12.956521739130435
273.327 4 10.956521739130432
282.128 4 -9.043478260869566
287.829 4 -3.0434782608695663
294.731 4 -15.043478260869565
301.432 4 14.956521739130435
308.83299999999997 4 2.9565217391304337
316.936 4 -3.0434782608695663
322.835 4 -11.043478260869568
330.42800000000005 4 -7.043478260869566
336.1280000000001 4 -7.043478260869566
341.228 4 -1.0434782608695663
346.728 4 -11.043478260869568
354.529 4 10.956521739130432
360.62800000000004 4 4.956521739130434
366.129 4 10.956521739130432
371.22900000000004 4 14.956521739130435
378.829 4 -15.043478260869565
387.73 4 14.956521739130435
395.431 4 -1.0434782608695663
401.63199999999995 4 12.956521739130435
407.23400000000004 4 4.956521739130434
414.635 4 8.956521739130434
423.93 4 -3.0434782608695663
431.42900000000003 4 12.956521739130435
441.03 4 -11.043478260869568
