4.0280000000000005 4 -11.0
9.427999999999999 4 9.0
16.327 4 -13.0
25.229 4 -11.0
34.131 4 -13.0
39.632 4 -15.0
48.733000000000004 4 -1.0
54.833999999999996 4 1.0
63.728 4 -11.0
71.328 4 -11.0
78.029 4 -11.0
85.62899999999998 4 -7.0
93.029 4 9.0
100.829 4 11.0
109.929 4 -7.0
116.529 4 -3.0
121.529 4 13.0
127.73 4 5.0
132.931 4 -3.0
138.43200000000002 4 -13.0
146.434 4 1.0
152.535 4 3.0
158.13 4 1.0
167.13 4 13.0
175.23 4 -5.0
184.93 4 -13.0
191.93 4 1.0
199.73 4 3.0
205.53 4 11.0
211.43 4 5.0
220.73 4 1.0
226.331 4 -7.0
232.532 4 13.0
240.93400000000003 4 -3.0
246.63400000000001 4 -15.0
252.331 4 -7.0
257.33099999999996 4 5.0
263.83099999999996 4 -3.0
271.33099999999996 4 -5.0
276.431 4 7.0
281.83099999999996 4 -15.0
287.431 4 15.0
292.532 4 -1.0
299.932 4 9.0
307.532 4 15.0
316.332 4 9.0
322.532 4 -7.0
332.1330000000001 4 -5.0
338.2340000000001 4 3.0
345.935 4 -11.0
355.832 4 13.0
363.233 4 11.0
370.13300000000004 4 9.0
375.93300000000005 4 13.0
382.533 4 3.0
390.43300000000005 4 -7.0
395.93300000000005 4 15.0
401.13300000000004 4 -13.0
407.13300000000004 4 -9.0
412.333 4 1.0
417.833 4 1.0
423.534 4 -1.0
431.73400000000004 4 7.0
441.035 4 -9.0
4.0280000000000005 4 -11.0
9.427999999999999 4 9.0
16.327 4 -13.0
25.229 4 -11.0
34.131 4 -13.0
39.632 4 -15.0
48.733000000000004 4 -1.0
54.833999999999996 4 1.0
63.728 4 -11.0
71.328 4 -11.0
78.029 4 -11.0
85.62899999999998 4 -7.0
93.029 4 9.0
100.829 4 11.0
109.929 4 -7.0
116.529 4 -3.0
121.529 4 13.0
127.73 4 5.0
132.931 4 -3.0
138.43200000000002 4 -13.0
146.434 4 1.0
152.535 4 3.0
158.13 4 1.0
167.13 4 13.0
175.23 4 -5.0
184.93 4 -13.0
191.93 4 1.0
199.73 4 3.0
205.53 4 11.0
211.43 4 5.0
220.73 4 1.0
226.331 4 -7.0
232.532 4 13.0
240.93400000000003 4 -3.0
246.63400000000001 4 -15.0
252.331 4 -7.0
257.33099999999996 4 5.0
263.83099999999996 4 -3.0
271.33099999999996 4 -5.0
276.431 4 7.0
281.83099999999996 4 -15.0
287.431 4 15.0
292.532 4 -1.0
299.932 4 9.0
307.532 4 15.0
316.332 4 9.0
322.532 4 -7.0
332.1330000000001 4 -5.0
338.2340000000001 4 3.0
345.935 4 -11.0
355.832 4 13.0
363.233 4 11.0
370.13300000000004 4 9.0
375.93300000000005 4 13.0
382.533 4 3.0
390.43300000000005 4 -7.0
395.93300000000005 4 15.0
401.13300000000004 4 -13.0
407.13300000000004 4 -9.0
412.333 4 1.0
417.833 4 1.0
423.534 4 -1.0
431.73400000000004 4 7.0
441.035 4 -9.0
