4.043 4 -11.020242914979756
10.227 4 0.9797570850202426
16.727999999999998 4 -5.020242914979757
23.629 4 4.979757085020243
32.431 4 -3.0202429149797574
37.931999999999995 4 -9.020242914979756
45.533 4 4.979757085020243
54.538000000000004 4 4.979757085020243
61.92100000000001 4 -13.020242914979756
67.62100000000001 4 -13.020242914979756
72.622 4 2.9797570850202426
81.92299999999999 4 -15.020242914979756
87.124 4 -9.020242914979756
94.825 4 -15.020242914979756
100.82600000000001 4 2.9797570850202426
107.727 4 6.979757085020242
112.728 4 -7.020242914979758
121.63 4 -15.020242914979756
128.231 4 10.979757085020244
133.732 4 2.9797570850202426
139.933 4 10.979757085020244
145.834 4 12.979757085020244
151.335 4 -13.020242914979756
157.123 4 -7.020242914979758
166.023 4 8.979757085020243
172.123 4 -11.020242914979756
180.523 4 6.979757085020242
187.525 4 6.979757085020242
201.02700000000002 4 10.979757085020244
207.22799999999998 4 -1.0202429149797574
216.33 4 6.979757085020242
224.231 4 -15.020242914979756
234.13299999999998 4 -9.020242914979756
242.334 4 -5.020242914979757
257.42400000000004 4 -5.020242914979757
266.324 4 -5.020242914979757
273.724 4 2.9797570850202426
279.224 4 -9.020242914979756
285.325 4 0.9797570850202426
291.426 4 12.979757085020244
296.527 4 10.979757085020244
302.228 4 -1.0202429149797574
309.629 4 12.979757085020244
315.23 4 2.9797570850202426
322.832 4 4.979757085020243
328.533 4 14.979757085020244
336.034 4 -3.0202429149797574
341.235 4 -3.0202429149797574
348.82599999999996 4 8.979757085020243
356.82599999999996 4 -9.020242914979756
364.626 4 12.979757085020244
371.32599999999996 4 12.979757085020244
376.426 4 8.979757085020243
382.226 4 12.979757085020244
388.827 4 -1.0202429149797574
396.62800000000004 4 -15.020242914979756
405.93 4 -1.0202429149797574
411.531 4 -5.020242914979757
416.73199999999997 4 -11.020242914979756
422.332 4 14.979757085020244
431.934 4 8.979757085020243
441.027 4 -5.020242914979757
