4.081 4 6.5
10.231 4 -0.5
15.432 4 6.5
21.433000000000003 4 -7.5
31.034000000000002 4 -2.5
38.536 4 -6.5
47.527 4 -3.5
55.126999999999995 4 -6.5
60.926 4 3.5
66.627 4 -7.5
72.127 4 3.5
77.727 4 -3.5
84.62700000000002 4 7.5
90.02799999999998 4 -4.5
99.93 4 7.5
109.23200000000001 4 5.5
115.93299999999999 4 -5.5
121.03399999999999 4 4.5
126.035 4 2.5
132.136 4 6.5
138.72799999999998 4 -6.5
144.628 4 4.5
150.428 4 -3.5
156.128 4 -7.5
165.028 4 6.5
172.628 4 -5.5
177.828 4 0.5
183.02900000000002 4 -0.5
190.729 4 6.5
200.43 4 5.5
208.232 4 -0.5
215.63299999999998 4 -0.5
221.734 4 -4.5
227.235 4 -7.5
234.62900000000002 4 2.5
240.12900000000002 4 -1.5
245.12900000000002 4 1.5
250.229 4 3.5
258.33 4 -3.5
264.43 4 1.5
271.329 4 0.5
276.93 4 -6.5
284.33 4 6.5
289.933 4 -1.5
298.83099999999996 4 -2.5
307.233 4 1.5
314.834 4 1.5
323.736 4 2.5
332.83 4 -4.5
339.431 4 -4.5
345.131 4 3.5
351.33099999999996 4 5.5
359.531 4 4.5
366.031 4 -2.5
374.031 4 -0.5
381.83099999999996 4 -1.5
391.13199999999995 4 1.5
396.532 4 -6.5
402.733 4 0.5
410.634 4 6.5
419.736 4 5.5
428.532 4 -4.5
434.032 4 3.5
441.032 4 -1.5
4.081 4 6.5
10.231 4 -0.5
15.432 4 6.5
21.433000000000003 4 -7.5
31.034000000000002 4 -2.5
38.536 4 -6.5
47.527 4 -3.5
55.126999999999995 4 -6.5
60.926 4 3.5
66.627 4 -7.5
72.127 4 3.5
77.727 4 -3.5
84.62700000000002 4 7.5
90.02799999999998 4 -4.5
99.93 4 7.5
109.23200000000001 4 5.5
115.93299999999999 4 -5.5
121.03399999999999 4 4.5
126.035 4 2.5
132.136 4 6.5
138.72799999999998 4 -6.5
144.628 4 4.5
150.428 4 -3.5
156.128 4 -7.5
165.028 4 6.5
172.628 4 -5.5
177.828 4 0.5
183.02900000000002 4 -0.5
190.729 4 6.5
200.43 4 5.5
208.232 4 -0.5
215.63299999999998 4 -0.5
221.734 4 -4.5
227.235 4 -7.5
234.62900000000002 4 2.5
240.12900000000002 4 -1.5
245.12900000000002 4 1.5
250.229 4 3.5
258.33 4 -3.5
264.43 4 1.5
271.329 4 0.5
276.93 4 -6.5
284.33 4 6.5
289.933 4 -1.5
298.83099999999996 4 -2.5
307.233 4 1.5
314.834 4 1.5
323.736 4 2.5
332.83 4 -4.5
339.431 4 -4.5
345.131 4 3.5
351.33099999999996 4 5.5
359.531 4 4.5
366.031 4 -2.5
374.031 4 -0.5
381.83099999999996 4 -1.5
391.13199999999995 4 1.5
396.532 4 -6.5
402.733 4 0.5
410.634 4 6.5
419.736 4 5.5
428.532 4 -4.5
434.032 4 3.5
441.032 4 -1.5
