4.0489999999999995 4 7.0
10.13 4 13.0
16.632 4 -15.0
21.732 4 7.0
27.13300000000001 4 -1.0
32.934 4 3.0
40.336 4 -3.0
45.93 4 15.0
51.33 4 13.0
57.03 4 -1.0
65.83 4 13.0
70.83 4 -13.0
79.73 4 3.0
87.43 4 -15.0
96.53 4 -3.0
103.43 4 13.0
108.631 4 7.0
115.33200000000001 4 -11.0
122.934 4 5.0
129.935 4 -11.0
137.931 4 7.0
144.531 4 -9.0
150.231 4 9.0
158.33100000000005 4 -5.0
167.231 4 -15.0
175.43099999999995 4 -5.0
181.43200000000002 4 11.0
189.832 4 -5.0
195.93200000000002 4 3.0
201.43200000000002 4 3.0
206.632 4 15.0
215.63299999999998 4 -13.0
223.235 4 -1.0
230.636 4 -3.0
236.732 4 5.0
242.632 4 11.0
252.533 4 -5.0
258.733 4 13.0
267.633 4 11.0
277.233 4 -9.0
285.133 4 13.0
290.633 4 -15.0
296.83299999999997 4 -7.0
306.133 4 9.0
311.934 4 9.0
319.735 4 5.0
325.336 4 -5.0
330.837 4 1.0
338.434 4 -13.0
345.334 4 -9.0
350.834 4 11.0
356.034 4 -7.0
362.634 4 -9.0
370.034 4 -15.0
379.735 4 7.0
387.235 4 -9.0
392.935 4 -1.0
399.135 4 -3.0
408.435 4 1.0
417.535 4 -5.0
425.337 4 9.0
430.43699999999995 4 3.0
435.439 4 5.0
441.035 4 -11.0
4.0489999999999995 4 7.0
10.13 4 13.0
16.632 4 -15.0
21.732 4 7.0
27.13300000000001 4 -1.0
32.934 4 3.0
40.336 4 -3.0
45.93 4 15.0
51.33 4 13.0
57.03 4 -1.0
65.83 4 13.0
70.83 4 -13.0
79.73 4 3.0
87.43 4 -15.0
96.53 4 -3.0
103.43 4 13.0
108.631 4 7.0
115.33200000000001 4 -11.0
122.934 4 5.0
129.935 4 -11.0
137.931 4 7.0
144.531 4 -9.0
150.231 4 9.0
158.33100000000005 4 -5.0
167.231 4 -15.0
175.43099999999995 4 -5.0
181.43200000000002 4 11.0
189.832 4 -5.0
195.93200000000002 4 3.0
201.43200000000002 4 3.0
206.632 4 15.0
215.63299999999998 4 -13.0
223.235 4 -1.0
230.636 4 -3.0
236.732 4 5.0
242.632 4 11.0
252.533 4 -5.0
258.733 4 13.0
267.633 4 11.0
277.233 4 -9.0
285.133 4 13.0
290.633 4 -15.0
296.83299999999997 4 -7.0
306.133 4 9.0
311.934 4 9.0
319.735 4 5.0
325.336 4 -5.0
330.837 4 1.0
338.434 4 -13.0
345.334 4 -9.0
350.834 4 11.0
356.034 4 -7.0
362.634 4 -9.0
370.034 4 -15.0
379.735 4 7.0
387.235 4 -9.0
392.935 4 -1.0
399.135 4 -3.0
408.435 4 1.0
417.535 4 -5.0
425.337 4 9.0
430.43699999999995 4 3.0
435.439 4 5.0
441.035 4 -11.0
