4.048 4 3.0
11.731 4 -7.0
20.133 4 -9.0
29.834 4 1.0
36.436 4 9.0
42.331 4 11.0
51.931000000000004 4 -15.0
57.53100000000001 4 -11.0
63.731 4 13.0
71.331 4 -5.0
77.331 4 -3.0
84.831 4 -15.0
92.632 4 -13.0
101.73200000000001 4 13.0
106.932 4 3.0
112.03200000000001 4 -13.0
117.53299999999999 4 -5.0
123.03399999999999 4 -3.0
130.636 4 5.0
136.333 4 9.0
141.832 4 9.0
149.232 4 9.0
155.333 4 -3.0
161.033 4 -7.0
168.833 4 -13.0
175.333 4 7.0
181.033 4 -11.0
186.233 4 -7.0
194.333 4 1.0
199.333 4 13.0
207.233 4 7.0
216.334 4 -11.0
223.035 4 3.0
230.43599999999998 4 15.0
236.234 4 1.0
245.13400000000001 4 1.0
253.13400000000001 4 13.0
258.334 4 -7.0
267.634 4 13.0
273.034 4 -9.0
280.434 4 -11.0
289.7340000000001 4 3.0
295.936 4 -7.0
304.936 4 -7.0
310.435 4 15.0
317.435 4 1.0
323.236 4 5.0
328.837 4 15.0
337.735 4 -15.0
346.635 4 5.0
354.235 4 11.0
361.13599999999997 4 1.0
371.036 4 -11.0
377.13599999999997 4 9.0
384.036 4 -1.0
389.036 4 1.0
397.833 4 -5.0
402.936 4 -1.0
409.036 4 -13.0
415.63599999999997 4 -11.0
423.82 4 11.0
429.421 4 -13.0
434.82199999999995 4 -1.0
441.023 4 -3.0
