4.0280000000000005 4 11.0
12.927999999999999 4 -11.0
21.728 4 7.0
27.128 4 15.0
35.029 4 -7.0
40.229 4 3.0
47.831 4 -5.0
57.533 4 -15.0
63.133 4 -15.0
68.53399999999999 4 -9.0
76.229 4 9.0
82.429 4 5.0
87.929 4 -13.0
95.529 4 -9.0
104.829 4 3.0
110.029 4 1.0
118.929 4 -1.0
124.729 4 -3.0
130.429 4 -3.0
136.03 4 -7.0
145.131 4 1.0
154.13299999999995 4 -11.0
159.134 4 13.0
166.635 4 3.0
174.03 4 -13.0
179.23 4 11.0
186.23 4 13.0
195.33 4 1.0
201.43 4 -11.0
210.731 4 -11.0
218.93099999999998 4 13.0
227.831 4 -13.0
235.63099999999997 4 9.0
241.43099999999998 4 5.0
248.833 4 -13.0
256.834 4 15.0
261.83099999999996 4 -3.0
267.531 4 13.0
275.931 4 15.0
281.431 4 1.0
287.032 4 3.0
293.032 4 13.0
300.632 4 -7.0
306.532 4 9.0
312.632 4 11.0
318.132 4 -15.0
324.332 4 -7.0
331.032 4 9.0
340.63199999999995 4 5.0
347.533 4 -1.0
353.735 4 7.0
361.536 4 -11.0
369.63300000000004 4 -3.0
375.333 4 -1.0
380.833 4 -5.0
387.733 4 -13.0
392.833 4 1.0
399.43300000000005 4 -11.0
406.834 4 -7.0
416.73400000000004 4 -5.0
421.834 4 -7.0
428.334 4 9.0
434.934 4 1.0
441.034 4 1.0
4.0280000000000005 4 11.0
12.927999999999999 4 -11.0
21.728 4 7.0
27.128 4 15.0
35.029 4 -7.0
40.229 4 3.0
47.831 4 -5.0
57.533 4 -15.0
63.133 4 -15.0
68.53399999999999 4 -9.0
76.229 4 9.0
82.429 4 5.0
87.929 4 -13.0
95.529 4 -9.0
104.829 4 3.0
110.029 4 1.0
118.929 4 -1.0
124.729 4 -3.0
130.429 4 -3.0
136.03 4 -7.0
145.131 4 1.0
154.13299999999995 4 -11.0
159.134 4 13.0
166.635 4 3.0
174.03 4 -13.0
179.23 4 11.0
186.23 4 13.0
195.33 4 1.0
201.43 4 -11.0
210.731 4 -11.0
218.93099999999998 4 13.0
227.831 4 -13.0
235.63099999999997 4 9.0
241.43099999999998 4 5.0
248.833 4 -13.0
256.834 4 15.0
261.83099999999996 4 -3.0
267.531 4 13.0
275.931 4 15.0
281.431 4 1.0
287.032 4 3.0
293.032 4 13.0
300.632 4 -7.0
306.532 4 9.0
312.632 4 11.0
318.132 4 -15.0
324.332 4 -7.0
331.032 4 9.0
340.63199999999995 4 5.0
347.533 4 -1.0
353.735 4 7.0
361.536 4 -11.0
369.63300000000004 4 -3.0
375.333 4 -1.0
380.833 4 -5.0
387.733 4 -13.0
392.833 4 1.0
399.43300000000005 4 -11.0
406.834 4 -7.0
416.73400000000004 4 -5.0
421.834 4 -7.0
428.334 4 9.0
434.934 4 1.0
441.034 4 1.0
