4.051 4 -13.0
12.234000000000002 4 15.0
21.83 4 -15.0
27.43 4 -5.0
35.33 4 -9.0
41.53 4 -1.0
46.73 4 -9.0
52.23 4 -3.0
57.83 4 11.0
66.931 4 3.0
75.331 4 -3.0
81.93299999999998 4 13.0
88.831 4 7.0
94.53200000000001 4 7.0
100.133 4 -1.0
107.03399999999999 4 -9.0
114.035 4 -3.0
119.83200000000001 4 11.0
126.03200000000001 4 -13.0
133.832 4 -15.0
139.33100000000002 4 5.0
144.732 4 1.0
150.43200000000004 4 3.0
158.032 4 15.0
165.732 4 5.0
173.132 4 9.0
182.032 4 -3.0
191.733 4 13.0
196.93599999999998 4 7.0
204.735 4 -9.0
214.63299999999998 4 -15.0
222.033 4 -5.0
228.63299999999998 4 -7.0
233.833 4 5.0
239.935 4 -11.0
246.63299999999998 4 -11.0
252.63299999999998 4 1.0
258.334 4 11.0
267.134 4 3.0
272.634 4 3.0
278.434 4 9.0
285.934 4 3.0
294.834 4 13.0
299.935 4 -1.0
309.036 4 13.0
317.034 4 7.0
324.635 4 11.0
330.735 4 13.0
338.335 4 -15.0
347.335 4 -13.0
356.635 4 -7.0
362.735 4 13.0
370.135 4 7.0
379.435 4 -5.0
385.635 4 9.0
390.635 4 -1.0
395.736 4 -5.0
401.236 4 -15.0
407.73699999999997 4 -9.0
415.838 4 5.0
421.723 4 -11.0
426.724 4 -5.0
432.124 4 -5.0
441.026 4 9.0
