4.047 4 15.095999999999998
10.929 4 13.095999999999998
16.529 4 -2.904
25.33 4 -6.904
34.43 4 9.096
40.63 4 -4.904
45.831 4 -12.904000000000002
52.732 4 -12.904000000000002
58.833 4 7.096
68.135 4 9.096
73.836 4 -6.904
81.63 4 1.0959999999999999
87.13 4 -0.904
92.131 4 -4.904
101.83 4 1.0959999999999999
109.431 4 -14.904000000000002
115.031 4 -0.904
121.531 4 5.096
127.531 4 -6.904
133.731 4 -0.904
142.132 4 11.095999999999998
151.033 4 15.095999999999998
160.134 4 3.096
165.635 4 3.096
174.532 4 5.096
180.032 4 1.0959999999999999
187.832 4 9.096
195.43200000000002 4 -14.904000000000002
204.732 4 5.096
210.832 4 -4.904
218.43200000000002 4 15.095999999999998
225.833 4 -8.904
232.533 4 9.096
238.033 4 1.0959999999999999
246.13299999999998 4 -10.904000000000002
251.93400000000003 4 7.096
258.535 4 -0.904
265.13599999999997 4 15.095999999999998
270.33299999999997 4 -4.904
281.534 4 3.096
288.533 4 11.095999999999998
296.434 4 -6.904
302.134 4 -10.904000000000002
309.634 4 5.096
315.334 4 -0.904
320.434 4 -12.904000000000002
330.034 4 -14.904000000000002
339.934 4 -8.904
346.134 4 5.096
354.335 4 11.095999999999998
360.436 4 -12.904000000000002
369.338 4 -2.904
375.235 4 11.095999999999998
383.235 4 15.095999999999998
388.435 4 5.096
393.835 4 -8.904
402.835 4 7.096
408.435 4 -8.904
413.535 4 -8.904
420.935 4 15.095999999999998
428.335 4 -6.904
433.336 4 -12.904000000000002
441.036 4 -8.904
