4.0489999999999995 4 15.04313725490196
10.232000000000001 4 -6.9568627450980385
16.733 4 9.04313725490196
24.535 4 -10.95686274509804
30.336 4 5.0431372549019615
39.229 4 11.04313725490196
47.028999999999996 4 5.0431372549019615
54.528999999999996 4 5.0431372549019615
59.629 4 -4.9568627450980385
65.229 4 7.0431372549019615
71.829 4 1.0431372549019606
77.029 4 -2.95686274509804
86.329 4 -6.9568627450980385
95.23100000000001 4 11.04313725490196
100.932 4 13.04313725490196
109.73299999999999 4 -12.95686274509804
115.234 4 -8.95686274509804
122.635 4 -14.95686274509804
128.33 4 15.04313725490196
133.83 4 -12.95686274509804
139.53 4 5.0431372549019615
146.23 4 9.04313725490196
155.33 4 -4.9568627450980385
164.93 4 7.0431372549019615
172.831 4 -8.95686274509804
179.43 4 5.0431372549019615
184.43099999999998 4 11.04313725490196
192.03099999999998 4 -12.95686274509804
198.132 4 1.0431372549019606
203.233 4 15.04313725490196
209.43400000000003 4 -12.95686274509804
219.33599999999998 4 -6.9568627450980385
227.331 4 9.04313725490196
233.232 4 -4.9568627450980385
241.331 4 -8.95686274509804
246.532 4 13.04313725490196
252.032 4 -8.95686274509804
257.032 4 -6.9568627450980385
262.232 4 11.04313725490196
269.632 4 -14.95686274509804
277.832 4 5.0431372549019615
283.33299999999997 4 -8.95686274509804
291.732 4 3.0431372549019606
301.034 4 -4.9568627450980385
308.035 4 1.0431372549019606
315.633 4 15.04313725490196
322.533 4 1.0431372549019606
328.1330000000001 4 -0.9568627450980394
334.233 4 -6.9568627450980385
343.93300000000005 4 -12.95686274509804
353.033 4 9.04313725490196
359.13300000000015 4 15.04313725490196
365.333 4 3.0431372549019606
372.733 4 -2.95686274509804
378.334 4 -8.95686274509804
385.233 4 -14.95686274509804
394.134 4 -0.9568627450980394
399.935 4 3.0431372549019606
407.63599999999997 4 15.04313725490196
413.036 4 -10.95686274509804
420.634 4 -0.9568627450980394
429.634 4 -0.9568627450980394
435.634 4 -0.9568627450980394
441.034 4 7.0431372549019615
