4.0489999999999995 4 -7.430278884462152
9.731 4 7.569721115537848
14.832 4 -4.430278884462152
21.833000000000002 4 1.569721115537849
27.334 4 -4.430278884462152
34.936 4 -2.430278884462151
41.425 4 3.5697211155378485
49.125 4 -7.430278884462152
55.325 4 -6.430278884462152
62.725 4 -0.430278884462151
67.925 4 -5.430278884462152
73.426 4 6.569721115537848
81.827 4 -1.430278884462151
87.428 4 4.569721115537848
93.12899999999999 4 -5.430278884462152
101.23100000000001 4 -6.430278884462152
109.132 4 -0.430278884462151
116.734 4 -6.430278884462152
122.135 4 -2.430278884462151
127.835 4 -1.430278884462151
134.026 4 0.569721115537849
149.826 4 5.569721115537848
158.02700000000004 4 5.569721115537848
163.02700000000004 4 -4.430278884462152
168.227 4 -5.430278884462152
173.827 4 -5.430278884462152
179.028 4 2.569721115537849
185.729 4 7.569721115537848
194.53099999999998 4 -3.4302788844621515
202.332 4 7.569721115537848
209.733 4 -6.430278884462152
219.035 4 -0.430278884462151
224.83599999999998 4 3.5697211155378485
230.227 4 4.569721115537848
236.328 4 1.569721115537849
245.22799999999998 4 -3.4302788844621515
254.328 4 0.569721115537849
259.328 4 1.569721115537849
266.228 4 4.569721115537848
275.528 4 5.569721115537848
285.43 4 -0.430278884462151
293.231 4 -7.430278884462152
299.832 4 5.569721115537848
307.334 4 -7.430278884462152
313.535 4 1.569721115537849
319.536 4 6.569721115537848
328.4290000000001 4 2.569721115537849
337.529 4 -7.430278884462152
345.529 4 -1.430278884462151
353.13 4 2.569721115537849
358.23 4 -2.430278884462151
367.93 4 7.569721115537848
373.43 4 4.569721115537848
379.03 4 -1.430278884462151
388.631 4 1.569721115537849
397.63300000000004 4 -1.430278884462151
405.034 4 -1.430278884462151
410.835 4 1.569721115537849
416.931 4 0.569721115537849
423.031 4 5.569721115537848
428.531 4 3.5697211155378485
435.131 4 -1.430278884462151
441.031 4 6.569721115537848
