4.047 4 7.569721115537848
12.130999999999998 4 -2.430278884462151
17.232 4 -4.430278884462152
23.733 4 -7.430278884462152
29.534000000000002 4 -5.430278884462152
36.235 4 2.569721115537849
41.638999999999996 4 0.569721115537849
50.522 4 4.569721115537848
56.022 4 3.5697211155378485
63.62300000000001 4 -1.430278884462151
71.024 4 5.569721115537848
76.125 4 -0.430278884462151
84.027 4 -1.430278884462151
93.12799999999999 4 7.569721115537848
99.33 4 -0.430278884462151
106.331 4 -6.430278884462152
112.932 4 -6.430278884462152
120.333 4 -3.4302788844621515
127.94 4 2.569721115537849
137.036 4 -2.430278884462151
142.224 4 -2.430278884462151
151.224 4 -5.430278884462152
159.424 4 3.5697211155378485
164.929 4 5.569721115537848
170.125 4 3.5697211155378485
175.52599999999995 4 -4.430278884462152
181.227 4 6.569721115537848
190.12900000000002 4 5.569721115537848
195.63 4 5.569721115537848
201.731 4 2.569721115537849
206.732 4 -6.430278884462152
212.433 4 -5.430278884462152
219.03400000000002 4 5.569721115537848
225.935 4 -5.430278884462152
235.625 4 1.569721115537849
240.825 4 4.569721115537848
247.025 4 -0.430278884462151
255.929 4 3.5697211155378485
263.726 4 3.5697211155378485
269.93 4 7.569721115537848
275.72700000000003 4 -7.430278884462152
285.029 4 -5.430278884462152
291.13 4 2.569721115537849
300.732 4 -3.4302788844621515
306.633 4 -2.430278884462151
314.2340000000001 4 -2.430278884462151
320.235 4 -1.430278884462151
328.626 4 5.569721115537848
334.126 4 6.569721115537848
341.6269999999999 4 6.569721115537848
346.62699999999984 4 -2.430278884462151
354.327 4 2.569721115537849
363.62699999999995 4 -6.430278884462152
369.227 4 -1.430278884462151
376.62800000000004 4 2.569721115537849
382.22900000000004 4 -5.430278884462152
391.031 4 0.569721115537849
400.934 4 3.5697211155378485
406.63300000000004 4 1.569721115537849
414.635 4 -2.430278884462151
420.236 4 5.569721115537848
428.028 4 4.569721115537848
434.93 4 -4.430278884462152
441.028 4 -4.430278884462152
