4.03 4 -8.949019607843137
9.53 4 13.050980392156866
16.93 4 15.050980392156866
26.230999999999998 4 -4.9490196078431365
34.632 4 15.050980392156866
40.433 4 -14.949019607843134
47.333999999999996 4 -0.9490196078431374
53.931000000000004 4 9.050980392156863
61.53100000000001 4 -14.949019607843134
67.23100000000001 4 -10.949019607843137
72.431 4 -2.949019607843137
78.631 4 13.050980392156866
87.531 4 -8.949019607843137
97.131 4 7.050980392156862
102.23100000000001 4 -10.949019607843137
111.33200000000001 4 9.050980392156863
116.83200000000001 4 11.050980392156863
125.03200000000001 4 -2.949019607843137
130.532 4 7.050980392156862
136.533 4 -12.949019607843134
141.934 4 1.0509803921568626
147.535 4 -0.9490196078431374
155.43200000000004 4 7.050980392156862
161.132 4 -14.949019607843134
170.233 4 15.050980392156866
176.733 4 -10.949019607843137
182.332 4 9.050980392156863
189.733 4 -14.949019607843134
197.833 4 -6.949019607843138
207.733 4 1.0509803921568626
215.333 4 11.050980392156863
225.033 4 -14.949019607843134
230.533 4 5.0509803921568635
236.734 4 -2.949019607843137
241.735 4 -10.949019607843137
246.93599999999998 4 1.0509803921568626
253.03400000000002 4 13.050980392156866
258.23400000000004 4 7.050980392156862
264.034 4 3.0509803921568626
270.73400000000004 4 7.050980392156862
277.634 4 -6.949019607843138
282.634 4 -12.949019607843134
290.434 4 -2.949019607843137
299.434 4 11.050980392156863
305.035 4 -10.949019607843137
312.435 4 15.050980392156866
320.235 4 11.050980392156863
326.335 4 15.050980392156866
332.935 4 -12.949019607843134
340.536 4 7.050980392156862
349.837 4 3.0509803921568626
357.535 4 -8.949019607843137
363.735 4 -4.9490196078431365
371.724 4 11.050980392156863
377.82599999999996 4 3.0509803921568626
386.727 4 5.0509803921568635
393.728 4 3.0509803921568626
399.129 4 -4.9490196078431365
404.23 4 -2.949019607843137
410.131 4 -6.949019607843138
415.832 4 -0.9490196078431374
424.736 4 -2.949019607843137
432.236 4 5.0509803921568635
441.02 4 -0.9490196078431374
