4.063 4 -6.5
13.127 4 -1.5
18.327 4 -7.5
23.826999999999998 4 -5.5
30.826999999999998 4 2.5
37.427 4 -0.5
46.227 4 7.5
54.228 4 -0.5
61.63 4 -0.5
69.831 4 2.5
76.033 4 0.5
83.53399999999998 4 2.5
93.435 4 4.5
99.62799999999999 4 7.5
105.02799999999999 4 5.5
113.929 4 -5.5
120.029 4 6.5
125.62899999999999 4 4.5
133.72899999999998 4 1.5
142.629 4 4.5
149.22899999999996 4 -5.5
154.93 4 -6.5
160.031 4 -7.5
169.732 4 5.5
175.433 4 -7.5
180.937 4 1.5
187.035 4 -6.5
192.13 4 -3.5
199.93 4 -1.5
205.43 4 -0.5
214.73 4 -2.5
220.53 4 -1.5
225.53 4 -7.5
233.93099999999998 4 3.5
239.53 4 -7.5
245.53 4 1.5
251.13 4 5.5
256.631 4 6.5
261.832 4 -1.5
268.33299999999997 4 3.5
275.73400000000004 4 -1.5
283.335 4 -1.5
289.531 4 -4.5
294.731 4 -5.5
302.431 4 7.5
310.231 4 0.5
317.832 4 -4.5
323.532 4 -1.5
332.63199999999995 4 1.5
337.63199999999995 4 -2.5
343.43199999999996 4 1.5
353.032 4 1.5
360.43199999999996 4 -6.5
369.334 4 5.5
376.235 4 3.5
382.935 4 4.5
391.934 4 0.5
399.532 4 6.5
408.833 4 -3.5
414.733 4 -4.5
420.833 4 1.5
428.733 4 -2.5
435.63300000000004 4 7.5
441.033 4 5.5
