4.044 4 15.051383399209485
12.228 4 -0.9486166007905156
18.429000000000002 4 3.0513833992094845
23.43 4 1.0513833992094843
28.930999999999997 4 5.0513833992094845
33.931999999999995 4 -0.9486166007905156
40.033 4 -14.948616600790515
46.63399999999999 4 5.0513833992094845
52.135 4 -12.948616600790515
61.224 4 -12.948616600790515
66.92399999999999 4 11.051383399209485
73.524 4 11.051383399209485
81.42399999999998 4 -4.948616600790516
87.125 4 7.0513833992094845
94.02600000000001 4 -14.948616600790515
99.527 4 -6.948616600790516
106.02799999999999 4 3.0513833992094845
114.12899999999999 4 15.051383399209485
123.031 4 1.0513833992094843
130.632 4 -12.948616600790515
136.433 4 -14.948616600790515
141.834 4 9.051383399209485
151.125 4 -0.9486166007905156
156.525 4 -12.948616600790515
162.425 4 -4.948616600790516
169.825 4 -8.948616600790515
176.525 4 9.051383399209485
184.525 4 1.0513833992094843
193.426 4 -8.948616600790515
201.22799999999998 4 -2.9486166007905155
207.329 4 11.051383399209485
213.33 4 -0.9486166007905156
218.831 4 5.0513833992094845
227.63299999999998 4 -6.948616600790516
232.833 4 -4.948616600790516
241.935 4 1.0513833992094843
249.52599999999998 4 -6.948616600790516
258.527 4 -10.948616600790515
264.127 4 11.051383399209485
269.827 4 -8.948616600790515
275.027 4 7.0513833992094845
281.927 4 5.0513833992094845
290.827 4 3.0513833992094845
300.7290000000001 4 13.051383399209485
310.33 4 -8.948616600790515
317.732 4 -8.948616600790515
322.83299999999997 4 15.051383399209485
328.634 4 -2.9486166007905155
336.335 4 -6.948616600790516
342.528 4 -6.948616600790516
347.728 4 5.0513833992094845
355.12800000000016 4 15.051383399209485
362.728 4 -0.9486166007905156
370.228 4 5.0513833992094845
379.528 4 9.051383399209485
387.32800000000003 4 -10.948616600790515
393.528 4 7.0513833992094845
400.529 4 13.051383399209485
406.131 4 15.051383399209485
412.23199999999997 4 15.051383399209485
420.63300000000004 4 9.051383399209485
426.23400000000004 4 -12.948616600790515
431.335 4 -4.948616600790516
441.037 4 -8.948616600790515
