4.048 4 -2.5
11.932 4 -7.5
18.133 4 -0.5
26.535 4 -0.5
33.438 4 -3.5
42.32100000000001 4 -4.5
51.422 4 -6.5
60.724 4 -1.5
68.425 4 2.5
73.926 4 3.5
81.727 4 -2.5
86.928 4 2.5
94.329 4 -7.5
99.33 4 -2.5
108.133 4 7.5
113.633 4 5.5
123.535 4 6.5
130.236 4 6.5
138.023 4 -6.5
146.92600000000004 4 6.5
152.023 4 -0.5
160.024 4 6.5
166.52599999999995 4 6.5
174.127 4 5.5
179.128 4 6.5
185.329 4 -0.5
190.93 4 6.5
197.03099999999998 4 -4.5
204.632 4 4.5
209.833 4 -3.5
216.43400000000003 4 4.5
223.83599999999998 4 -5.5
231.424 4 -5.5
237.22400000000002 4 3.5
242.62400000000002 4 3.5
248.12400000000002 4 -0.5
254.324 4 -4.5
261.225 4 5.5
267.127 4 3.5
273.228 4 -1.5
278.329 4 -1.5
285.83 4 -1.5
295.132 4 -6.5
303.233 4 2.5
308.934 4 -3.5
314.335 4 7.5
322.525 4 4.5
328.026 4 -4.5
334.026 4 1.5
343.626 4 0.5
349.726 4 -7.5
357.126 4 5.5
362.827 4 -6.5
371.82800000000003 4 -7.5
377.029 4 1.5
384.03 4 3.5
389.631 4 1.5
395.23199999999997 4 1.5
401.834 4 -6.5
407.635 4 1.5
417.327 4 -3.5
423.027 4 0.5
431.92699999999996 4 -4.5
441.027 4 0.5
