4.0489999999999995 4 -10.896825396825397
9.632 4 15.103174603174605
18.534000000000002 4 -10.896825396825397
24.635 4 -14.896825396825395
29.836 4 13.103174603174605
38.025 4 9.103174603174603
43.525 4 9.103174603174603
48.625 4 -2.8968253968253954
57.025 4 15.103174603174605
62.025 4 15.103174603174605
67.626 4 -0.8968253968253954
75.42699999999998 4 -2.8968253968253954
82.928 4 -6.8968253968253945
89.83 4 11.103174603174603
95.531 4 7.1031746031746055
101.73200000000001 4 11.103174603174603
107.23299999999999 4 7.1031746031746055
113.334 4 3.1031746031746046
118.335 4 -12.896825396825395
124.13600000000001 4 -2.8968253968253954
132.126 4 -14.896825396825395
138.02700000000002 4 11.103174603174603
143.826 4 13.103174603174605
149.227 4 -14.896825396825395
157.02700000000004 4 7.1031746031746055
166.92700000000005 4 -0.8968253968253954
174.328 4 7.1031746031746055
181.02900000000002 4 7.1031746031746055
190.731 4 -10.896825396825397
199.732 4 -4.8968253968253945
206.333 4 7.1031746031746055
215.635 4 1.1031746031746046
223.22799999999998 4 5.1031746031746055
232.328 4 -10.896825396825397
241.22799999999998 4 3.1031746031746046
250.828 4 11.103174603174603
257.828 4 -8.896825396825395
266.628 4 -10.896825396825397
275.72900000000004 4 9.103174603174603
281.23 4 1.1031746031746046
286.731 4 -14.896825396825395
292.332 4 -4.8968253968253945
299.933 4 5.1031746031746055
306.434 4 -14.896825396825395
312.535 4 15.103174603174605
317.7290000000001 4 -12.896825396825395
326.629 4 -6.8968253968253945
332.629 4 -8.896825396825395
340.33 4 -8.896825396825395
345.529 4 -0.8968253968253954
351.23 4 3.1031746031746046
357.43 4 5.1031746031746055
370.63 4 -2.8968253968253954
376.83 4 -2.8968253968253954
384.43199999999996 4 -12.896825396825395
390.13199999999995 4 -4.8968253968253945
397.034 4 -6.8968253968253945
404.435 4 15.103174603174605
412.33099999999996 4 13.103174603174605
421.631 4 1.1031746031746046
429.031 4 -2.8968253968253954
441.031 4 3.1031746031746046
