4.0489999999999995 4 7.49800796812749
11.432 4 0.4980079681274905
17.133 4 2.4980079681274905
23.734 4 5.4980079681274905
33.028 4 5.4980079681274905
39.931 4 -5.5019920318725095
46.628 4 2.4980079681274905
54.628 4 -1.5019920318725095
63.528 4 6.4980079681274905
69.628 4 -4.5019920318725095
74.828 4 -6.5019920318725095
80.328 4 -7.501992031872509
87.829 4 -5.5019920318725095
96.93299999999999 4 6.4980079681274905
105.83200000000001 4 5.4980079681274905
111.53299999999999 4 5.4980079681274905
119.335 4 5.4980079681274905
125.436 4 -6.5019920318725095
134.429 4 -4.5019920318725095
142.029 4 -2.501992031872509
149.43 4 3.4980079681274905
158.33 4 -5.5019920318725095
163.93400000000003 4 6.4980079681274905
173.53 4 -2.501992031872509
179.53 4 -5.5019920318725095
189.43 4 5.4980079681274905
195.93400000000003 4 4.4980079681274905
203.333 4 0.4980079681274905
208.834 4 3.4980079681274905
213.93599999999998 4 7.49800796812749
221.53599999999997 4 -6.5019920318725095
227.73 4 3.4980079681274905
234.63099999999997 4 1.4980079681274905
242.53099999999998 4 2.4980079681274905
249.13099999999997 4 2.4980079681274905
254.93099999999998 4 4.4980079681274905
260.031 4 -6.5019920318725095
265.83099999999996 4 -0.5019920318725095
271.031 4 3.4980079681274905
279.131 4 -0.5019920318725095
285.231 4 5.4980079681274905
290.832 4 3.4980079681274905
300.133 4 -2.501992031872509
309.235 4 -3.501992031872509
315.436 4 -4.5019920318725095
321.132 4 -2.501992031872509
330.832 4 4.4980079681274905
336.23199999999997 4 2.4980079681274905
344.63199999999995 4 -5.5019920318725095
350.532 4 -4.5019920318725095
358.233 4 2.4980079681274905
363.833 4 -1.5019920318725095
369.033 4 -2.501992031872509
383.833 4 -5.5019920318725095
390.033 4 -1.5019920318725095
395.533 4 1.4980079681274905
400.534 4 -3.501992031872509
409.336 4 3.4980079681274905
417.533 4 -1.5019920318725095
422.934 4 -2.501992031872509
430.534 4 7.49800796812749
435.534 4 -7.501992031872509
441.034 4 -2.501992031872509
