4.081 4 0.5
9.731 4 -4.5
15.932 4 3.5
21.133000000000006 4 0.5
26.234 4 7.5
34.335 4 0.5
39.829 4 4.5
48.928999999999995 4 0.5
55.528999999999996 4 4.5
61.32899999999999 4 7.5
66.929 4 6.5
73.12899999999998 4 4.5
80.829 4 -3.5
87.729 4 -3.5
92.93 4 -0.5
98.63 4 -1.5
104.831 4 -4.5
113.73299999999999 4 -3.5
119.734 4 -7.5
127.335 4 -0.5
133.43 4 4.5
139.53 4 0.5
146.03 4 -6.5
151.43 4 -7.5
156.63 4 -0.5
164.231 4 -6.5
169.63099999999997 4 -3.5
174.731 4 4.5
180.231 4 -4.5
185.731 4 2.5
190.731 4 0.5
197.731 4 -5.5
207.033 4 -5.5
212.533 4 0.5
221.335 4 -7.5
228.032 4 7.5
235.532 4 3.5
243.43200000000002 4 7.5
253.032 4 -5.5
262.332 4 -3.5
271.232 4 -3.5
277.032 4 -7.5
286.732 4 1.5
294.332 4 -2.5
301.733 4 0.5
311.634 4 6.5
317.535 4 -5.5
325.33299999999997 4 -3.5
334.233 4 6.5
341.1330000000001 4 -0.5
347.733 4 7.5
355.733 4 -4.5
364.834 4 7.5
373.034 4 4.5
378.634 4 -2.5
383.634 4 -2.5
389.23400000000004 4 2.5
398.23400000000004 4 2.5
405.634 4 1.5
414.036 4 2.5
419.73699999999997 4 -3.5
427.534 4 -6.5
434.93699999999995 4 -7.5
441.035 4 7.5
