4.045 4 7.0
10.129 4 -11.0
15.329 4 15.0
20.83 4 11.0
27.732 4 9.0
33.433 4 -7.0
41.233999999999995 4 -3.0
50.136 4 -15.0
58.025 4 5.0
67.625 4 13.0
73.725 4 5.0
79.525 4 3.0
84.725 4 -5.0
92.32600000000001 4 15.0
99.728 4 -11.0
106.729 4 15.0
114.73 4 1.0
124.03200000000001 4 -11.0
129.833 4 11.0
139.134 4 11.0
145.636 4 -11.0
153.326 4 -13.0
158.826 4 15.0
164.226 4 -11.0
169.226 4 -3.0
178.127 4 7.0
187.226 4 9.0
193.928 4 -9.0
200.128 4 -13.0
206.73 4 -15.0
215.13099999999997 4 1.0
220.732 4 -15.0
227.334 4 -1.0
236.235 4 1.0
242.236 4 13.0
249.128 4 15.0
256.928 4 3.0
262.828 4 11.0
272.528 4 -3.0
277.928 4 13.0
285.328 4 -1.0
291.028 4 7.0
296.129 4 5.0
301.33 4 9.0
308.83099999999996 4 -3.0
314.332 4 -13.0
322.433 4 -1.0
328.635 4 -7.0
336.036 4 11.0
345.93199999999996 4 -3.0
354.72900000000016 4 -9.0
362.93 4 -15.0
369.029 4 7.0
376.63 4 -7.0
385.63 4 -5.0
391.83 4 -5.0
397.43 4 3.0
402.934 4 7.0
408.532 4 -9.0
413.63300000000004 4 7.0
418.634 4 -3.0
427.735 4 -15.0
435.33 4 3.0
441.031 4 -1.0
