4.035 4 -0.5176470588235293
12.934000000000001 4 -5.5176470588235285
21.135 4 0.4823529411764706
27.336 4 6.4823529411764715
33.134 4 2.4823529411764707
38.334 4 -0.5176470588235293
47.63399999999999 4 -2.5176470588235293
57.333999999999996 4 -4.5176470588235285
66.235 4 4.4823529411764715
71.435 4 0.4823529411764706
80.335 4 4.4823529411764715
86.035 4 -6.5176470588235285
94.835 4 -5.5176470588235285
102.935 4 -2.5176470588235293
108.63600000000001 4 3.4823529411764707
114.735 4 3.4823529411764707
122.336 4 -0.5176470588235293
130.138 4 4.4823529411764715
135.739 4 -3.5176470588235293
144.736 4 -3.5176470588235293
150.136 4 4.4823529411764715
156.836 4 1.4823529411764709
163.736 4 -4.5176470588235285
168.72799999999995 4 0.4823529411764706
174.62900000000005 4 -6.5176470588235285
179.73 4 0.4823529411764706
185.831 4 -1.5176470588235291
192.43200000000002 4 7.4823529411764715
198.233 4 -0.5176470588235293
205.83700000000002 4 -3.5176470588235293
212.037 4 -3.5176470588235293
218.021 4 7.4823529411764715
225.821 4 -7.5176470588235285
233.72299999999998 4 7.4823529411764715
238.72299999999998 4 -5.5176470588235285
244.225 4 0.4823529411764706
250.826 4 4.4823529411764715
256.426 4 6.4823529411764715
262.128 4 -7.5176470588235285
269.629 4 7.4823529411764715
278.731 4 -7.5176470588235285
284.232 4 2.4823529411764707
291.633 4 0.4823529411764706
301.235 4 0.4823529411764706
306.738 4 4.4823529411764715
316.622 4 2.4823529411764707
324.022 4 -4.5176470588235285
332.423 4 -7.5176470588235285
339.825 4 -2.5176470588235293
349.126 4 7.4823529411764715
357.12800000000016 4 -6.5176470588235285
362.529 4 2.4823529411764707
369.03 4 0.4823529411764706
374.23 4 -4.5176470588235285
380.43199999999996 4 -3.5176470588235293
386.033 4 -3.5176470588235293
391.534 4 -3.5176470588235293
398.535 4 1.4823529411764709
403.63599999999997 4 7.4823529411764715
412.723 4 -7.5176470588235285
420.32300000000004 4 -5.5176470588235285
426.42400000000004 4 6.4823529411764715
433.324 4 -3.5176470588235293
441.026 4 7.4823529411764715
