4.044 4 6.5
10.234 4 -0.5
15.435 4 6.5
21.436 4 -7.5
31.026999999999997 4 -2.5
38.527 4 -6.5
47.527 4 -3.5
55.126999999999995 4 -6.5
60.927 4 3.5
66.628 4 -7.5
72.128 4 3.5
77.729 4 -3.5
84.631 4 7.5
90.03200000000002 4 -4.5
99.93299999999999 4 7.5
109.234 4 5.5
115.936 4 -5.5
121.02799999999999 4 4.5
126.029 4 2.5
132.128 4 6.5
138.72799999999998 4 -6.5
144.629 4 4.5
150.429 4 -3.5
156.128 4 -7.5
165.028 4 6.5
172.62900000000005 4 -5.5
177.83 4 0.5
183.03099999999998 4 -0.5
190.732 4 6.5
200.43400000000003 4 5.5
208.235 4 -0.5
215.62900000000002 4 -0.5
221.73 4 -4.5
227.23 4 -7.5
234.63 4 2.5
240.13 4 -1.5
245.13 4 1.5
250.23 4 3.5
258.33 4 -3.5
264.431 4 1.5
271.33099999999996 4 0.5
276.932 4 -6.5
284.332 4 6.5
289.935 4 -1.5
298.835 4 -2.5
307.236 4 1.5
314.83099999999996 4 1.5
323.731 4 2.5
332.83099999999996 4 -4.5
339.43199999999996 4 -4.5
345.13199999999995 4 3.5
351.332 4 5.5
359.531 4 4.5
366.032 4 -2.5
374.032 4 -0.5
381.832 4 -1.5
391.134 4 1.5
396.535 4 -6.5
402.736 4 0.5
410.63300000000004 4 6.5
419.733 4 5.5
428.533 4 -4.5
434.033 4 3.5
441.033 4 -1.5
4.044 4 6.5
10.234 4 -0.5
15.435 4 6.5
21.436 4 -7.5
31.026999999999997 4 -2.5
38.527 4 -6.5
47.527 4 -3.5
55.126999999999995 4 -6.5
60.927 4 3.5
66.628 4 -7.5
72.128 4 3.5
77.729 4 -3.5
84.631 4 7.5
90.03200000000002 4 -4.5
99.93299999999999 4 7.5
109.234 4 5.5
115.936 4 -5.5
121.02799999999999 4 4.5
126.029 4 2.5
132.128 4 6.5
138.72799999999998 4 -6.5
144.629 4 4.5
150.429 4 -3.5
156.128 4 -7.5
165.028 4 6.5
172.62900000000005 4 -5.5
177.83 4 0.5
183.03099999999998 4 -0.5
190.732 4 6.5
200.43400000000003 4 5.5
208.235 4 -0.5
215.62900000000002 4 -0.5
221.73 4 -4.5
227.23 4 -7.5
234.63 4 2.5
240.13 4 -1.5
245.13 4 1.5
250.23 4 3.5
258.33 4 -3.5
264.431 4 1.5
271.33099999999996 4 0.5
276.932 4 -6.5
284.332 4 6.5
289.935 4 -1.5
298.835 4 -2.5
307.236 4 1.5
314.83099999999996 4 1.5
323.731 4 2.5
332.83099999999996 4 -4.5
339.43199999999996 4 -4.5
345.13199999999995 4 3.5
351.332 4 5.5
359.531 4 4.5
366.032 4 -2.5
374.032 4 -0.5
381.832 4 -1.5
391.134 4 1.5
396.535 4 -6.5
402.736 4 0.5
410.63300000000004 4 6.5
419.733 4 5.5
428.533 4 -4.5
434.033 4 3.5
441.033 4 -1.5
4.044 4 6.5
10.234 4 -0.5
15.435 4 6.5
21.436 4 -7.5
31.026999999999997 4 -2.5
38.527 4 -6.5
47.527 4 -3.5
55.126999999999995 4 -6.5
60.927 4 3.5
66.628 4 -7.5
72.128 4 3.5
77.729 4 -3.5
84.631 4 7.5
90.03200000000002 4 -4.5
99.93299999999999 4 7.5
109.234 4 5.5
115.936 4 -5.5
121.02799999999999 4 4.5
126.029 4 2.5
132.128 4 6.5
138.72799999999998 4 -6.5
144.629 4 4.5
150.429 4 -3.5
156.128 4 -7.5
165.028 4 6.5
172.62900000000005 4 -5.5
177.83 4 0.5
183.03099999999998 4 -0.5
190.732 4 6.5
200.43400000000003 4 5.5
208.235 4 -0.5
215.62900000000002 4 -0.5
221.73 4 -4.5
227.23 4 -7.5
234.63 4 2.5
240.13 4 -1.5
245.13 4 1.5
250.23 4 3.5
258.33 4 -3.5
264.431 4 1.5
271.33099999999996 4 0.5
276.932 4 -6.5
284.332 4 6.5
289.935 4 -1.5
298.835 4 -2.5
307.236 4 1.5
314.83099999999996 4 1.5
323.731 4 2.5
332.83099999999996 4 -4.5
339.43199999999996 4 -4.5
345.13199999999995 4 3.5
351.332 4 5.5
359.531 4 4.5
366.032 4 -2.5
374.032 4 -0.5
381.832 4 -1.5
391.134 4 1.5
396.535 4 -6.5
402.736 4 0.5
410.63300000000004 4 6.5
419.733 4 5.5
428.533 4 -4.5
434.033 4 3.5
441.033 4 -1.5
4.044 4 6.5
10.234 4 -0.5
15.435 4 6.5
21.436 4 -7.5
31.026999999999997 4 -2.5
38.527 4 -6.5
47.527 4 -3.5
55.126999999999995 4 -6.5
60.927 4 3.5
66.628 4 -7.5
72.128 4 3.5
77.729 4 -3.5
84.631 4 7.5
90.03200000000002 4 -4.5
99.93299999999999 4 7.5
109.234 4 5.5
115.936 4 -5.5
121.02799999999999 4 4.5
126.029 4 2.5
132.128 4 6.5
138.72799999999998 4 -6.5
144.629 4 4.5
150.429 4 -3.5
156.128 4 -7.5
165.028 4 6.5
172.62900000000005 4 -5.5
177.83 4 0.5
183.03099999999998 4 -0.5
190.732 4 6.5
200.43400000000003 4 5.5
208.235 4 -0.5
215.62900000000002 4 -0.5
221.73 4 -4.5
227.23 4 -7.5
234.63 4 2.5
240.13 4 -1.5
245.13 4 1.5
250.23 4 3.5
258.33 4 -3.5
264.431 4 1.5
271.33099999999996 4 0.5
276.932 4 -6.5
284.332 4 6.5
289.935 4 -1.5
298.835 4 -2.5
307.236 4 1.5
314.83099999999996 4 1.5
323.731 4 2.5
332.83099999999996 4 -4.5
339.43199999999996 4 -4.5
345.13199999999995 4 3.5
351.332 4 5.5
359.531 4 4.5
366.032 4 -2.5
374.032 4 -0.5
381.832 4 -1.5
391.134 4 1.5
396.535 4 -6.5
402.736 4 0.5
410.63300000000004 4 6.5
419.733 4 5.5
428.533 4 -4.5
434.033 4 3.5
441.033 4 -1.5
