4.05 4 2.9370078740157477
11.732000000000001 4 -7.062992125984253
20.133 4 -9.062992125984252
29.835 4 0.937007874015748
36.431999999999995 4 8.937007874015748
42.332 4 10.937007874015748
51.93899999999999 4 -15.062992125984252
57.533 4 -11.062992125984252
63.733000000000004 4 12.937007874015748
71.333 4 -5.062992125984252
77.333 4 -3.0629921259842523
84.833 4 -15.062992125984252
92.633 4 -13.062992125984252
101.73299999999999 4 12.937007874015748
106.93299999999999 4 2.9370078740157477
112.03399999999999 4 -13.062992125984252
117.53399999999999 4 -5.062992125984252
123.035 4 -3.0629921259842523
130.636 4 4.937007874015748
136.33700000000002 4 8.937007874015748
141.834 4 8.937007874015748
149.234 4 8.937007874015748
155.334 4 -3.0629921259842523
161.034 4 -7.062992125984253
168.834 4 -13.062992125984252
175.334 4 6.937007874015747
181.035 4 -11.062992125984252
194.335 4 0.937007874015748
199.335 4 12.937007874015748
207.235 4 6.937007874015747
216.335 4 -11.062992125984252
223.03599999999997 4 2.9370078740157477
230.437 4 14.937007874015748
236.238 4 0.937007874015748
245.135 4 0.937007874015748
253.136 4 12.937007874015748
258.336 4 -7.062992125984253
267.63599999999997 4 12.937007874015748
273.036 4 -9.062992125984252
280.42900000000003 4 -11.062992125984252
289.731 4 2.9370078740157477
295.933 4 -7.062992125984253
304.934 4 -7.062992125984253
310.437 4 14.937007874015748
317.436 4 0.937007874015748
323.22 4 4.937007874015748
328.82099999999997 4 14.937007874015748
337.722 4 -15.062992125984252
346.624 4 4.937007874015748
354.226 4 10.937007874015748
361.12699999999995 4 0.937007874015748
371.028 4 -11.062992125984252
377.129 4 8.937007874015748
384.031 4 -1.062992125984252
389.031 4 0.937007874015748
397.833 4 -5.062992125984252
402.934 4 -1.062992125984252
409.035 4 -13.062992125984252
415.621 4 -11.062992125984252
423.82099999999997 4 10.937007874015748
429.42199999999997 4 -13.062992125984252
434.82300000000004 4 -1.062992125984252
441.024 4 -3.0629921259842523
