4.0489999999999995 4 -2.5737704918032787
13.130999999999998 4 0.4262295081967213
18.331 4 -1.5737704918032789
24.432 4 -2.5737704918032787
32.132 4 4.426229508196721
40.332 4 2.4262295081967213
49.431999999999995 4 -3.5737704918032787
56.332 4 7.426229508196722
64.332 4 4.426229508196721
69.932 4 2.4262295081967213
75.832 4 7.426229508196722
82.53299999999999 4 2.4262295081967213
91.53399999999999 4 -0.5737704918032787
99.035 4 -6.573770491803278
105.934 4 1.4262295081967211
114.333 4 -3.5737704918032787
120.53299999999999 4 6.426229508196722
134.333 4 5.426229508196722
140.934 4 5.426229508196722
150.634 4 -5.573770491803278
158.433 4 1.4262295081967211
167.334 4 -1.5737704918032789
173.334 4 5.426229508196722
179.13400000000001 4 3.4262295081967213
187.234 4 6.426229508196722
192.835 4 -5.573770491803278
197.93599999999998 4 4.426229508196721
203.437 4 5.426229508196722
208.834 4 3.4262295081967213
218.435 4 -1.5737704918032789
223.935 4 -4.573770491803279
229.635 4 2.4262295081967213
237.235 4 5.426229508196722
246.135 4 -2.5737704918032787
267.735 4 5.426229508196722
275.335 4 -2.5737704918032787
280.335 4 -4.573770491803279
288.135 4 -5.573770491803278
293.63599999999997 4 3.4262295081967213
298.637 4 -4.573770491803279
303.738 4 -2.5737704918032787
309.336 4 -0.5737704918032787
328.13599999999997 4 7.426229508196722
334.227 4 0.4262295081967213
340.42800000000005 4 -5.573770491803278
347.42900000000014 4 -2.5737704918032787
358.731 4 3.4262295081967213
363.93199999999996 4 -2.5737704918032787
371.833 4 2.4262295081967213
378.337 4 3.4262295081967213
385.73699999999997 4 -5.573770491803278
391.22 4 3.4262295081967213
400.522 4 2.4262295081967213
407.923 4 5.426229508196722
416.725 4 -5.573770491803278
422.526 4 -7.573770491803278
427.92699999999996 4 -7.573770491803278
435.32800000000003 4 -0.5737704918032787
441.029 4 -6.573770491803278
