4.047 4 -0.5
12.23 4 1.5
17.230999999999998 4 6.5
25.333000000000002 4 6.5
34.234 4 -0.5
42.636 4 -0.5
47.827 4 -1.5
55.428000000000004 4 -3.5
64.527 4 -4.5
71.929 4 -2.5
81.22800000000002 4 3.5
86.728 4 -3.5
94.62799999999999 4 0.5
102.229 4 4.5
111.93299999999999 4 4.5
117.632 4 5.5
125.133 4 0.5
131.334 4 5.5
138.236 4 1.5
147.029 4 -4.5
152.22899999999996 4 -0.5
161.129 4 -2.5
166.829 4 5.5
172.229 4 -4.5
178.329 4 -0.5
185.729 4 0.5
191.329 4 5.5
197.83 4 7.5
205.63099999999997 4 -7.5
214.733 4 -7.5
220.333 4 6.5
225.43400000000003 4 -4.5
231.135 4 7.5
240.03 4 6.5
247.73 4 -5.5
254.63 4 -7.5
260.13 4 -3.5
266.33 4 -6.5
271.43 4 -6.5
278.431 4 -7.5
285.131 4 1.5
294.131 4 3.5
300.731 4 2.5
308.132 4 -3.5
313.633 4 6.5
319.134 4 -2.5
327.13599999999997 4 -4.5
332.532 4 6.5
338.63199999999995 4 2.5
344.43199999999996 4 -5.5
349.43199999999996 4 -1.5
355.032 4 -1.5
360.93199999999996 4 -6.5
366.73199999999997 4 1.5
374.332 4 -6.5
380.332 4 3.5
386.43199999999996 4 3.5
396.332 4 1.5
402.93199999999996 4 -6.5
409.13300000000004 4 6.5
418.735 4 4.5
426.533 4 2.5
435.833 4 -1.5
441.033 4 3.5
