4.0310000000000015 4 15.0
9.631 4 -3.0
19.331 4 -15.0
28.930999999999997 4 -9.0
38.032 4 -15.0
43.233000000000004 4 -13.0
50.733999999999995 4 11.0
57.732 4 15.0
63.931999999999995 4 15.0
70.532 4 -11.0
75.932 4 15.0
83.932 4 15.0
89.932 4 7.0
95.132 4 -13.0
104.132 4 -1.0
110.83200000000001 4 -3.0
117.33200000000001 4 1.0
122.333 4 -3.0
131.63299999999998 4 -5.0
137.233 4 11.0
142.934 4 -11.0
150.635 4 -7.0
156.136 4 1.0
161.833 4 -3.0
169.63299999999995 4 3.0
175.733 4 -3.0
183.333 4 7.0
191.433 4 5.0
200.234 4 7.0
206.13400000000001 4 5.0
215.03400000000002 4 -11.0
221.234 4 -15.0
226.734 4 -9.0
234.93400000000003 4 1.0
242.53400000000002 4 11.0
252.43599999999998 4 -3.0
259.837 4 7.0
264.935 4 -1.0
270.435 4 13.0
275.635 4 3.0
280.735 4 -7.0
289.835 4 -13.0
297.235 4 13.0
305.035 4 -1.0
310.829 4 11.0
316.33 4 7.0
321.33099999999996 4 -5.0
328.236 4 -5.0
337.13599999999997 4 11.0
345.519 4 9.0
352.12 4 -11.0
359.52099999999996 4 9.0
365.62300000000016 4 3.0
371.824 4 13.0
377.925 4 7.0
386.82599999999996 4 -15.0
394.728 4 5.0
400.529 4 -1.0
406.23 4 -7.0
411.83099999999996 4 3.0
421.13199999999995 4 -9.0
428.037 4 9.0
433.434 4 -11.0
441.037 4 -15.0
