4.046 4 7.0
10.129 4 -11.0
15.33 4 15.0
20.831 4 11.0
27.733 4 9.0
33.433 4 -7.0
41.235 4 -3.0
50.12300000000001 4 -15.0
58.023 4 5.0
67.623 4 13.0
73.72399999999998 4 5.0
79.525 4 3.0
84.726 4 -5.0
92.32700000000001 4 15.0
99.728 4 -11.0
106.73 4 15.0
114.73100000000001 4 1.0
124.03299999999999 4 -11.0
129.834 4 11.0
139.136 4 11.0
145.625 4 -11.0
153.325 4 -13.0
158.825 4 15.0
164.225 4 -11.0
169.225 4 -3.0
178.12599999999995 4 7.0
187.227 4 9.0
193.93099999999998 4 -9.0
200.12900000000002 4 -13.0
206.731 4 -15.0
215.132 4 1.0
220.733 4 -15.0
227.334 4 -1.0
236.236 4 1.0
242.226 4 13.0
249.12599999999998 4 15.0
256.927 4 3.0
262.82599999999996 4 11.0
272.526 4 -3.0
277.928 4 13.0
285.328 4 -1.0
291.029 4 7.0
296.13 4 5.0
301.33099999999996 4 9.0
308.832 4 -3.0
314.33299999999997 4 -13.0
322.434 4 -1.0
328.635 4 -7.0
336.027 4 11.0
345.92800000000005 4 -3.0
354.728 4 -9.0
362.92900000000003 4 -15.0
369.028 4 7.0
376.62800000000004 4 -7.0
385.629 4 -5.0
391.83 4 -5.0
397.431 4 3.0
402.93199999999996 4 7.0
408.533 4 -9.0
413.634 4 7.0
418.635 4 -3.0
427.736 4 -15.0
435.329 4 3.0
441.029 4 -1.0
