4.043 4 -10.941176470588236
11.825 4 9.058823529411764
19.526 4 9.058823529411764
27.526999999999997 4 -14.941176470588234
36.428000000000004 4 -12.941176470588234
43.928999999999995 4 -4.941176470588236
50.53100000000001 4 3.0588235294117645
59.832 4 -4.941176470588236
65.833 4 -14.941176470588234
71.53399999999998 4 -8.941176470588236
80.436 4 -8.941176470588236
89.727 4 -14.941176470588234
95.227 4 -8.941176470588236
100.32700000000001 4 -4.941176470588236
105.527 4 -0.9411764705882356
113.12700000000001 4 -6.941176470588236
122.12700000000001 4 -2.9411764705882355
128.22799999999998 4 13.058823529411766
135.629 4 13.058823529411766
141.23 4 3.0588235294117645
148.131 4 7.0588235294117645
155.132 4 7.0588235294117645
163.534 4 -10.941176470588236
171.435 4 7.0588235294117645
178.828 4 -4.941176470588236
188.72799999999998 4 11.058823529411764
195.428 4 5.0588235294117645
200.52900000000002 4 3.0588235294117645
207.028 4 -0.9411764705882356
213.929 4 1.0588235294117645
220.12900000000002 4 13.058823529411766
229.02900000000002 4 5.0588235294117645
234.53 4 11.058823529411764
239.731 4 -10.941176470588236
247.132 4 1.0588235294117645
253.233 4 15.058823529411766
262.335 4 -0.9411764705882356
271.436 4 11.058823529411764
276.83 4 -8.941176470588236
285.03 4 -4.941176470588236
291.63 4 3.0588235294117645
301.33 4 -12.941176470588234
310.13 4 7.0588235294117645
315.73 4 11.058823529411764
321.931 4 13.058823529411766
329.53 4 7.0588235294117645
335.431 4 3.0588235294117645
340.63199999999995 4 13.058823529411766
348.43300000000005 4 -12.941176470588234
353.934 4 15.058823529411766
361.535 4 9.058823529411764
367.731 4 -2.9411764705882355
373.531 4 -0.9411764705882356
378.531 4 -8.941176470588236
384.631 4 -2.9411764705882355
390.131 4 -2.9411764705882355
395.131 4 -14.941176470588234
400.731 4 -4.941176470588236
410.33099999999996 4 5.0588235294117645
416.031 4 -6.941176470588236
421.73199999999997 4 9.058823529411764
427.532 4 5.0588235294117645
435.63199999999995 4 -14.941176470588234
441.033 4 13.058823529411766
