4.0489999999999995 4 -6.5
13.130999999999998 4 -1.5
18.332 4 -7.5
23.833000000000002 4 -5.5
30.834 4 2.5
37.435 4 -0.5
46.227 4 7.5
54.227 4 -0.5
61.626999999999995 4 -0.5
69.828 4 2.5
76.027 4 0.5
83.52799999999998 4 2.5
93.429 4 4.5
99.63 4 7.5
105.031 4 5.5
113.932 4 -5.5
120.03299999999999 4 6.5
125.634 4 4.5
133.736 4 1.5
142.628 4 4.5
149.22799999999995 4 -5.5
154.929 4 -6.5
160.029 4 -7.5
169.729 4 5.5
175.429 4 -7.5
180.929 4 1.5
187.02900000000002 4 -6.5
192.12900000000002 4 -3.5
199.93099999999998 4 -1.5
205.43200000000002 4 -0.5
214.734 4 -2.5
220.53400000000002 4 -1.5
225.535 4 -7.5
233.93 4 3.5
239.53 4 -7.5
245.53 4 1.5
251.13 4 5.5
256.63 4 6.5
261.83 4 -1.5
268.33 4 3.5
275.73 4 -1.5
283.33099999999996 4 -1.5
289.531 4 -4.5
294.731 4 -5.5
302.432 4 7.5
310.233 4 0.5
317.835 4 -4.5
323.536 4 -1.5
332.631 4 1.5
337.631 4 -2.5
343.431 4 1.5
353.031 4 1.5
360.43199999999996 4 -6.5
369.332 4 5.5
376.23199999999997 4 3.5
382.93199999999996 4 4.5
391.93199999999996 4 0.5
399.533 4 6.5
408.834 4 -3.5
414.735 4 -4.5
420.836 4 1.5
428.733 4 -2.5
435.63300000000004 4 7.5
441.033 4 5.5
