4.05 4 -10.996078431372547
10.234 4 1.003921568627451
16.734 4 -4.996078431372549
23.636 4 5.003921568627451
32.425 4 -2.996078431372549
37.925 4 -8.996078431372549
45.525 4 5.003921568627451
54.525 4 5.003921568627451
61.926 4 -12.996078431372547
67.627 4 -12.996078431372547
72.628 4 3.003921568627451
81.929 4 -14.996078431372547
87.13 4 -8.996078431372549
94.831 4 -14.996078431372547
100.83200000000001 4 3.003921568627451
107.734 4 7.003921568627452
112.735 4 -6.996078431372548
121.626 4 -14.996078431372547
128.226 4 11.003921568627453
133.726 4 3.003921568627451
139.92600000000002 4 11.003921568627453
145.826 4 13.003921568627453
151.326 4 -12.996078431372547
157.126 4 -6.996078431372548
166.02700000000004 4 9.003921568627451
172.128 4 -10.996078431372547
180.53 4 7.003921568627452
187.53099999999998 4 7.003921568627452
192.93200000000002 4 -2.996078431372549
201.03400000000002 4 11.003921568627453
207.235 4 -0.996078431372549
216.33599999999998 4 7.003921568627452
224.227 4 -14.996078431372547
234.128 4 -8.996078431372549
242.328 4 -4.996078431372549
252.028 4 7.003921568627452
257.428 4 -4.996078431372549
266.328 4 -4.996078431372549
273.73 4 3.003921568627451
279.231 4 -8.996078431372549
285.33099999999996 4 1.003921568627451
291.433 4 13.003921568627453
296.534 4 11.003921568627453
302.235 4 -0.996078431372549
309.63599999999997 4 13.003921568627453
315.2290000000001 4 3.003921568627451
322.829 4 5.003921568627451
328.529 4 15.003921568627453
336.029 4 -2.996078431372549
341.2290000000001 4 -2.996078431372549
348.829 4 9.003921568627451
356.829 4 -8.996078431372549
364.63 4 13.003921568627453
371.33 4 13.003921568627453
376.431 4 9.003921568627451
382.23199999999997 4 13.003921568627453
388.833 4 -0.996078431372549
396.635 4 -14.996078431372547
405.936 4 -0.996078431372549
411.53 4 -4.996078431372549
416.73 4 -10.996078431372547
422.33 4 15.003921568627453
431.931 4 9.003921568627451
441.031 4 -4.996078431372549
