4.042 4 7.003921568627452
9.133 4 -12.996078431372547
14.634 4 -4.996078431372549
21.634 4 5.003921568627451
26.834 4 15.003921568627453
32.934 4 9.003921568627451
40.434 4 13.003921568627453
47.833999999999996 4 3.003921568627451
57.13399999999999 4 -8.996078431372549
62.13399999999999 4 -0.996078431372549
70.938 4 11.003921568627453
80.53699999999998 4 3.003921568627451
87.135 4 -12.996078431372547
92.635 4 -4.996078431372549
100.235 4 9.003921568627451
109.335 4 15.003921568627453
114.835 4 5.003921568627451
120.235 4 -10.996078431372547
128.335 4 -0.996078431372549
136.736 4 -14.996078431372547
143.236 4 1.003921568627451
150.936 4 7.003921568627452
158.536 4 -8.996078431372549
168.236 4 1.003921568627451
174.437 4 13.003921568627453
180.138 4 13.003921568627453
186.239 4 -8.996078431372549
192.024 4 -10.996078431372547
201.125 4 3.003921568627451
207.726 4 -0.996078431372549
213.327 4 -2.996078431372549
219.22799999999998 4 9.003921568627451
227.23 4 7.003921568627452
233.03099999999998 4 11.003921568627453
242.032 4 -14.996078431372547
249.834 4 -2.996078431372549
255.537 4 -2.996078431372549
262.238 4 3.003921568627451
269.121 4 -6.996078431372548
276.922 4 -14.996078431372547
284.323 4 11.003921568627453
291.224 4 15.003921568627453
299.126 4 7.003921568627452
306.527 4 7.003921568627452
312.728 4 -2.996078431372549
320.931 4 1.003921568627451
325.932 4 -6.996078431372548
334.832 4 -12.996078431372547
340.333 4 15.003921568627453
349.635 4 -14.996078431372547
354.736 4 -14.996078431372547
363.62199999999996 4 -6.996078431372548
369.222 4 11.003921568627453
378.12300000000016 4 -10.996078431372547
384.124 4 -10.996078431372547
394.026 4 -0.996078431372549
400.227 4 -2.996078431372549
407.82800000000003 4 -10.996078431372547
413.931 4 -4.996078431372549
419.13 4 5.003921568627451
424.531 4 -2.996078431372549
430.23199999999997 4 15.003921568627453
435.43300000000005 4 11.003921568627453
441.034 4 7.003921568627452
