4.0489999999999995 4 -1.4862745098039216
10.231 4 4.513725490196078
19.933 4 5.5137254901960775
27.634 4 7.513725490196077
33.335 4 4.513725490196078
40.924 4 2.5137254901960784
50.224 4 -6.486274509803923
59.123999999999995 4 -7.486274509803923
66.625 4 6.513725490196077
72.125 4 3.5137254901960784
77.226 4 -0.4862745098039216
83.227 4 -2.4862745098039216
91.029 4 -2.4862745098039216
98.63 4 -1.4862745098039216
105.531 4 -5.4862745098039225
113.53299999999999 4 -1.4862745098039216
122.53399999999999 4 5.5137254901960775
128.635 4 4.513725490196078
135.626 4 7.513725490196077
141.726 4 -3.4862745098039216
147.326 4 1.5137254901960784
153.026 4 5.5137254901960775
160.626 4 -7.486274509803923
166.12599999999995 4 -6.486274509803923
174.327 4 1.5137254901960784
179.72799999999995 4 4.513725490196078
185.52900000000002 4 6.513725490196077
202.231 4 -1.4862745098039216
210.033 4 1.5137254901960784
216.53400000000002 4 0.5137254901960784
226.43599999999998 4 -3.4862745098039216
231.627 4 1.5137254901960784
240.52700000000002 4 -7.486274509803923
249.627 4 -0.4862745098039216
258.527 4 -7.486274509803923
263.927 4 -5.4862745098039225
269.828 4 -5.4862745098039225
278.228 4 -6.486274509803923
283.4290000000001 4 -1.4862745098039216
289.63 4 3.5137254901960784
297.732 4 0.5137254901960784
302.83299999999997 4 -1.4862745098039216
310.2340000000001 4 1.5137254901960784
319.536 4 7.513725490196077
326.129 4 1.5137254901960784
332.2290000000001 4 -0.4862745098039216
337.829 4 5.5137254901960775
347.42900000000014 4 -4.486274509803922
354.829 4 -4.486274509803922
360.329 4 2.5137254901960784
366.529 4 -2.4862745098039216
371.529 4 -7.486274509803923
376.72900000000004 4 -0.4862745098039216
383.33 4 -5.4862745098039225
389.131 4 -6.486274509803923
395.832 4 5.5137254901960775
401.533 4 7.513725490196077
407.035 4 -4.486274509803922
412.635 4 6.513725490196077
421.73 4 0.5137254901960784
428.63 4 2.5137254901960784
433.63 4 1.5137254901960784
441.03 4 -1.4862745098039216
