4.025 4 9.0
10.925 4 -15.0
16.426 4 1.0
21.427 4 -3.0
31.129 4 13.0
38.63 4 9.0
44.53100000000001 4 -5.0
52.132 4 5.0
60.333999999999996 4 7.0
66.935 4 13.0
73.625 4 15.0
78.625 4 1.0
84.126 4 -1.0
89.825 4 -5.0
95.325 4 9.0
100.52600000000001 4 -11.0
105.626 4 -7.0
113.726 4 -7.0
121.32700000000001 4 5.0
127.429 4 -5.0
134.83 4 -3.0
142.531 4 -7.0
152.433 4 3.0
160.234 4 1.0
165.826 4 -1.0
174.727 4 11.0
180.42700000000002 4 13.0
186.02700000000002 4 -9.0
193.02700000000002 4 11.0
201.92700000000002 4 -3.0
210.727 4 5.0
219.128 4 15.0
225.229 4 1.0
232.63099999999997 4 -11.0
238.831 4 1.0
244.233 4 15.0
253.13400000000001 4 7.0
258.335 4 -11.0
266.228 4 -7.0
271.428 4 -11.0
276.528 4 -13.0
284.328 4 -7.0
291.7290000000001 4 13.0
299.328 4 11.0
307.329 4 1.0
316.9290000000001 4 3.0
322.93 4 -7.0
332.231 4 -11.0
341.533 4 -13.0
347.23400000000015 4 -1.0
354.135 4 -9.0
360.329 4 9.0
366.83 4 -11.0
373.03 4 1.0
378.63 4 -13.0
385.23 4 9.0
391.33 4 3.0
400.33 4 -15.0
406.13 4 -3.0
415.23 4 3.0
421.031 4 13.0
426.431 4 -13.0
431.93199999999996 4 -13.0
441.034 4 -15.0
