4.043 4 5.531496062992126
10.235 4 -5.468503937007874
18.635 4 -2.468503937007874
26.635 4 5.531496062992126
32.435 4 3.5314960629921264
38.135 4 -3.4685039370078736
45.135 4 4.531496062992126
53.035 4 -5.468503937007874
60.43600000000001 4 5.531496062992126
69.337 4 -2.468503937007874
76.822 4 -1.4685039370078738
81.839 4 5.531496062992126
88.536 4 -4.468503937007874
97.625 4 -6.468503937007874
103.82600000000001 4 3.5314960629921264
112.728 4 -0.4685039370078741
122.029 4 -0.4685039370078741
127.53 4 3.5314960629921264
136.532 4 0.5314960629921259
144.333 4 -4.468503937007874
154.237 4 -1.4685039370078738
159.937 4 5.531496062992126
167.52 4 -6.468503937007874
174.422 4 -4.468503937007874
183.32299999999998 4 2.531496062992126
193.025 4 1.5314960629921262
198.426 4 -7.468503937007874
204.02700000000002 4 -2.468503937007874
209.428 4 -3.4685039370078736
217.02900000000002 4 7.531496062992126
222.53 4 2.531496062992126
228.731 4 6.531496062992126
236.833 4 -2.468503937007874
244.234 4 5.531496062992126
250.835 4 -1.4685039370078738
255.923 4 2.531496062992126
264.722 4 -4.468503937007874
269.92400000000004 4 0.5314960629921259
278.123 4 -5.468503937007874
284.024 4 -5.468503937007874
289.625 4 7.531496062992126
298.7270000000001 4 2.531496062992126
303.9290000000001 4 -2.468503937007874
311.629 4 5.531496062992126
316.83 4 4.531496062992126
322.934 4 3.5314960629921264
329.532 4 -1.4685039370078738
335.334 4 6.531496062992126
340.334 4 3.5314960629921264
345.435 4 -5.468503937007874
354.723 4 1.5314960629921262
360.223 4 6.531496062992126
367.824 4 -6.468503937007874
377.42400000000004 4 -2.468503937007874
383.525 4 -2.468503937007874
389.626 4 2.531496062992126
395.327 4 -0.4685039370078741
402.22900000000004 4 3.5314960629921264
407.829 4 -6.468503937007874
413.33 4 2.531496062992126
419.332 4 -5.468503937007874
425.833 4 -7.468503937007874
433.634 4 7.531496062992126
441.036 4 4.531496062992126
