4.0489999999999995 4 -5.50597609561753
11.436 4 -2.5059760956175303
17.436 4 6.49402390438247
22.636 4 5.49402390438247
31.72 4 -2.5059760956175303
37.62 4 -4.50597609561753
43.122 4 -5.50597609561753
50.924 4 7.49402390438247
59.924 4 -6.50597609561753
65.425 4 -5.50597609561753
70.827 4 5.49402390438247
76.42699999999998 4 -1.5059760956175303
82.12799999999999 4 -2.5059760956175303
87.229 4 6.49402390438247
92.93 4 2.4940239043824697
99.831 4 0.4940239043824697
105.03200000000001 4 -4.50597609561753
111.934 4 3.4940239043824697
121.238 4 2.4940239043824697
126.221 4 -2.5059760956175303
134.02100000000002 4 -6.50597609561753
142.925 4 5.49402390438247
150.32399999999996 4 1.4940239043824697
155.92600000000004 4 5.49402390438247
163.526 4 -3.5059760956175303
168.727 4 -2.5059760956175303
173.828 4 3.4940239043824697
182.729 4 5.49402390438247
192.43099999999998 4 -5.50597609561753
198.232 4 -4.50597609561753
204.433 4 -2.5059760956175303
212.535 4 -5.50597609561753
218.636 4 2.4940239043824697
226.222 4 4.49402390438247
234.22299999999998 4 2.4940239043824697
242.123 4 2.4940239043824697
249.824 4 4.49402390438247
256.426 4 6.49402390438247
264.627 4 -0.5059760956175303
274.529 4 3.4940239043824697
281.03 4 3.4940239043824697
289.932 4 7.49402390438247
296.133 4 -5.50597609561753
305.7340000000001 4 -0.5059760956175303
311.13599999999997 4 2.4940239043824697
317.824 4 -3.5059760956175303
325.4240000000001 4 -6.50597609561753
330.425 4 -4.50597609561753
336.624 4 -2.5059760956175303
345.425 4 0.4940239043824697
354.726 4 5.49402390438247
360.227 4 5.49402390438247
365.92900000000003 4 -1.5059760956175303
371.529 4 -7.50597609561753
377.33 4 1.4940239043824697
384.832 4 -7.50597609561753
391.833 4 4.49402390438247
397.935 4 -1.5059760956175303
404.535 4 -0.5059760956175303
413.626 4 3.4940239043824697
421.025 4 3.4940239043824697
426.525 4 7.49402390438247
434.926 4 -1.5059760956175303
441.026 4 -6.50597609561753
