4.042 4 -15.03529411764706
22.627 4 -7.035294117647059
30.429000000000002 4 8.964705882352941
36.43 4 -1.0352941176470587
42.631 4 -15.03529411764706
48.032 4 -7.035294117647059
54.133 4 -13.03529411764706
59.63399999999999 4 -5.035294117647059
64.735 4 10.96470588235294
73.824 4 14.96470588235294
81.32300000000002 4 -15.03529411764706
86.42399999999998 4 -13.03529411764706
94.323 4 12.96470588235294
101.725 4 4.964705882352941
107.325 4 -15.03529411764706
114.727 4 2.9647058823529413
120.82799999999999 4 10.96470588235294
129.929 4 2.9647058823529413
137.531 4 -3.0352941176470587
143.232 4 -9.03529411764706
151.333 4 -11.03529411764706
157.034 4 12.96470588235294
163.535 4 6.964705882352941
170.525 4 12.96470588235294
175.525 4 -11.03529411764706
181.225 4 -1.0352941176470587
191.125 4 -5.035294117647059
200.025 4 8.964705882352941
206.929 4 8.964705882352941
212.828 4 -11.03529411764706
218.328 4 6.964705882352941
223.929 4 -9.03529411764706
230.53 4 2.9647058823529413
239.332 4 2.9647058823529413
245.13299999999998 4 -1.0352941176470587
250.63400000000001 4 -13.03529411764706
259.036 4 14.96470588235294
266.72700000000003 4 12.96470588235294
274.926 4 -5.035294117647059
280.526 4 2.9647058823529413
288.126 4 -3.0352941176470587
293.627 4 -9.03529411764706
302.527 4 4.964705882352941
309.128 4 12.96470588235294
314.328 4 10.96470588235294
321.03 4 12.96470588235294
329.031 4 4.964705882352941
336.832 4 -9.03529411764706
346.135 4 -5.035294117647059
352.335 4 4.964705882352941
358.12800000000016 4 -3.0352941176470587
365.028 4 6.964705882352941
371.12800000000004 4 -5.035294117647059
380.728 4 8.964705882352941
390.028 4 -1.0352941176470587
395.42800000000005 4 -15.03529411764706
401.62800000000004 4 10.96470588235294
406.829 4 -3.0352941176470587
414.42900000000003 4 0.9647058823529412
419.631 4 6.964705882352941
428.63199999999995 4 0.9647058823529412
436.034 4 6.964705882352941
441.034 4 -5.035294117647059
4.042 4 -15.03529411764706
22.627 4 -7.035294117647059
30.429000000000002 4 8.964705882352941
36.43 4 -1.0352941176470587
42.631 4 -15.03529411764706
48.032 4 -7.035294117647059
54.133 4 -13.03529411764706
59.63399999999999 4 -5.035294117647059
64.735 4 10.96470588235294
73.824 4 14.96470588235294
81.32300000000002 4 -15.03529411764706
86.42399999999998 4 -13.03529411764706
94.323 4 12.96470588235294
101.725 4 4.964705882352941
107.325 4 -15.03529411764706
114.727 4 2.9647058823529413
120.82799999999999 4 10.96470588235294
129.929 4 2.9647058823529413
137.531 4 -3.0352941176470587
143.232 4 -9.03529411764706
151.333 4 -11.03529411764706
157.034 4 12.96470588235294
163.535 4 6.964705882352941
170.525 4 12.96470588235294
175.525 4 -11.03529411764706
181.225 4 -1.0352941176470587
191.125 4 -5.035294117647059
200.025 4 8.964705882352941
206.929 4 8.964705882352941
212.828 4 -11.03529411764706
218.328 4 6.964705882352941
223.929 4 -9.03529411764706
230.53 4 2.9647058823529413
239.332 4 2.9647058823529413
245.13299999999998 4 -1.0352941176470587
250.63400000000001 4 -13.03529411764706
259.036 4 14.96470588235294
266.72700000000003 4 12.96470588235294
274.926 4 -5.035294117647059
280.526 4 2.9647058823529413
288.126 4 -3.0352941176470587
293.627 4 -9.03529411764706
302.527 4 4.964705882352941
309.128 4 12.96470588235294
314.328 4 10.96470588235294
321.03 4 12.96470588235294
329.031 4 4.964705882352941
336.832 4 -9.03529411764706
346.135 4 -5.035294117647059
352.335 4 4.964705882352941
358.12800000000016 4 -3.0352941176470587
365.028 4 6.964705882352941
371.12800000000004 4 -5.035294117647059
380.728 4 8.964705882352941
390.028 4 -1.0352941176470587
395.42800000000005 4 -15.03529411764706
401.62800000000004 4 10.96470588235294
406.829 4 -3.0352941176470587
414.42900000000003 4 0.9647058823529412
419.631 4 6.964705882352941
428.63199999999995 4 0.9647058823529412
436.034 4 6.964705882352941
441.034 4 -5.035294117647059
4.042 4 -15.03529411764706
22.627 4 -7.035294117647059
30.429000000000002 4 8.964705882352941
36.43 4 -1.0352941176470587
42.631 4 -15.03529411764706
48.032 4 -7.035294117647059
54.133 4 -13.03529411764706
59.63399999999999 4 -5.035294117647059
64.735 4 10.96470588235294
73.824 4 14.96470588235294
81.32300000000002 4 -15.03529411764706
86.42399999999998 4 -13.03529411764706
94.323 4 12.96470588235294
101.725 4 4.964705882352941
107.325 4 -15.03529411764706
114.727 4 2.9647058823529413
120.82799999999999 4 10.96470588235294
129.929 4 2.9647058823529413
137.531 4 -3.0352941176470587
143.232 4 -9.03529411764706
151.333 4 -11.03529411764706
157.034 4 12.96470588235294
163.535 4 6.964705882352941
170.525 4 12.96470588235294
175.525 4 -11.03529411764706
181.225 4 -1.0352941176470587
191.125 4 -5.035294117647059
200.025 4 8.964705882352941
206.929 4 8.964705882352941
212.828 4 -11.03529411764706
218.328 4 6.964705882352941
223.929 4 -9.03529411764706
230.53 4 2.9647058823529413
239.332 4 2.9647058823529413
245.13299999999998 4 -1.0352941176470587
250.63400000000001 4 -13.03529411764706
259.036 4 14.96470588235294
266.72700000000003 4 12.96470588235294
274.926 4 -5.035294117647059
280.526 4 2.9647058823529413
288.126 4 -3.0352941176470587
293.627 4 -9.03529411764706
302.527 4 4.964705882352941
309.128 4 12.96470588235294
314.328 4 10.96470588235294
321.03 4 12.96470588235294
329.031 4 4.964705882352941
336.832 4 -9.03529411764706
346.135 4 -5.035294117647059
352.335 4 4.964705882352941
358.12800000000016 4 -3.0352941176470587
365.028 4 6.964705882352941
371.12800000000004 4 -5.035294117647059
380.728 4 8.964705882352941
390.028 4 -1.0352941176470587
395.42800000000005 4 -15.03529411764706
401.62800000000004 4 10.96470588235294
406.829 4 -3.0352941176470587
414.42900000000003 4 0.9647058823529412
419.631 4 6.964705882352941
428.63199999999995 4 0.9647058823529412
436.034 4 6.964705882352941
441.034 4 -5.035294117647059
4.042 4 -15.03529411764706
22.627 4 -7.035294117647059
30.429000000000002 4 8.964705882352941
36.43 4 -1.0352941176470587
42.631 4 -15.03529411764706
48.032 4 -7.035294117647059
54.133 4 -13.03529411764706
59.63399999999999 4 -5.035294117647059
64.735 4 10.96470588235294
73.824 4 14.96470588235294
81.32300000000002 4 -15.03529411764706
86.42399999999998 4 -13.03529411764706
94.323 4 12.96470588235294
101.725 4 4.964705882352941
107.325 4 -15.03529411764706
114.727 4 2.9647058823529413
120.82799999999999 4 10.96470588235294
129.929 4 2.9647058823529413
137.531 4 -3.0352941176470587
143.232 4 -9.03529411764706
151.333 4 -11.03529411764706
157.034 4 12.96470588235294
163.535 4 6.964705882352941
170.525 4 12.96470588235294
175.525 4 -11.03529411764706
181.225 4 -1.0352941176470587
191.125 4 -5.035294117647059
200.025 4 8.964705882352941
206.929 4 8.964705882352941
212.828 4 -11.03529411764706
218.328 4 6.964705882352941
223.929 4 -9.03529411764706
230.53 4 2.9647058823529413
239.332 4 2.9647058823529413
245.13299999999998 4 -1.0352941176470587
250.63400000000001 4 -13.03529411764706
259.036 4 14.96470588235294
266.72700000000003 4 12.96470588235294
274.926 4 -5.035294117647059
280.526 4 2.9647058823529413
288.126 4 -3.0352941176470587
293.627 4 -9.03529411764706
302.527 4 4.964705882352941
309.128 4 12.96470588235294
314.328 4 10.96470588235294
321.03 4 12.96470588235294
329.031 4 4.964705882352941
336.832 4 -9.03529411764706
346.135 4 -5.035294117647059
352.335 4 4.964705882352941
358.12800000000016 4 -3.0352941176470587
365.028 4 6.964705882352941
371.12800000000004 4 -5.035294117647059
380.728 4 8.964705882352941
390.028 4 -1.0352941176470587
395.42800000000005 4 -15.03529411764706
401.62800000000004 4 10.96470588235294
406.829 4 -3.0352941176470587
414.42900000000003 4 0.9647058823529412
419.631 4 6.964705882352941
428.63199999999995 4 0.9647058823529412
436.034 4 6.964705882352941
441.034 4 -5.035294117647059
