4.0489999999999995 4 -7.035294117647059
10.23 4 -1.0352941176470587
19.53 4 14.96470588235294
27.33 4 -7.035294117647059
33.03 4 14.96470588235294
42.03100000000001 4 4.964705882352941
48.131 4 -3.0352941176470587
54.331 4 8.964705882352941
63.231 4 14.96470588235294
68.832 4 14.96470588235294
74.533 4 14.96470588235294
82.535 4 10.96470588235294
91.431 4 -7.035294117647059
96.431 4 -13.03529411764706
102.131 4 -5.035294117647059
107.631 4 -9.03529411764706
117.23200000000001 4 14.96470588235294
123.73100000000001 4 12.96470588235294
132.531 4 0.9647058823529412
139.934 4 -9.03529411764706
148.032 4 2.9647058823529413
157.132 4 -1.0352941176470587
163.032 4 -1.0352941176470587
169.63299999999995 4 10.96470588235294
177.035 4 -15.03529411764706
184.43599999999998 4 -5.035294117647059
190.533 4 -13.03529411764706
200.433 4 2.9647058823529413
206.63299999999998 4 10.96470588235294
212.63299999999998 4 4.964705882352941
219.533 4 6.964705882352941
225.033 4 -13.03529411764706
230.033 4 -9.03529411764706
237.033 4 4.964705882352941
244.93400000000003 4 6.964705882352941
253.333 4 8.964705882352941
258.534 4 -15.03529411764706
264.134 4 -11.03529411764706
270.835 4 -9.03529411764706
275.938 4 6.964705882352941
285.0370000000001 4 2.9647058823529413
290.534 4 -9.03529411764706
299.434 4 8.964705882352941
305.2340000000001 4 -13.03529411764706
310.334 4 12.96470588235294
318.135 4 -5.035294117647059
323.334 4 -15.03529411764706
329.135 4 -13.03529411764706
338.835 4 -9.03529411764706
346.535 4 -7.035294117647059
353.135 4 -1.0352941176470587
358.535 4 0.9647058823529412
364.135 4 -3.0352941176470587
371.735 4 -11.03529411764706
381.037 4 4.964705882352941
388.539 4 10.96470588235294
396.13599999999997 4 4.964705882352941
403.736 4 -5.035294117647059
410.63599999999997 4 -7.035294117647059
416.036 4 4.964705882352941
421.236 4 8.964705882352941
429.42900000000003 4 -1.0352941176470587
435.53 4 0.9647058823529412
441.031 4 0.9647058823529412
