9.974 3.057 11.571677038202228
21.900000000000002 2.2319999999999998 5.594141292582176
26.471999999999998 3.06 14.388743474351475
31.966 3.266 9.548060559114546
37.769 3.2640000000000002 7.181041209107888
47.38499999999999 2.749 6.757655178311544
58.768 3.364 12.815174086222955
91.16599999999998 3.367 16.01563497354374
98.863 3.0700000000000003 7.537774607916959
111.978 2.755 9.574721614694482
134.06699999999998 3.467 15.605579468140057
139.26899999999998 3.365 15.222185015712967
172.26600000000002 3.368 14.00534902240764
177.663 3.5709999999999997 9.588052140597698
192.36200000000002 3.572 18.025920926129587
206.283 2.852 10.764896552357987
226.877 3.058 9.16466610653055
235.46 3.575 6.387591251288011
253.979 2.958 9.971446594024549
259.571 3.368 13.59529351582406
269.291 2.645 8.767941129153684
284.69 2.645 11.598338090598325
299.98999999999995 2.646 5.130763678009872
316.671 3.161 6.730994121740837
323.964 3.4690000000000003 6.78431623280924
343.372 2.748 5.170755259532426
354.78499999999997 2.237 10.394832625891468
365.571 2.853 8.384546675025229
371.176 2.749 9.984777118881995
376.159 3.367 15.208854488378059
382.06899999999996 2.958 11.981732545301941
396.761 3.368 5.5808107670018465
421.183 2.851 7.961160641377781
434.07500000000005 3.263 8.001152224451635
