4.7829999999999995 3.266 2.6303570852118403
10.98 2.852 2.539989969829179
16.265 3.368 9.733943462263719
29.959000000000003 3.676 28.995276978328686
45.869 3.16 4.899245703969002
53.571999999999996 2.957 7.387597317231542
64.35199999999999 3.677 9.824310579860207
69.354 3.675 14.646098755106989
126.159 3.777 36.22795923648585
139.957 3.573 7.413416496121972
152.05200000000002 3.779 19.41624857381165
157.55599999999998 3.675 26.597292479494886
193.47599999999997 2.955 0.24528217835199595
228.168 3.2640000000000002 9.72103387377002
237.768 3.2640000000000002 2.4883516169639512
265.172 3.06 24.238036745255467
270.15900000000005 3.573 7.426326082739555
279.266 3.3659999999999997 17.018264075950682
298.65599999999995 3.677 12.144837548139783
304.681 2.853 2.604537912102811
311.36199999999997 3.574 16.99244489951624
324.157 3.676 4.989612821570014
344.36 3.574 12.196475904054685
357.556 3.778 14.55573163535823
366.656 3.778 9.798491404789957
373.45300000000003 3.8810000000000002 21.814233070204953
379.652 3.882 29.021096154502093
385.95500000000004 3.779 14.568641224005466
393.057 3.677 7.335958966492042
424.16200000000003 3.573 16.97953530905384
441.257 3.778 19.390429397574906
