30.488000000000003 2.647 11.319626380447808
37.094 2.239 3.532181936481087
42.493 2.44 12.09100624214886
49.007 1.927 8.782155549383573
63.516000000000005 1.617 3.780859715753649
70.605 2.029 12.339684019915893
78.027 1.307 1.9894222129208499
83.22299999999998 1.3110000000000004 4.278215266058955
93.812 1.722 2.6618097187090566
97.678 2.956 1.865083324789848
124.803 2.1319999999999997 9.802213189494429
129.979 3.057 8.010775687891671
160.585 2.75 13.882443744042948
169.89800000000002 2.3369999999999997 5.447958325701009
203.795 2.441 3.0094798514903487
217.81999999999996 1.616 6.716693740896843
236.804 1.517 6.965371517503464
247.026 0.8969999999999998 5.074941660607095
254.01500000000001 1.3089999999999997 1.8904298573868257
260.89099999999996 2.134 6.7420402726533135
278.68800000000005 2.441 3.9051986000840757
292.39199999999994 2.439 6.0949992997481
308.221 1.613 3.258157628647872
316.709 1.928 10.423907628397213
321.26 3.161 13.235402768635215
335.80499999999995 1.617 4.179222913816872
349.29100000000005 2.133 6.2193381887269945
381.307 1.823 7.61241249259799
392.508 1.924 5.846321524252137
398.918 1.6150000000000002 3.9305451344055227
418.51399999999995 1.3080000000000003 2.3877854101726648
435.684 2.439 7.239395825684743
441.864 3.16 10.175229853689093
