18.393 2.834 8.887427969833654
26.599999999999998 2.727 2.5789082803831564
35.499 2.729 8.866980450201192
43.483999999999995 3.145 2.5584607630773517
82.18700000000001 3.041 7.616960810353699
102.875 3.3529999999999998 7.619881883739013
118.37799999999999 3.251 0.05257933380169177
126.505 2.624 2.5613818375417954
131.977 3.3520000000000003 15.193026582171939
139.39499999999998 2.834 3.8260068499272646
152.772 3.459 7.605276513295837
162.403 2.73 2.5526186149821046
168.207 2.627 2.575987207361679
191.872 3.458 12.669618709467331
198.268 3.5620000000000003 10.152052980848033
221.29000000000002 3.04 13.934243717942236
232.611 2.519 1.3201254183382203
240.987 3.043 7.62572403125791
260.88 3.254 3.8114014778107097
301.168 3.5629999999999997 10.137447611486019
314.487 3.145 16.457651594493647
320.299 2.833 1.2909146785248213
327.779 3.3529999999999998 3.8084804045723955
333.282 3.25 3.8406122192706085
367.37899999999996 3.3529999999999998 10.134526535239317
386.97600000000006 3.457 11.402072621979949
397.084 3.249 5.08771078692376
409.77900000000005 3.354 5.102316157321198
419.797 2.936 6.358177945852775
427.17900000000003 3.354 11.39915154933056
442.827 2.207 3.8318489959647035
