34.087 3.144 0.05842147965630994
39.68 3.3520000000000003 12.66669763269988
44.571000000000005 3.5620000000000003 12.663776560107161
50.69 3.144 3.8230857741023083
66.19399999999999 2.935 6.3377304271359565
71.56099999999999 3.668 11.413756917993732
79.40299999999999 2.726 1.2996778998225746
84.17699999999999 3.3520000000000003 8.881585820744807
92.785 3.144 1.279230380559935
97.473 3.456 16.46057266963962
111.983 3.247 1.3025989748811813
116.97300000000001 3.457 8.869901524244307
133.57 3.5620000000000003 8.89034904425426
139.29 3.043 1.3055200483836429
171.978 3.3520000000000003 12.660855484138999
177.68400000000003 3.146 5.0731054168963805
192.12099999999998 2.31 2.5496975416533845
208.18699999999998 3.144 5.096474008495157
232.69 3.143 17.719355531819183
270.582 3.25 13.92548049586881
276.892 3.04 1.287993604523207
290.592 3.04 5.084789711826953
305.49600000000004 2.936 6.35233579516752
312.99199999999996 3.04 0.0408950361201762
322.78700000000003 3.145 5.105237230350298
335.98600000000005 3.248 0.03797396119247831
344.473 3.5620000000000003 0.04965825808920541
352.81100000000004 2.622 6.3640200945707415
376.32 2.4130000000000003 2.555539688434035
381.09800000000007 2.835 10.149131906138981
413.087 3.247 10.14328976014933
429.67300000000006 3.561 17.72227660283565
436.291 3.144 3.843533293267044
