4.479 3.561 8.519529494896343
16.869 3.561 8.157224263225014
31.573 3.56 9.722106343343114
38.968 3.666 12.605226431860459
52.458000000000006 3.665 10.040750604222966
60.655 3.668 9.620614793816065
67.56700000000001 3.356 6.317358896870691
74.375 3.248 7.940071558158858
84.563 3.5620000000000003 7.896410584562385
95.76500000000001 3.5620000000000003 5.114782049391951
121.769 3.5620000000000003 7.997902135988362
135.895 2.939 4.230849457418444
153.071 3.354 6.375189477860288
160.558 3.667 4.071527328310716
166.368 3.457 4.491663135619095
176.62099999999998 2.104 3.3327472602861445
182.217 2.208 12.445904302903362
193.674 3.3529999999999998 6.0565452180470265
219.571 3.561 5.216273599306061
245.495 2.731 11.344819002781392
254.81499999999997 2.311 8.258715815140905
266.766 3.46 3.7092220993250704
292.375 3.3529999999999998 13.12685378973795
300.079 3.251 4.694646240208163
323.79 3.144 5.071121076068528
361.59900000000005 2.729 11.924276941318231
391.66200000000003 3.667 9.09898743445555
406.36299999999994 3.769 5.592748435251263
415.567 3.666 4.33234100910392
421.263 3.771 6.998308385868935
