4.582999999999999 3.471 1.083816106177834
10.768 3.367 7.792590226376657
30.567 3.4699999999999998 2.9076023804098603
36.269 3.4690000000000003 2.964191556388177
42.864000000000004 3.572 0.45702428851865495
54.162000000000006 3.574 1.0595636037797425
60.471000000000004 3.2649999999999997 5.342012135255328
69.263 3.573 2.939939051581132
105.97499999999998 3.058 2.321231403015505
116.83200000000001 1.205 0.513613465676811
136.061 3.161 3.574815035472441
147.35 3.574 6.571343264483053
154.66299999999998 3.162 1.1080686110934097
171.255 3.573 5.38243297513443
187.85599999999997 3.675 1.734860426623045
195.658 3.675 1.7510287627227292
204.394 2.34 -0.08892584862637139
257.468 2.959 1.1646577863950653
280.06399999999996 3.367 5.3581804723540944
299.664 3.37 2.8914340445376396
314.86199999999997 3.161 2.3454839060133947
322.557 3.3659999999999997 4.779893661664259
336.758 3.266 1.0919002747305977
357.968 3.16 3.518225861433099
365.26000000000005 3.4690000000000003 6.555174928514729
371.673 2.957 3.542478363087305
377.788 2.443 0.5459501374881821
382.756 3.676 5.952635615878689
389.48900000000003 2.544 0.4731926243922237
412.268 2.956 7.165798410485577
425.265 2.959 -0.04042084093457638
435.658 3.2670000000000003 2.9480232201109224
441.45300000000003 3.573 4.161186012642887
