10.174999999999999 3.252 11.567619018628342
94.30099999999999 2.727 9.5877455712002
101.99699999999999 2.831 4.561499692811554
117.904 2.626 5.4274144106380335
123.631 1.8989999999999996 6.1348319744494395
155.881 0.6480000000000001 6.187664360255379
160.232 1.8969999999999998 3.954374261278621
168.50400000000002 2.625 12.074452320437237
202.04 1.69 4.207790910362951
212.389 3.041 7.7609966398103145
228.436 1.8960000000000004 3.6006654768947994
235.16 1.3730000000000002 9.434621056648183
241.998 2.937 4.107498776418608
259.74399999999997 1.5869999999999997 9.740870086895065
277.183 3.248 9.334328920359038
288.808 2.623 5.068332993041342
294.528 2.003 4.360915426480215
301.2 2.731 4.9680408569062315
308.488 3.043 7.70816425620153
316.979 3.3520000000000003 12.227576834727724
323.388 3.144 4.920581109854653
356.79 3.042 6.794789790140962
365.02299999999997 2.209 5.881415323497355
370.77599999999995 3.356 8.267829938847207
376.47399999999993 3.458 12.734410134486652
383.075 3.457 8.827495622046147
396.89200000000005 3.041 11.007953335948418
412.771 3.5620000000000003 7.914121157567114
424.596 2.937 7.660704506241887
433.10900000000004 2.626 8.01441329000366
