13.604000000000001 2.628 21.82379420029251
41.971000000000004 3.565 11.737824129206844
58.476 3.357 18.737113188343386
67.474 3.459 17.838843793899446
82.473 3.46 24.80196167295204
89.895 2.938 14.14326284478088
95.38399999999999 3.149 15.650432173422901
120.165 3.669 21.751451836494805
140.17000000000002 3.166 12.599922337387309
150.868 3.566 15.578089805454505
158.368 3.666 17.30228622492968
166.068 3.666 15.61426098788551
174.08900000000003 3.045 11.918680037970589
182.472 3.5629999999999997 10.948068285386096
192.38000000000002 3.355 18.773284369276794
234.374 3.4619999999999997 17.121430313471762
252.968 3.667 13.281164635292825
258.66900000000004 3.667 22.505036499944023
278.765 3.67 20.208111328129327
286.166 3.77 14.82450514217529
295.377 3.459 14.25177639133109
309.885 3.147 15.005361052458188
317.262 3.774 20.92552481035034
324.97 3.667 20.244282513583112
331.261 3.459 18.019699703401606
363.266 3.46 22.5412076823342
370.45799999999997 3.669 14.896847508267474
386.379 3.251 16.44018801542798
396.062 3.669 10.158312438283687
417.102 2.733 10.339168350840193
432.768 3.354 11.665481761203676
441.666 3.356 15.68660335228142
