38.714 2.52 1.243823778940816
43.589999999999996 3.145 0.5971512716392869
58.106 2.417 3.2549996997536184
81.286 2.939 -0.312517670748034
86.78500000000001 3.041 0.1423167998319043
93.302 2.625 4.285348278701049
99.81299999999999 2.315 0.11755618193203299
105.20599999999999 2.623 1.076746361249384
111.59800000000001 2.832 -0.5291163241860245
123.51 2.522 0.4053132356004551
143.80499999999998 2.519 6.584281252694079
151.9 2.624 2.7042462096544244
157.51399999999998 2.21 1.6027392314176314
180.73700000000002 1.6880000000000002 3.734594787829852
187.8 2.627 2.345330755729542
247.061 1.165 3.37567933763004
253.021 2.105 -0.433197306625056
274.529 1.8969999999999998 4.3812672940402475
279.49199999999996 2.834 5.290936239273542
288.48199999999997 3.146 3.830513806197558
312.406 2.626 0.3341548378598031
319.174 3.459 2.729006826394264
333.21999999999997 2.207 1.1726653787162689
354.485 3.042 2.0575737041362006
370.905 2.522 2.249411739374011
397.537 1.7930000000000001 0.7642286886128101
403.029 2.002 4.7401827487468875
430.214 2.314 0.046397782217779446
437.51000000000005 2.419 6.0335277619999905
