6.6579999999999995 1.3939999999999997 3.336685264484862
12.921 2.017 1.0488379435246653
22.787 3.0490000000000004 4.064084107340046
37.353 1.085 2.0765457259945994
45.614 1.9210000000000003 1.670585990404329
52.572 3.363 3.3155551045243974
104.48700000000001 3.149 0.6006178828142261
118.417 2.42 4.491174003832277
132.079 3.043 2.1821965236736776
158.654 1.1719999999999997 0.43157660805356907
178.685 3.045 1.0277077825161889
186.60799999999998 2.523 2.4402451484093755
192.309 2.423 2.93072552597663
198.828 2.005 0.41044644705160405
207.00199999999998 2.836 0.9220569876169052
214.91199999999998 2.526 0.8797966672581001
229.585 2.8369999999999997 0.5372274063052743
257.225 2.002 1.3280167246084817
264.695 2.733 0.8164061897695047
275.513 2.3169999999999997 2.034285407641946
280.984 3.0469999999999997 4.876003584492597
296.515 2.319 -0.2535619128071471
325.18399999999997 2.939 2.5881562632871127
348.815 2.2119999999999997 0.5583575649241604
355.53899999999993 1.588 1.222365927144007
367.103 2.627 3.6792545239124377
381.10999999999996 2.4219999999999997 0.19465814300099565
402.644 1.5910000000000002 2.951855683905391
409.388 2.836 -0.016643450078177604
434.079 3.146 2.825074729023073
443.33500000000004 1.6910000000000003 2.097675885622256
