5.211 2.834 4.263231686093446
11.205 2.523 8.081646472141976
21.492 2.936 4.311908725261413
40.181 0.548 5.815608474809526
121.482 3.148 9.634023264452786
128.70499999999998 2.625 10.767042263670472
151.41100000000003 2.521 4.189095539248129
167.285 0.6499999999999999 8.352731964259974
191.59099999999998 3.04 9.756836450812775
204.492 2.939 10.224871282020747
235.33999999999997 1.7910000000000004 4.87953881702282
241.124 2.207 3.9180100464232455
251.90699999999998 2.626 7.145576815358883
258.186 3.249 8.426868112738987
286.94100000000003 1.7910000000000004 5.667336175493594
291.52500000000003 2.207 6.554728796567963
302.481 3.3520000000000003 6.800355173810409
309.201 2.832 7.41666230492016
314.585 3.248 8.278595815169751
343.3070000000001 2.626 3.9434691589520665
357.89 3.045 10.299007431966482
374.219 2.415 6.874491325158122
380.92 2.314 3.992146199251252
389.40500000000003 2.729 6.086693965987761
404.89200000000005 3.042 7.293849115649281
417.896 2.938 5.076488155898766
425.378 3.456 5.421709795339067
430.79200000000003 3.042 7.53947549378534
437.933 2.002 4.85407970608062
441.47200000000004 3.5629999999999997 6.529269684771725
