4.466 3.5629999999999997 0.08959656571654204
20.589 3.042 1.9977398094199532
35.476000000000006 3.3579999999999997 2.9518114328671428
76.189 2.939 1.0187802534726564
83.58 3.148 4.929640895394204
90.875 3.3529999999999998 2.0325829197700314
110.48 3.25 7.851586806657703
118.489 3.042 1.9877846349801895
123.97000000000001 3.5620000000000003 9.779640399237557
138.893 2.936 6.842761725437154
154.47699999999998 3.252 7.826698868698957
180.898 2.832 3.0015873016134207
198.987 3.143 2.976699366954198
204.906 2.624 8.795703253633851
209.275 3.456 5.898645277020745
231.57299999999998 3.5620000000000003 3.9705916846680727
248.37699999999998 3.3529999999999998 10.753622368252143
254.581 3.25 8.80068084063696
262.581 0.6499999999999999 5.90860045173716
283.68399999999997 3.147 2.9866545414980985
294.696 2.835 2.027605331631882
303.59000000000003 3.042 5.893667691950357
308.676 3.456 5.873757344675096
323.078 3.456 7.82172128331295
330.87199999999996 3.56 12.69163113438947
344.46599999999995 3.666 2.0027173973154913
351.065 3.667 1.0685561227052724
398.58000000000004 3.253 6.877604835055427
405.777 3.456 11.717649165928506
427.98699999999997 3.249 2.9468338454212657
435.776 3.457 3.945703751350466
