4.901999999999999 3.148 25.314129584457575
10.378999999999998 3.354 39.21439967831785
21.180999999999997 3.254 21.30822730791875
38.619 2.11 33.61798448109832
94.394 2.836 22.31463953984816
121.38600000000001 3.25 47.51825457594707
128.078 3.252 50.31646217498196
150.99800000000002 2.939 23.411819668214104
164.474 3.461 40.91542714680215
191.37999999999997 3.251 45.414662213544695
203.87100000000004 3.5629999999999997 46.91440723720107
234.193 2.939 30.618494437019216
240.391 2.941 21.710792200517066
251.074 3.458 36.21490963357279
258.492 2.94 42.81773706156307
286.0 2.732 29.813364653090876
291.209 2.524 36.81875697269151
302.375 3.459 32.611572251311955
308.67900000000003 3.356 37.915937101338564
314.48 3.356 39.013117232545014
343.202 2.734 27.619004394070434
357.477 3.459 48.81671715205374
373.173 3.461 34.51388216368578
379.982 3.252 23.61310211455357
388.88300000000004 3.251 35.31901195002526
404.37199999999996 3.565 40.01952946299113
418.102 2.7350000000000003 30.417211991828236
425.787 3.0469999999999997 34.02054937512709
430.789 3.0460000000000003 35.8123447417193
437.098 2.8369999999999997 24.710282245545464
441.576 3.459 30.910544780763924
