49.244 0.98 1.539187731738977
56.946 1.278 0.7824733456480986
63.31 2.315 2.192866293964078
71.61 2.217 4.327774930249495
85.00099999999999 2.527 2.917381983611538
94.906 2.524 1.5198685162885137
100.587 3.045 7.885955992348291
114.993 2.941 1.4554711228985482
122.342 1.693 6.469123306116296
126.477 3.149 6.456243827546432
144.62 2.006 0.8146720437860904
170.57999999999998 3.148 9.283469461187519
207.42800000000003 2.006 2.898062765577445
235.29900000000004 2.628 0.10303582997466167
248.765 0.7629999999999999 5.0265316627232535
253.43699999999998 1.6910000000000003 4.3470941478089875
259.039 1.589 0.827551521646273
270.012 2.316 1.5134287765154626
277.413 2.3169999999999997 3.5968195005427064
284.599 2.731 4.3020159714496495
291.005 2.527 0.7567143898604133
304.11800000000005 2.316 3.6547771529576365
312.023 2.2119999999999997 5.725288398120322
333.999 2.63 1.5005492984597388
340.97400000000005 0.6549999999999998 2.179986811941289
344.177 3.252 6.436924609988727
353.777 3.252 3.616138718079722
370.494 2.835 3.641897674643401
393.20200000000006 2.731 3.6096989785393716
400.489 3.045 7.174319781681084
436.274 3.356 8.591152464672069
441.464 3.566 7.873076514851857
