11.083 3.148 -2.2725206724357445
16.075 3.355 -1.6396450416555748
49.424 2.11 -0.9380159737039214
56.091 3.044 -3.179925750580784
73.19200000000001 2.94 -1.326973052886161
85.796 2.836 -1.4032581376536688
127.92399999999998 2.109 -0.030610893869387857
132.87800000000001 3.254 -2.150561396522807
145.172 3.4619999999999997 -2.1124188529592445
157.612 2.524 -2.394479949410657
166.301 2.732 1.4258530788828683
184.51 2.523 0.28206109567041576
191.79500000000002 2.939 -3.1723941031675476
202.11900000000003 2.315 0.16763346787925873
208.772 3.461 -3.294353379503713
222.793 2.941 -2.7071519411053004
250.777 3.459 -2.859722111635001
265.70000000000005 2.734 0.24391855318299577
277.999 2.941 -2.6690093969678235
287.683 0.6519999999999997 0.40402037354297105
299.37199999999996 3.463 -2.2343781314035565
307.776 3.459 -2.310663215546541
324.899 2.836 0.48030545940982333
353.22499999999997 2.112 1.1894661760419307
360.183 3.355 -1.601502498051364
366.786 3.25 -1.7234617749913193
375.512 2.524 -0.2288552565174057
392.29099999999994 2.836 -1.7997468613836372
397.90000000000003 2.628 -2.1580930446725666
403.68100000000004 3.048 -2.5470501226367563
429.49399999999997 3.043 -0.6634865243322629
435.20099999999996 2.836 0.20577601281780655
