31.177999999999997 3.253 501.74248146883235
65.15700000000001 3.564 540.3380569655583
74.36200000000001 3.46 540.3380569645974
94.86500000000001 3.46 463.1469059640631
102.05799999999999 3.668 385.95575497353474
121.163 3.667 501.74248146439874
130.264 3.667 366.6579672237152
157.459 3.564 559.6358447172813
170.856 3.667 617.5292079651704
200.358 3.669 289.4668162179044
207.365 3.564 405.2535427188368
218.87199999999999 3.459 347.3601794710765
239.875 3.459 443.84911822510117
245.67399999999998 3.461 289.46681622541183
259.462 3.5629999999999997 424.55133046273676
267.059 3.666 443.8491182170432
275.25800000000004 3.667 289.46681623150334
280.85699999999997 3.668 385.95575497457344
303.172 3.356 424.551330472893
309.878 3.252 366.65796721553835
314.87199999999996 3.459 559.6358447162936
321.67699999999996 3.355 347.3601794642199
329.365 3.668 308.7646039728882
352.76199999999994 3.564 250.87124071948423
365.463 3.5629999999999997 521.040269220847
381.16499999999996 3.5620000000000003 385.95575497027284
401.959 3.67 463.14690596655237
407.058 3.7720000000000002 270.169028480258
414.765 3.667 328.06239172571435
419.96500000000003 3.668 366.6579672216321
436.369 3.667 385.9557549702378
441.366 3.67 250.87124072916387
