4.367000000000001 3.666 13.866752972958837
51.376999999999995 3.357 17.03010241882033
58.382 3.3529999999999998 17.059752793186835
64.27000000000001 3.666 9.07725324609554
77.41 2.524 13.068503019049707
84.26899999999999 3.665 19.454502656120724
111.479 3.356 8.54470158364316
118.184 3.151 7.776102004802764
138.40200000000002 2.833 17.82835237009684
157.513 2.623 9.372601913313938
170.88899999999998 2.732 7.391802212689288
184.38600000000002 2.938 6.623202632708087
192.696 2.729 14.191752015033945
200.561 3.666 12.210952313536131
207.60799999999998 2.52 6.209252468158826
235.37 3.5629999999999997 10.170851867462186
242.872 3.665 11.44235273526723
253.17 3.25 9.342951536483147
265.882 3.04 8.958651749232727
270.75300000000004 3.669 14.251052764293474
276.581 3.042 5.795302304963307
297.86400000000003 3.363 15.04930271998117
306.083 2.9450000000000003 8.160401792250388
311.469 3.3600000000000003 8.249352917537937
317.07599999999996 3.254 5.824952678084158
337.564 3.57 9.845852827464306
345.95699999999994 3.564 7.0371527977786235
360.682 2.84 6.238902845190857
372.776 3.0469999999999997 19.040552491799204
378.46400000000006 3.46 14.605702180285283
395.679 3.048 7.805752377008805
413.683 2.147 8.190052167528272
429.09700000000004 2.936 12.62490247890722
