5.321999999999999 2.733 3.890411434414317
12.099 2.629 2.8613299250017468
21.520000000000003 2.109 3.40655516552943
35.684 3.149 3.164627031386295
84.09499999999998 2.629 5.706646324320063
90.661 3.565 4.9194929460995835
110.269 3.46 7.574469541371155
118.383 3.147 2.9742872263044253
124.80000000000001 2.731 7.955149146898171
138.893 2.941 5.438924022354796
154.98999999999998 2.733 6.4937996976843815
180.26100000000002 3.463 5.32596671634158
198.98 3.148 4.245296873363428
204.38100000000003 3.148 6.900273470710353
210.0 2.73 6.113120091844738
231.67100000000002 3.463 5.732440486582666
248.366 3.3579999999999997 8.57775688639146
255.197 2.628 7.11640744018318
260.284 2.94 6.5453880301736564
284.09 2.7359999999999998 4.67756481044123
294.38100000000003 3.147 4.703358977323955
304.09900000000005 2.5300000000000002 5.896986124471042
308.878 3.253 5.032450249829445
323.177 3.356 6.277665730174485
331.288 3.147 9.390704430842513
344.666 3.46 3.622689134437991
351.059 3.667 4.7291531435393
398.68199999999996 3.148 6.9518618022572705
405.668 3.5629999999999997 8.768096689594445
427.88 3.355 2.9484930638093143
436.506 2.73 4.651770644452898
