10.178999999999998 3.249 9.755021255938903
94.301 2.728 7.8809426008354
102.30799999999999 2.521 3.0530112590733154
117.485 3.044 4.364500641878875
123.42399999999999 2.105 4.472008763692558
153.492 3.043 4.87333585109535
159.714 2.416 2.8296454604053602
168.298 2.832 10.094244726305865
201.105 2.625 2.9992571954126577
212.697 2.733 6.292333356735208
227.393 2.938 2.7758913987413716
233.595 2.937 7.595473189014992
243.24400000000003 1.69 3.115114871932005
258.188 3.143 8.16641201270236
277.69899999999996 2.732 7.711330863538554
288.596 2.835 3.392234731807607
293.804 2.728 3.2847266076478374
301.41200000000003 2.52 3.5080924055373948
308.90799999999996 2.624 5.891006271142775
316.772 3.56 10.379714139500214
324.532 2.0 4.025277168551627
357.521 2.311 5.09670164932945
365.13100000000003 2.102 4.302397027515872
371.3 2.833 6.631556831026212
376.37200000000007 3.561 10.718937612044549
383.701 2.832 7.372107392900712
396.47600000000006 3.457 9.014470694034266
412.98 3.3529999999999998 6.577802769071317
424.181 3.3529999999999998 6.40819103013214
432.90200000000004 2.832 6.461945094460489
