17.427 2.109 3.9997821588971414
30.522 2.109 2.151023865008367
46.519000000000005 2.2119999999999997 3.466934189528914
52.879999999999995 3.252 6.378191618664262
67.972 3.459 5.146751690110401
80.67200000000001 3.46 2.992531018070576
89.88400000000001 3.148 4.055030154231963
95.06800000000001 3.564 4.64312611859016
106.581 3.354 5.062281293832254
145.37800000000001 3.355 6.74209879615978
177.02999999999997 2.003 3.6911229771416774
185.296 2.8369999999999997 4.977810897813396
194.292 2.941 7.021535578700936
199.08700000000002 3.147 3.6066525811774475
206.78300000000002 0.6519999999999997 2.6286238401578235
209.28499999999997 3.251 3.9705597594975823
236.48700000000002 3.0469999999999997 4.7828445110022
264.27500000000003 3.459 2.654649434944345
271.875 3.46 6.43343961492718
277.97200000000004 3.5629999999999997 2.8788382228226626
290.96500000000003 3.77 2.8235902274667435
312.285 3.253 4.13950055024902
343.59 3.0460000000000003 1.845561487665699
351.666 1.0699999999999998 2.8528126273409673
368.7 2.836 2.5994014396783665
374.67699999999996 3.459 3.187497404313481
400.17799999999994 3.459 8.252975506990447
428.389 2.835 5.426188472845586
437.733 1.693 1.9008094830426145
442.193 2.834 5.790095652542203
