9.99 3.147 3.579549233827013
16.604 2.734 11.321245696617543
23.973 3.148 2.703106469640707
40.164 3.459 15.716178531017297
45.977999999999994 3.146 6.79147551705194
59.392999999999994 2.834 2.261705334599006
79.694 2.836 6.454382145347373
85.587 2.544 1.654937268806336
93.78099999999999 3.252 5.47363161669642
100.30999999999999 2.629 3.3772932120882277
108.72 2.315 1.0112801093235098
127.674 2.848 6.926312864673446
140.266 3.3579999999999997 10.98415232521469
157.48600000000002 2.941 7.7048073687660485
174.286 3.044 3.1750371885461663
179.576 3.255 8.752976574608757
188.917 2.316 2.396542684067366
195.208 2.626 6.3195447973599785
203.999 2.941 7.435132673003285
238.78 3.045 4.020950371581005
262.41 2.419 11.186408349700883
285.58 3.356 5.271375595272855
293.17900000000003 3.356 12.436833572358614
298.378 3.357 4.155787717958292
303.467 3.3579999999999997 1.0786987844445175
348.896 2.732 13.485002775685441
370.09499999999997 2.7359999999999998 7.907063394145382
379.378 3.355 3.309874537868335
389.286 3.149 1.9246119655084777
412.371 3.356 14.735428001085834
419.075 3.252 13.619840124517951
425.17499999999995 3.252 6.5218008210394265
442.711 2.316 9.80114577657971
