20.064 3.2640000000000002 6.4230746140192885
35.461 3.4699999999999998 5.725172482682029
40.85999999999999 3.572 4.251002673104371
47.681000000000004 2.852 8.28168435238709
66.264 3.263 1.4593941482261523
72.905 1.822 0.5337831951787984
92.077 2.851 4.713808150121457
98.38399999999999 2.644 2.3140273830269322
117.97699999999999 2.852 3.5531005401703335
130.17100000000002 3.16 5.646806933683056
147.488 2.646 1.0749542238083192
154.985 2.75 -0.5485588610874832
161.196 2.1319999999999997 2.705855140278687
165.68200000000002 2.647 0.6905143002027819
174.08900000000003 2.44 -0.3992155908760554
225.96599999999998 3.365 5.80353803303289
249.68800000000002 2.647 4.09427156633972
257.682 2.748 -0.007387832145144137
262.366 3.2640000000000002 -0.6269244121297413
271.991 2.439 0.5263953635056311
280.682 2.748 2.086318558967555
301.562 3.4690000000000003 -0.47758113953652415
311.176 2.955 3.8665627466765646
318.98900000000003 2.542 0.22770882296815176
332.70200000000006 2.131 1.2242974942470277
349.07 3.3659999999999997 7.505416670103834
365.779 2.852 3.318003886181193
371.17699999999996 2.955 2.0005651762598182
382.078 2.9539999999999997 8.20331880304541
413.092 2.44 -0.32085003945084145
434.20500000000004 1.9289999999999998 1.7728563522543566
442.392 2.644 -0.7052899635989637
