10.464 3.161 11.730144807096899
30.152000000000005 3.676 12.288727909926154
38.457 3.573 6.584079305170534
43.75300000000001 3.778 10.482259198811107
57.457 3.576 11.242872320742974
62.769999999999996 3.2640000000000002 15.141052211635945
67.96000000000001 3.675 6.94063238716521
90.35300000000001 3.4690000000000003 7.974586149558272
95.95 3.573 10.066297327843799
102.04699999999998 3.677 13.33458349869298
107.54899999999999 3.676 5.680844949574846
138.457 3.574 9.92367609637444
144.259 3.573 11.801455422678107
157.666 3.368 6.655389924479386
174.74899999999997 3.574 11.52811478618223
206.754 3.572 6.168117435737632
216.05599999999998 3.572 7.843866743510054
224.068 3.161 7.213973024293162
241.66 3.572 5.823466181018882
251.261 3.573 8.949131121949646
276.15 3.574 7.071351792481174
282.168 3.057 6.86932177139317
300.663 3.266 6.239428052200151
313.16200000000003 3.3659999999999997 13.679234752750606
351.868 3.367 6.7980111547720945
357.964 3.472 11.112152915974221
362.954 3.572 13.821855987867878
377.25199999999995 3.574 7.499215489997382
404.95699999999994 3.4699999999999998 8.80650988991004
412.65000000000003 3.6790000000000003 14.725090343943979
421.955 3.675 8.331139228585954
429.356 3.676 7.011943002550035
434.86100000000005 3.572 7.427904874352852
441.461 3.573 7.285283641085831
