21.911 1.7200000000000002 8.777743779156072
27.287 2.544 5.479719844102597
44.184 2.748 13.952054315016513
53.287 2.545 9.206812983847055
60.992999999999995 2.439 11.84305816879286
69.57300000000001 3.16 13.62116493881061
75.80199999999999 2.1319999999999997 8.581384115717672
96.29299999999999 2.44 11.083099587458655
103.988 2.645 9.599532309035997
112.47599999999998 3.057 10.224961174249119
127.49199999999999 2.441 7.723245705565126
158.53199999999998 1.1019999999999999 6.105148711441253
170.799 2.235 10.45767071752515
181.41199999999998 1.924 6.828757410743278
228.712 1.823 10.028601513744771
247.93 1.3050000000000002 6.534217918340693
256.11 1.9249999999999998 13.093915906436104
269.987 2.748 11.181279418605754
276.311 1.9249999999999998 5.9706189995407195
285.286 2.852 5.774259337874655
291.48699999999997 2.749 11.512168793250485
309.006 2.13 6.2033285427755676
348.37199999999996 3.16 8.839573728158792
378.195 1.9260000000000002 14.479303354430202
398.39700000000005 2.0269999999999997 10.690380263155838
404.986 2.339 13.32662544611164
410.697 2.13 9.2686429332364
423.12300000000005 1.205 8.115965027804549
435.486 2.645 9.73406201948283
