5.107 2.939 4.154038751295389
19.788 3.043 6.056174609328426
27.389000000000003 3.044 8.28943209464841
61.674 3.252 4.8922427754932265
66.67699999999999 3.251 11.497409050340567
87.38700000000001 2.94 0.8041525234047718
98.05699999999999 1.1710000000000003 1.353144189528669
127.39500000000001 2.939 8.100219734180445
135.095 2.94 4.703030416888986
154.086 2.94 1.684265817554887
161.062 3.564 9.35875774618403
171.171 3.355 0.9460617921441988
179.81199999999998 2.214 1.7315689062099413
191.095 2.835 5.223364404034986
210.272 3.46 12.51943161365725
226.78900000000002 3.148 14.847295274726438
238.299 2.8369999999999997 8.431341362993258
243.871 3.356 11.450105961983095
249.90300000000002 2.524 11.402802873138677
256.407 2.523 2.5643791116163355
262.377 3.251 5.8196591594384115
312.48 3.252 9.453363924875571
318.58400000000006 3.15 6.245386966763943
332.98799999999994 3.148 15.869317842233265
353.38800000000003 2.94 5.08145513438561
358.562 3.567 10.569992666424241
371.88599999999997 3.045 3.8229171229204733
384.786 3.044 15.9166209302946
407.70200000000006 2.731 1.7788719974064842
416.88100000000003 3.253 1.4950534601178544
433.472 3.459 2.6589852913686034
