10.568 3.1630000000000003 13.921638380852462
22.98 2.853 6.659120938799729
36.39 2.5460000000000003 4.103387775898498
64.283 2.4419999999999997 1.9523366583507331
76.733 0.6930000000000001 11.568246240475819
89.50099999999999 1.927 11.433352224718696
94.79199999999999 2.3369999999999997 2.758074183994799
136.71800000000002 1.3080000000000003 6.591673930737219
150.563 3.263 13.786744367369632
159.691 2.336 8.071881534271483
164.483 2.544 1.682548626926165
181.10299999999998 1.9249999999999998 7.869540512419429
186.98100000000002 2.748 15.064610949903498
203.893 2.439 3.6348852833296847
219.775 3.26 5.381254357318628
225.67499999999998 3.161 3.365097252844236
231.273 2.9539999999999997 3.432544262197684
260.78099999999995 2.5469999999999997 3.2302032384225665
276.87600000000003 2.652 6.928908969532495
286.266 3.164 4.238281789747934
300.976 2.856 16.072689499366927
321.299 2.237 2.4244657113253196
331.32500000000005 1.1039999999999996 1.0117051128909855
354.176 2.9539999999999997 5.583595381135951
369.284 2.646 7.063802983256425
375.196 2.234 2.2895716967624584
380.282 2.748 7.599752481555501
389.881 2.75 8.945066072119815
411.777 3.058 11.231011204013411
417.563 3.368 10.020591628700853
429.987 2.544 1.0791521206874688
436.895 2.2359999999999998 6.456779916126106
441.766 3.2649999999999997 12.711218809516764
