5.417 2.625 4.11301111647988
10.171 3.354 5.378692116158957
16.586 3.04 2.334643117148184
34.618 2.211 1.5211202286793395
43.409 2.521 0.6773328941006977
52.209 2.623 4.06761445175138
114.271 3.355 3.691117448760464
126.018 2.21 0.14951367627036338
129.87499999999997 3.354 4.941666225831731
147.37 0.9619999999999997 0.30083589247612447
152.876 3.457 6.252743891497653
190.69700000000003 2.73 1.0084332296758902
197.81300000000002 2.314 3.2994882226481845
205.512 2.416 1.1748876702112692
210.47799999999998 3.25 2.8473301154866024
222.305 2.623 0.31596811309385003
227.677 3.3529999999999998 3.269223780602135
234.301 2.729 -0.0907933305514638
254.59300000000002 3.041 -0.12105777372940157
270.664 1.165 0.6168040097360714
278.04200000000003 1.6869999999999998 0.2554392254937243
284.89 2.939 1.9278816711753342
300.68 3.249 1.5967813368461288
357.32099999999997 2.314 1.8824850073898816
362.99699999999996 2.833 2.4405686698989006
378.016 2.414 1.4757235625146394
401.392 2.938 1.0840943383323876
424.23299999999995 1.8980000000000001 2.7868012281281875
430.30400000000003 2.727 0.19491034015451597
436.865 1.1669999999999998 1.9430138943166302
441.889 3.145 3.660853003947081
