4.678 3.367 14.846940114821571
21.952 3.676 14.514761307452092
27.771000000000004 3.057 7.596784024619878
33.768 3.1630000000000003 12.319495149636445
40.958000000000006 3.4699999999999998 19.656308222260474
62.452 3.676 8.75218527532115
71.361 3.572 17.417713569636255
81.68 2.851 7.5101270393347
101.897 2.338 5.64703968567637
109.758 3.5709999999999997 19.988487026477664
116.38799999999999 2.441 6.889097924029314
128.758 3.572 7.798977353797043
143.658 3.572 10.037572006234175
151.257 3.676 11.98731634466571
168.761 3.4690000000000003 9.084364083540416
175.063 3.368 13.937060682041306
180.87 3.262 14.89026860477688
202.49 2.646 4.650503271373193
213.861 3.4699999999999998 9.37321439585334
220.995 2.2359999999999998 4.693831762784238
229.409 1.822 5.314860879958796
234.17899999999997 2.852 10.745258108508077
263.379 2.852 6.556919116577544
285.277 3.057 8.83884226180106
291.97 3.2649999999999997 13.316031564209705
301.105 2.0269999999999997 4.361652956188868
322.389 2.545 7.177948235041343
340.96500000000003 3.368 12.362823643345983
369.658 3.575 6.932426415017606
379.89500000000004 2.239 4.231667482121735
420.69300000000004 2.441 4.9826820767715025
425.682 2.852 8.420006471518864
430.66200000000003 3.572 17.12886325773423
436.27200000000005 3.162 18.37092149233519
