23.015 1.718 6.643576101695056
29.438000000000002 0.895 4.896025092820604
36.993 2.44 9.171021068892742
42.458999999999996 3.675 15.22244740988747
49.908 1.927 5.979218491948727
63.193999999999996 2.44 7.885634338984565
70.264 3.4699999999999998 10.701929616753882
77.66 3.574 11.366287227249233
93.49 2.544 8.217813143999113
98.77 3.2640000000000002 11.034108422521884
105.083 2.751 6.600247609550097
110.702 2.1319999999999997 6.802440938507787
126.674 3.16 5.560382701797632
140.86800000000002 3.367 16.132326841021342
149.70700000000002 2.129 5.271532389030815
183.193 2.749 7.466798548518665
199.356 3.7800000000000002 17.085534764197043
213.86999999999998 3.3659999999999997 12.27616665911378
221.46599999999998 3.4699999999999998 10.658601124248527
255.7 1.721 8.463334965292077
260.34799999999996 3.675 12.940524268550622
271.362 3.162 10.990779929945344
278.068 2.957 10.45640779604425
285.076 2.851 5.603711195387404
352.977 2.645 5.892561507429471
361.04900000000004 3.574 13.561553387615636
366.85 3.574 16.796684451858304
372.366 3.159 12.98385276035641
426.861 3.574 17.749892375541773
441.449 3.574 13.27270307315915
