4.9879999999999995 3.059 1.4207521409938209
10.876 2.955 1.2176139207781551
17.294 2.338 3.912804074138484
30.482000000000003 3.153 11.27409629551985
46.381 2.645 2.0289514031464577
53.367000000000004 3.16 3.1304863393879048
65.38 2.647 4.115942294148508
70.382 2.645 5.970775222089293
126.774 3.161 14.056345686506722
140.881 2.647 3.1885258300432615
152.874 2.9539999999999997 7.70952916816848
158.27299999999997 2.955 10.375699576687385
193.991 2.439 0.5513751693178669
228.37699999999998 3.059 3.8837843290367107
238.38200000000003 2.647 1.101534938739747
265.276 2.9539999999999997 9.564362097150468
270.67 3.06 3.2175455753117155
279.056 3.574 6.811132449826472
298.86199999999997 3.4699999999999998 4.840220537847582
304.473 3.06 1.362712648823551
311.87600000000003 3.058 6.7530929582999875
325.289 2.542 2.2320896196194195
345.179 2.752 4.956299520521588
358.16999999999996 3.161 5.767637002342931
367.27199999999993 3.16 4.057902802993824
374.37699999999995 2.9539999999999997 8.607925885352989
379.958 3.573 11.332135787298988
387.08599999999996 2.646 5.79665675051307
393.57099999999997 3.161 3.0144073571035546
424.98299999999995 2.749 6.724073213193979
441.87 3.162 7.651489675748606
