4.587 3.458 24.686758240506116
10.068 3.56 4.108067155470669
29.981 3.247 2.293181846559277
55.072 3.459 11.538428581812948
60.769 3.664 19.07128212453944
79.005 2.624 2.464002039199228
86.709 2.52 0.5807886538414561
103.981 3.248 13.626626196848964
111.267 3.5620000000000003 22.871872933179294
124.063 3.666 20.886167432227225
137.563 3.667 13.353313891546662
179.212 2.518 6.059608617455656
184.177 3.3529999999999998 13.45580600451624
193.268 3.5620000000000003 11.606756659075549
202.569 3.561 7.976986042039453
210.68699999999998 3.144 0.4441324989968191
216.192 3.039 21.02282358667745
220.668 3.5629999999999997 20.95449550929325
234.98399999999998 3.247 0.6832807674997399
241.99599999999998 2.935 9.928527503900485
286.974 3.458 11.743412811772615
295.585 3.247 13.59246216051791
325.979 3.3529999999999998 17.25639681458709
337.284 3.249 9.82603538826448
343.69800000000004 2.935 0.4782965382366373
358.68300000000005 3.3520000000000003 7.874493926368675
376.07200000000006 3.561 9.586887119949395
391.30100000000004 2.832 2.05403357641855
397.39700000000005 2.936 4.039739079320093
404.379 3.354 15.236527275448319
418.681 3.3529999999999998 11.504264542471228
426.598 2.936 4.073903117731595
