11.190999999999999 2.441 2.563032241680084
30.985 2.851 2.762882695624067
39.277 2.748 1.208528748507695
45.602 1.923 2.3251315193345934
58.172 2.853 2.4234568964124428
62.658 3.367 3.540059668822295
69.29 2.336 1.5099042762667814
91.184 2.646 1.5669796830854408
96.164 3.367 2.24583127872333
102.36600000000001 3.3659999999999997 3.1023084935234584
108.588 2.645 0.9896531604171659
139.89600000000002 2.131 2.1252810682133485
144.974 2.852 2.6233073475642645
158.072 2.955 1.2688038537317765
175.476 2.852 2.6645573195525354
208.305 2.028 1.129228509224054
217.503 2.1319999999999997 1.7287798654321769
225.71599999999998 1.512 1.4686543043458942
243.09699999999998 2.131 1.110203372530848
253.52 1.3080000000000003 1.8461303766627892
278.72700000000003 1.0019999999999998 1.3481040947010492
282.171 3.059 1.449629170038642
302.212 1.721 1.1895036121423659
313.889 2.646 3.12133362840958
353.101 2.129 1.389354064593409
358.371 3.059 2.5852570778033743
377.566 3.2640000000000002 1.709754729865558
405.89300000000003 2.542 1.725580163447675
413.89199999999994 2.439 3.460759427751624
422.67699999999996 2.9539999999999997 1.8683552110503827
429.972 3.059 1.5701793816350116
441.76800000000003 3.263 1.528929413257725
