10.861 3.3659999999999997 5.398931971894844
20.355 3.572 9.128140411726777
28.159 3.4690000000000003 8.991631975445383
34.58 2.749 10.922514019930528
43.417 1.513 4.154544897474754
68.709 1.9260000000000002 5.9528712928916985
74.108 2.028 3.741066802050503
79.40500000000002 1.823 5.394979185451043
99.05599999999998 3.572 7.18935279465201
122.75099999999999 3.778 13.961274703272949
129.158 3.471 6.089379730818358
136.778 2.852 6.920288709094492
148.066 3.266 8.710709528479507
153.45899999999997 3.574 12.580379189932325
174.757 3.573 10.091605041163307
186.266 3.2640000000000002 11.476453339178171
194.166 3.2640000000000002 4.431514557586414
202.862 3.368 6.498905037365843
210.456 3.574 7.329814018541852
216.855 3.675 7.05284435927264
250.57600000000002 3.058 6.085426942437506
290.883 2.748 5.812410068869126
320.269 3.263 13.824766268350334
333.277 2.955 4.014083673719929
338.774 3.058 8.43769265639261
361.067 3.2649999999999997 6.9163359217073195
367.476 3.057 4.841039865047729
397.391 2.4419999999999997 3.6045583658289058
402.16700000000003 3.3659999999999997 13.13431851048685
413.059 3.574 12.166901096317064
422.161 3.572 9.124187624096216
429.06100000000004 3.572 8.297231432942928
434.16400000000004 3.4690000000000003 5.258470749899237
