25.756999999999998 3.675 11.19948367886928
32.46 3.573 12.443870754493993
38.562 3.572 6.779827484569586
44.870999999999995 3.2640000000000002 4.29500612164517
78.458 3.367 5.118009527136596
83.24700000000001 3.779 5.808457281810866
93.46600000000001 3.161 5.675901632822078
122.778 2.854 3.464097142555163
127.57399999999998 3.059 3.7371140145942316
133.264 3.4699999999999998 3.5966527895515927
142.957 3.6790000000000003 7.19330558010629
158.158 3.3659999999999997 8.020261774090729
193.968 3.16 5.12196231336599
200.085 2.544 4.571975779948743
206.26799999999997 3.263 7.883753335883428
227.06400000000002 3.4699999999999998 12.993857286295857
236.26999999999998 3.3659999999999997 7.747244900962542
242.559 3.266 9.264648845111141
248.659 3.367 8.98767918807158
262.66 3.3659999999999997 7.743292113735209
279.652 3.675 5.262423536758904
292.55600000000004 3.573 12.303409533318387
301.76099999999997 3.4699999999999998 6.225888164402817
307.46 3.572 9.818588168479428
320.761 3.573 9.955096603879788
334.15599999999995 3.5709999999999997 6.7758746977057704
339.561 3.3659999999999997 10.509035924993226
360.35299999999995 3.574 15.896109534164559
366.55499999999995 3.572 7.056797144394215
402.457 3.575 13.547796606939581
408.16400000000004 3.4690000000000003 9.682079732269944
421.15799999999996 3.677 5.535440409317777
427.067 3.4690000000000003 5.531487622188451
