11.681000000000001 2.5460000000000003 2.6716414457684032
19.006999999999998 1.722 1.2994136904606137
25.811 1.819 0.545686757502936
33.989 2.4419999999999997 1.9907285736294429
39.388 2.544 2.021934600026452
46.783 2.75 4.755988097415141
56.199 2.336 3.352554318272831
102.38500000000002 2.4419999999999997 4.064673216588309
129.686 2.545 4.023065181806373
134.573 3.16 6.169823886290794
141.081 2.852 7.5316496327234175
166.865 3.16 6.138617860987568
173.995 2.13 0.6289028281613775
181.365 3.16 7.552453650442338
189.29 2.235 2.640435419011382
202.07299999999998 2.955 5.426498960610196
217.99 2.34 1.2370016395918084
235.075 3.058 1.320217707326949
244.204 2.131 2.001130583009031
253.892 2.134 1.9387185286432929
269.43 0.8969999999999998 3.4045643610993914
274.463 3.2640000000000002 3.362956326416698
292.163 3.2640000000000002 6.819530732960938
298.396 2.1319999999999997 6.829932741688069
329.98900000000003 2.544 5.405694944152255
337.90200000000004 2.133 0.5872947945538829
350.797 2.03 2.630033409921667
365.36400000000003 3.2640000000000002 8.92468140414933
372.88800000000003 2.44 2.6092293913777658
384.099 2.129 3.3109462821230418
407.182 2.748 1.980326566207425
412.78000000000003 2.751 0.5976967998477777
423.07000000000005 3.263 1.19539360317115
433.08 2.855 1.9283165192609677
