12.864999999999998 3.368 3.419181876751787
22.902 2.233 2.3037589716439255
28.657999999999998 3.3689999999999998 4.5528330731813345
40.198 2.129 6.8019071774029864
46.006 1.721 5.686484269607772
52.376 2.851 5.6682559783869255
79.596 2.032 7.722811506601319
88.78699999999999 2.543 3.951049046604375
94.79700000000001 2.234 4.97832680843779
103.11800000000001 1.5139999999999998 3.3128084424929862
108.70499999999998 2.028 1.808348376287387
112.86999999999999 3.465 1.595601510347277
120.57600000000001 3.16 2.9055429962391885
131.21 1.6180000000000003 2.7110244177028813
142.003 2.026 1.401082930047291
160.882 2.747 5.774629415523335
165.979 2.75 2.604650981412674
190.909 1.822 2.3219872569760547
195.067 3.365 3.8264473231868186
215.51500000000001 1.7200000000000002 2.4101324039329133
233.801 1.9289999999999998 4.6592065066857735
261.489 2.4419999999999997 1.7019749445761727
272.084 2.646 7.829184939729376
278.084 2.646 2.5347341263530057
298.108 1.9249999999999998 3.6137004548521254
346.032 0.8989999999999996 1.4892280761900782
352.28599999999994 2.646 3.1365181515464933
357.39000000000004 2.543 5.279218822236811
378.469 3.263 7.209172624020272
407.798 2.438 1.5591449320866946
414.70200000000006 2.131 3.206435007260261
437.29600000000005 2.3369999999999997 6.607388597571227
442.079 2.9539999999999997 4.571061361325495
