5.401999999999999 2.648 3.118289863495163
30.569000000000003 3.266 4.233712771138626
38.19799999999999 2.234 4.251941059379286
44.304 2.028 1.914721812563459
64.882 2.851 6.501015163186273
102.98499999999999 2.748 6.9082806120034705
108.90199999999999 2.031 4.747351653032057
131.166 3.4699999999999998 4.039194192590885
139.133 1.2039999999999997 2.2156138236651723
142.366 3.468 6.695533742920904
150.895 2.339 6.288268295218035
157.099 2.235 1.9846386703016876
176.687 2.647 4.14556762673035
200.794 2.541 4.871953373073727
208.28 2.955 4.960098522011997
224.90599999999998 2.13 1.8964935216072516
231.48100000000002 2.956 5.79285770435546
247.004 2.131 1.790120089010413
254.695 2.441 3.242891585819101
259.38100000000003 2.955 2.5864226967081967
269.09299999999996 2.543 2.8356261398227027
296.668 3.2649999999999997 1.771891799595603
311.384 3.053 3.7565304673637994
330.27399999999994 2.5469999999999997 2.127468678665786
348.49300000000005 2.131 5.260990534179692
355.684 2.542 2.7292527061656826
377.86600000000004 3.263 5.0664719542031
387.133 0.8980000000000001 2.091012103094822
404.903 2.031 4.127339339055559
442.482 2.542 2.799169562644886
