20.063000000000002 3.3659999999999997 6.333289295054745
28.359 3.4699999999999998 2.5483978297745775
39.556999999999995 3.572 3.7698182251576173
49.56499999999999 3.2640000000000002 -0.39959611898027275
56.772 3.058 -0.4523746400843735
96.902 2.028 0.9952330744545795
101.66 3.4699999999999998 5.164647421207308
125.473 3.058 5.443613260935071
140.898 2.233 -2.963067191860191
146.287 2.544 -1.79442531690437
179.068 3.3659999999999997 4.8329030609786
193.48600000000002 2.5460000000000003 -1.0103063171198594
199.859 3.573 7.554709689925572
209.681 2.851 -2.6841013534634133
215.571 3.161 1.1007901147955435
222.193 2.439 -3.3475900709754067
228.371 3.161 9.00231740702643
236.18400000000003 2.748 -3.4003685894577687
255.29999999999998 2.233 9.891993443930911
259.974 3.059 2.2694319911671177
265.26399999999995 3.3689999999999998 1.7115003122324637
286.178 3.058 -2.842436909945416
304.965 3.368 3.664261186270326
325.894 2.44 -1.6210165171159994
346.968 3.3659999999999997 6.665033655118992
352.86100000000005 3.573 -1.2892721577642536
358.56100000000004 3.573 6.054323454858083
367.359 3.675 0.7690457560584003
375.567 3.368 -0.9575278003087649
386.99699999999996 2.44 1.2741989150217405
395.36 3.675 2.880142187492413
441.771 3.2640000000000002 -0.6257834400272801
