4.7780000000000005 3.25 9.216227650867031
17.179 3.248 9.39743879060457
31.567 3.5629999999999997 10.587042812227589
39.07 3.561 15.061910571646326
52.676 3.457 11.742534437094179
60.877 3.458 10.966521287486271
67.884 3.044 5.715640379719182
74.899 2.729 7.862468689373669
84.98299999999999 3.145 9.199171451919586
97.42999999999999 1.8980000000000001 4.344825217369961
122.28699999999999 3.042 8.819692979308392
135.997 2.834 4.129501682453893
152.975 3.459 6.672864667556604
160.97799999999998 3.251 3.551755869978598
166.268 3.561 4.327769020569197
180.971 3.458 14.484164760589323
195.23800000000003 1.7910000000000004 5.517373042249488
220.191 2.939 3.9653467435520153
244.67100000000002 3.5629999999999997 12.73387112366083
253.78099999999998 3.354 9.017960314390956
266.877 3.354 3.7329670062584963
292.17 3.561 15.458445245682872
300.18499999999995 3.146 3.5688120702012274
323.47299999999996 3.458 5.68152798092024
361.08299999999997 3.249 14.08763008348047
385.775 3.457 11.164788624021519
392.084 3.249 10.569986613232567
406.884 3.249 6.078062656163168
416.29200000000003 2.941 3.7500232100674684
422.303 2.73 6.689920865902341
