5.92 2.1319999999999997 0.5251400874113419
17.771 3.06 1.050280180384729
36.269999999999996 3.162 2.076268384764571
45.068 3.2640000000000002 -0.3217527562731328
51.361000000000004 3.471 0.78771013571903
57.372 3.16 0.9668054934250762
75.069 3.1630000000000003 0.3703367059444022
80.163 3.4699999999999998 3.2692059644658635
98.614 1.7200000000000002 -0.23827807037530752
102.97 3.2649999999999997 1.8136983390046706
108.585 2.648 1.3963249098850952
114.065 3.368 2.4101671308072024
119.064 3.4690000000000003 1.121608879191511
157.376 2.957 -0.4765561424144959
170.973 3.261 2.1475970855718134
177.66400000000002 3.4699999999999998 4.37866885638758
199.073 3.162 5.058612332326392
205.57100000000003 3.368 6.168075225235472
221.585 2.749 0.8711848192911918
227.18900000000002 2.646 -0.9182215475433645
243.477 3.058 0.012145987528636654
249.08800000000002 2.647 0.4538113891319422
257.577 2.958 4.19957349722665
270.27200000000005 3.263 5.225561705220605
279.375 3.16 3.1022565923518743
287.48199999999997 2.853 1.3007042384493919
316.674 3.262 0.9546595081331198
343.27399999999994 2.853 0.7998561218396825
359.983 2.647 -0.6556514998127292
380.27200000000005 3.162 3.9491494398244003
393.67999999999995 2.957 0.3581907184811973
407.25399999999996 3.368 4.462143544234837
423.955 3.4699999999999998 2.9231612343490587
434.17400000000004 2.852 1.7302236545108962
442.177 2.851 -0.14265739812039685
