13.761000000000001 3.573 5.154791548730112
22.400000000000002 2.336 7.060780043818383
36.159 3.263 8.507606776516674
42.445 3.677 12.460377250007063
49.177 2.647 6.354702038475656
62.157000000000004 3.4690000000000003 7.554612527990725
70.566 3.161 8.895316502298366
78.479 2.75 9.601394507006706
94.107 1.924 7.907651530399599
98.87199999999999 3.161 9.248355503548302
104.57 3.263 6.601618283605708
109.569 3.2649999999999997 5.57717200116208
126.868 2.955 5.0833395158857515
140.64999999999998 3.573 12.601170734083208
148.458 3.367 5.189462271351181
182.464 3.4690000000000003 6.283250003072785
199.871 3.263 13.201125977749033
214.38199999999998 2.854 9.742187991575884
221.353 3.572 8.436154743857996
254.36599999999999 3.06 7.34236701163737
260.661 3.367 10.448265996660007
271.15999999999997 3.3689999999999998 8.789193743903752
277.766 3.2649999999999997 9.460601024409481
284.466 3.4690000000000003 5.542501275676225
352.465 3.162 5.4363785150690145
361.05600000000004 3.573 10.695182238548313
366.855 3.575 13.307248737563484
371.959 3.572 10.907427755131
426.75300000000004 3.675 13.907203983158851
441.35200000000003 3.676 10.801304997276475
