6.5329999999999995 1.517 0.9407104992564423
12.101 2.029 2.5773228369563057
22.879 2.851 2.053266019558208
46.977 2.956 0.8977492453757958
52.172 3.162 5.358711633916312
80.465 3.266 4.856135443291503
98.09100000000001 2.44 0.43813430919272134
104.88799999999999 2.543 2.021045078321712
116.995 2.3369999999999997 0.48109556385812924
138.257 3.675 5.94721033499813
152.10000000000002 2.135 1.4862479460247864
176.581 2.852 2.6739856600264216
182.26999999999998 3.1630000000000003 5.925729706707281
190.88 2.9530000000000003 1.5614301404587034
196.97799999999998 2.955 3.187302166093348
202.682 2.751 2.631024405946399
207.78099999999998 2.852 4.235415802253545
224.27700000000002 2.956 1.5399495155134957
231.78099999999998 2.852 -0.11814345049229252
237.263 3.4699999999999998 3.7328396101359953
243.679 2.955 4.256896429733685
253.58199999999997 2.9539999999999997 0.4488746234888693
268.473 3.161 3.144340911265002
278.27700000000004 2.957 1.5829107693199118
285.87100000000004 3.263 7.027544912857508
313.08 2.855 2.0425257062926896
321.397 2.338 0.3951730557055011
326.07099999999997 3.2640000000000002 1.0051523827752318
351.676 3.161 5.369451947924831
381.089 2.647 1.4969882575583469
388.488 2.748 1.026633008824805
400.48699999999997 2.649 1.5506898287184652
410.61199999999997 1.8239999999999998 2.085486960947523
426.276 3.057 4.82391450224957
436.378 3.058 2.6202840923400372
