5.1 2.943 -0.5303113265511482
19.287 2.838 -0.9656450168932551
28.206 2.319 2.3270692303398186
43.178999999999995 3.148 -2.5645133203809136
69.7 2.731 4.143604379533262
82.48100000000001 3.252 -1.3534898892284664
124.276 3.251 1.6265798777028417
131.079 3.148 -2.489312931078948
138.46300000000002 3.564 -2.1291796313838787
147.99 2.938 6.565651245284934
154.026 2.004 3.1502477915645266
160.88400000000001 3.147 -1.6661343692500807
167.27800000000002 3.254 0.8034013147956404
175.50699999999998 2.626 4.313782407475923
180.81900000000002 2.315 -0.8429558083509652
186.291 3.044 -2.612002139626433
192.09999999999997 2.836 4.919294122207881
205.897 2.731 0.4155564422112412
243.69000000000003 2.939 3.9259375337571334
254.97699999999998 3.354 0.7282009246626548
261.66900000000004 3.5629999999999997 -2.2716460876367774
268.40099999999995 2.732 -1.0131338332661168
304.39300000000003 2.836 3.3204258172238488
309.678 3.254 0.5105340799788558
315.494 2.835 2.2320915929972505
324.215 2.315 1.2387350048539036
335.195 2.835 3.5380926633526655
358.08899999999994 3.043 5.9601395294014194
377.365 3.67 0.24537841766053217
384.779 3.252 1.4564018489490502
408.277 3.354 -0.5778001428036946
441.781 3.251 -1.1833118615334546
