4.579000000000001 3.457 1.1160457964708888
33.193 2.935 5.354627813443646
40.868 3.46 -1.6186455518646996
57.602 2.727 3.8784487157317713
65.184 3.145 6.17780637264618
76.687 3.144 7.994341524189276
92.80399999999999 2.73 1.503890666948117
107.617 2.312 1.8917355397758562
128.56799999999998 3.5620000000000003 -1.3060010705960037
134.767 3.5620000000000003 -1.4484675245380483
141.37 3.56 1.8442467220877328
151.07 3.56 -2.346846477196684
168.601 2.73 0.898378952979762
175.124 2.208 3.490603844650918
180.19599999999997 2.937 -0.18995527372007642
193.37300000000002 3.457 -0.7004893517717531
198.37099999999998 3.56 -1.230800679310837
204.18099999999998 3.25 2.6674252812036876
209.99699999999999 2.834 2.2795804139374587
219.493 2.938 0.07520039103265275
230.58899999999997 3.042 -0.7954669903219773
246.98599999999996 3.145 -2.1766684502786777
253.378 3.3529999999999998 -1.5711567338583554
268.692 3.04 -0.6252889638363419
280.773 3.561 -0.09497763700438179
294.38100000000003 3.251 -2.65949095920402
329.61199999999997 2.52 0.5857344688558398
335.81199999999995 2.42 2.109402385609647
354.7 2.833 5.742472685217583
379.293 3.041 0.6332232880044819
392.923 2.31 3.102758972699996
403.261 1.2719999999999998 2.4972472579522895
