4.6770000000000005 3.3659999999999997 2.22244905386043
17.18 2.748 5.900807521792095
27.275 2.955 2.6084792491974134
34.757 3.574 4.229830168743912
40.672000000000004 3.16 4.952264135007821
49.669 3.2649999999999997 0.7169132141593555
62.365 2.955 7.6269320405140615
68.06700000000001 2.853 3.5570226331391988
74.475 2.647 5.955954690736577
99.67 2.956 1.6103094343634328
114.57 3.159 0.9981698136624372
134.788 2.644 2.9448830152564383
164.85500000000002 3.367 0.8327283027752269
170.05 3.572 2.5037056511031763
175.87099999999998 2.852 4.450418853389862
186.873 2.852 5.845660350558384
192.078 2.648 2.724294333924471
228.358 3.674 3.110324528418894
236.58 2.9539999999999997 6.4026527995922216
244.893 2.542 4.615860364706153
287.976 2.75 1.2739056678905485
302.26200000000006 3.467 1.2187584951096304
313.394 2.2359999999999998 5.0625584735326985
325.65799999999996 3.675 1.5000150940537995
336.30800000000005 1.9260000000000002 8.073630150227139
348.76800000000003 2.957 8.12877732077616
365.765 3.06 5.619550922784263
375.513 1.512 0.9375018990324566
384.66999999999996 2.956 3.0606981022280166
390.57899999999995 2.648 1.3290528370107157
399.58400000000006 2.645 3.3364339535000243
406.469 3.161 0.7720603880078012
442.792 2.235 1.1029434108720602
