4.776 3.266 5.587739832994401
13.408000000000001 1.517 0.7565021607726045
26.374000000000002 2.9539999999999997 1.226223298525407
35.268 3.161 3.8048551326919906
42.293000000000006 2.3369999999999997 1.5914942645293955
59.979 2.854 2.0654405624339316
88.171 2.955 0.6043566959560978
102.769 3.058 3.030843066090611
122.055 3.472 3.074313197526803
129.19299999999998 2.336 0.5391514982200816
143.794 2.3369999999999997 2.7959824992566533
152.386 2.647 2.1523808298145397
176.5 2.028 1.3566336963890566
182.82999999999998 1.2080000000000002 0.9696276639986499
189.285 2.543 1.056567929352948
205.25599999999997 3.472 1.7001695967580286
219.885 2.543 1.465309027176795
226.976 2.853 0.5174164329428862
234.811 1.7189999999999999 2.087175629700797
253.39100000000002 2.543 3.439584166183356
265.865 3.2640000000000002 3.8700603316443916
276.98 2.749 2.47418166119294
282.57099999999997 2.958 2.7090422312205247
290.704 1.8250000000000002 3.4830542982853707
316.68199999999996 2.648 2.322036200778768
356.305 2.03 1.7653747964289799
384.069 3.162 4.557132133001587
404.08099999999996 2.75 0.6912969631178669
421.465 3.4699999999999998 4.900668032844565
