21.601 2.029 1.078302993891449
44.178000000000004 2.753 4.191861166064248
53.599000000000004 2.233 1.1000380607882432
60.683 2.75 2.8177175615152414
70.399 2.336 4.491926934505482
76.21 1.721 0.43470132664461675
96.29100000000001 2.441 3.0960482646235126
103.677 2.955 2.3872413987660854
113.60700000000001 1.9249999999999998 3.0525781316161633
127.797 2.135 0.3912311941713386
138.399 2.233 0.8826873971831896
156.67899999999997 2.955 0.6260917633477759
170.59699999999998 2.439 2.430711530368932
180.791 2.542 1.6132293317734712
227.986 2.5469999999999997 2.40897646263152
247.512 1.722 0.647826828226054
255.28400000000002 2.75 4.148391034474601
269.884 2.853 3.417849100334114
275.27900000000005 2.955 1.5697591995527846
285.487 2.647 0.9261575305674722
291.48600000000005 2.748 3.1177833308307736
308.591 2.544 0.9478925955351786
348.065 3.4699999999999998 2.6655720986877727
378.92999999999995 1.2060000000000004 4.53539706463346
390.596 2.44 0.7130320265607356
397.688 2.748 1.8088449289399497
403.96 3.367 3.526524431562611
409.459 3.3689999999999998 2.6873071651363363
423.229 1.1010000000000004 1.6784345291515481
435.17900000000003 2.9539999999999997 1.4435739619248646
