5.42 2.624 0.9244283046254772
11.294 2.832 6.510518144315468
31.403 2.624 2.443962512514411
37.729 1.9980000000000002 2.4819315852386676
44.844 1.5830000000000002 0.4052605439824355
55.728 2.0 0.9081558452521556
61.207 2.522 4.471816176848034
71.25 1.5810000000000004 2.4656591248730533
107.445 1.5830000000000002 1.951915518092161
136.91599999999997 2.312 2.9902510391432524
148.822 2.1069999999999998 5.493879235524284
172.207 2.625 4.498936941456869
188.807 2.728 1.4598685222780512
196.395 2.934 1.4707168327174363
205.87400000000002 0.855 -0.05966568577912497
259.369 1.0610000000000004 0.9786698364044747
282.06100000000004 1.3730000000000002 4.482664482878746
301.762 1.2689999999999997 2.4331142069530065
317.488 0.5430000000000001 1.9681879783460947
324.55699999999996 1.3739999999999997 3.9960416406839636
338.23900000000003 1.7919999999999998 0.9298524569184107
358.71599999999995 2.416 2.9522819688704516
366.11 2.623 5.483030929657121
371.488 3.146 2.9685544270619033
377.3 2.935 0.46492622735921746
383.59999999999997 2.832 4.980135629421536
389.30199999999996 2.73 0.4161088516437621
413.96500000000003 1.2680000000000002 5.99135038474064
425.403 2.83 -0.027120764575450648
435.99800000000005 2.935 2.471083278227124
442.30600000000004 2.727 3.482298033195376
