4.584 3.468 6.589522035833926
11.266 3.4690000000000003 5.651470104372324
19.846 3.779 4.964982062504031
29.253 3.472 5.285385544022078
83.055 3.676 7.653355909152506
90.96800000000002 3.2640000000000002 7.527573965497456
110.47 3.266 9.609560639580469
124.058 3.4690000000000003 9.449358896581165
131.355 3.573 4.633317303299651
138.356 3.471 6.394900491936899
154.05299999999997 3.675 7.779137852069585
174.76699999999997 3.2640000000000002 4.9994018622018
179.953 3.778 7.813557650658308
198.76899999999998 3.3659999999999997 5.983134862493175
204.37599999999998 3.16 8.065121537960708
209.361 3.367 7.93933959306897
231.65800000000002 3.471 8.099541337073948
248.05300000000003 3.676 10.101427140506381
254.05 3.779 8.431206096168761
260.78900000000004 2.44 8.671508708665547
283.467 3.3659999999999997 6.715303977158071
293.961 3.574 7.161489406203201
303.159 3.471 7.573255039587938
308.351 3.779 6.108916806979343
323.05999999999995 3.4699999999999998 7.413053293283154
330.755 3.675 10.673394514723478
345.072 3.058 5.331066620454339
351.57 3.16 7.607674834872488
369.673 3.263 4.839200115278923
398.56699999999995 3.2640000000000002 8.957492397139077
405.863 3.368 10.021326269832157
435.76199999999994 3.4699999999999998 6.269118549770642
