10.057999999999998 3.4699999999999998 24.845311285519006
17.666000000000004 3.263 23.265707631048365
35.369 3.2640000000000002 20.17512843378109
55.702000000000005 2.234 11.778977812898578
79.363 3.263 20.20944249194894
97.968 3.159 11.813291867758823
111.85799999999999 3.471 17.960136208766002
117.155 3.675 23.334335744284267
130.857 3.676 19.53973986422363
143.493 2.4419999999999997 14.234168440287249
149.404 2.1319999999999997 12.723192897728161
157.39900000000003 2.028 10.26800226975298
170.964 3.263 19.402483633619816
183.061 3.266 12.551622609149218
208.673 3.057 13.461523641494308
216.78799999999998 2.543 17.153177350056062
231.68 2.854 11.074961129258693
248.386 2.543 11.916234042530538
253.55900000000003 3.4699999999999998 20.982087288732355
260.302 1.927 11.040647070316094
264.764 3.2649999999999997 12.654564782994509
271.87700000000007 2.852 17.221805464040077
291.78400000000005 2.645 11.984862157204255
301.093 2.336 22.561690947762308
314.092 2.339 25.583642028306365
321.69 2.543 14.062598152131477
327.379 2.955 15.539259636240207
342.503 2.0269999999999997 9.495357471678917
351.59499999999997 2.235 10.336630385607288
373.39000000000004 2.34 15.607887750238751
387.363 3.368 18.801409120009264
394.67199999999997 3.059 11.8819199864985
425.88300000000004 2.851 12.757506955920727
433.18399999999997 3.0519999999999996 12.620250724716373
442.077 2.9539999999999997 11.950548099324816
