10.790000000000001 2.8369999999999997 22.08135000478657
30.785 3.044 22.907467339094868
39.401 2.629 13.060728521965704
44.489 3.043 19.631570513357506
57.989000000000004 3.044 21.259994755491924
62.888999999999996 3.146 27.830836743743017
68.69300000000001 2.942 13.084538952599113
91.40499999999999 2.423 15.520032182850914
96.16999999999999 3.3579999999999997 18.81497734929787
102.16199999999999 3.566 24.554939921291847
108.28999999999999 2.938 11.422780112026986
139.296 2.7350000000000003 18.805453177715492
144.57999999999998 3.252 22.08611208969454
159.031 2.004 13.065490609092645
174.973 3.356 21.279043096883992
208.01500000000001 2.315 12.2441353593479
216.689 2.941 14.722487364649858
224.082 3.148 13.891607942725148
242.085 3.148 11.432304283295355
251.895 2.939 17.16274268165297
276.99899999999997 2.732 13.882083770576488
283.745 1.4860000000000002 13.079776866751402
301.51300000000003 2.419 12.248897446235341
313.277 3.254 25.366770998199545
352.706 2.529 13.07501477966518
357.972 3.46 20.46244993528596
362.967 3.565 25.376295171747852
377.581 3.251 13.91065628704632
405.701 2.732 17.153218511104555
413.497 2.836 27.014243584919022
423.41600000000005 2.217 15.543842614370359
429.886 3.147 13.089301038299952
435.285 3.149 13.905894201774153
441.885 3.149 13.896370030450209
