4.051 4 0.032799699331454
10.734000000000002 4 -0.375040127423661
19.636 4 -0.37564754480526996
28.734 4 0.379002846992344
34.834 4 -0.445939349690878
41.033 4 -0.46305533675158894
50.934 4 -0.49827157450969894
59.733999999999995 4 -0.41297090566087
66.734 4 -0.41584644698487394
75.134 4 -0.202220757365273
82.734 4 -0.4944970057379
90.235 4 -0.401059446929536
95.734 4 -0.499918936383946
103.135 4 -0.46034979940312
109.735 4 -0.499768003820734
117.536 4 -0.36742214079076596
123.537 4 -0.499967556891508
130.935 4 -0.45435864911923496
137.835 4 -0.49913692459146297
147.535 4 -0.455932698277323
153.735 4 -0.49972122797825
163.336 4 -0.49539087868286996
168.93599999999998 4 -0.290840845554097
174.03599999999997 4 -0.452731156317534
179.736 4 -0.461929896900789
187.43599999999998 4 -0.499353008824814
192.93599999999998 4 -0.499999840813457
198.136 4 -0.45460051101907395
203.53599999999997 4 -0.49989950455801
208.736 4 -0.49800955573935596
213.92 4 -0.499912755359627
219.821 4 -0.499420498609544
225.422 4 -0.022254478739347997
231.123 4 -0.48593599241655105
238.72400000000002 4 -0.499921860701425
247.726 4 -0.499988728189992
253.827 4 -0.499903129798121
259.228 4 -0.498150323393936
266.829 4 -0.49466502648127003
275.031 4 -0.499739529082036
282.832 4 -0.457681064603431
287.83299999999997 4 -0.499996600259868
293.534 4 -0.397735051058121
302.638 4 -0.49793521231080395
308.121 4 -0.497609083619147
317.022 4 -0.4999995583416071
322.522 4 -0.499710797270294
330.42400000000004 4 -0.499998535675258
336.025 4 -0.39722285996978
344.126 4 -0.379593652514283
350.727 4 -0.273001191444619
360.029 4 -0.49992467953399
368.931 4 -0.238086928027239
375.032 4 -0.24512770143878798
380.032 4 -0.464340666851771
386.23400000000004 4 -0.499969687239391
391.335 4 -0.278425289204359
397.836 4 -0.4993325332766671
405.223 4 -0.49999578522689797
412.12300000000005 4 -0.466783305713136
417.92199999999997 4 -0.498070537259997
427.224 4 -0.44402924604686794
435.226 4 -0.48314737082375503
441.027 4 -0.45745488265875606
