4.035 4 -0.19291537398018
9.535 4 -0.49999998583141997
16.933 4 -0.499999892805687
26.233 4 0.005083463108629001
34.633 4 -0.49999729795938797
40.434 4 -0.4946807070283571
47.333999999999996 4 -0.338515790911015
53.934 4 -0.494387226768691
61.534 4 -0.272619610666276
67.234 4 -0.49979070026323796
72.434 4 -0.093002223503836
78.634 4 -0.499998206887974
87.53399999999999 4 -0.41888890601985296
97.134 4 -0.4962682426047129
102.235 4 -0.49765048108820903
111.337 4 -0.499991116674086
116.838 4 -0.499999952793469
125.035 4 -0.26551746315751396
130.535 4 -0.49999882582325705
136.535 4 -0.461609390451861
141.935 4 -0.4999027030140421
147.535 4 -0.499675901776693
155.435 4 -0.48154108272596
161.135 4 -0.49761902614579
170.236 4 -0.4999939456053089
176.735 4 -0.49953114750149197
182.33599999999998 4 -0.497487251630552
189.736 4 -0.268022556788107
197.83599999999998 4 -0.4884672188230921
207.737 4 -0.499782014664872
215.338 4 -0.49997000619355997
225.023 4 -0.38121216844148903
230.524 4 -0.49446113982571294
236.725 4 -0.44249896557096
241.726 4 -0.474173125162383
246.92700000000002 4 -0.498906528581964
253.028 4 -0.499999199746575
258.22900000000004 4 -0.491676852243552
264.03 4 -0.49926435631518
270.731 4 -0.49998679102291704
277.632 4 -0.44321716193745503
282.633 4 -0.49841868729430794
290.437 4 -0.499518159184399
299.421 4 -0.499999894225161
305.02099999999996 4 -0.27038908524113303
312.422 4 -0.499999990471362
320.224 4 -0.499244494504812
326.324 4 -0.49965815719863305
332.926 4 -0.41883839435314796
340.527 4 -0.4595654461576679
349.829 4 -0.491786162647964
357.53 4 -0.49843959447186104
363.731 4 -0.482947132788364
371.73199999999997 4 -0.499849429518131
377.833 4 -0.181307026773356
386.735 4 -0.49999825406249204
393.722 4 -0.498353159175831
399.12199999999996 4 -0.3310695534839
404.222 4 -0.275071122790847
410.12199999999996 4 0.44466375811956604
415.82300000000004 4 -0.482017981790844
424.725 4 -0.499784900620856
432.226 4 -0.498891870702687
441.028 4 -0.499274090688327
