4.048 4 -0.4999992103435779
9.53 4 -0.49999997864934703
15.630999999999998 4 -0.4999909974629261
21.331 4 -0.47244208654692
27.430999999999997 4 -0.38114122867042294
32.832 4 -0.499779089997008
41.934 4 -0.497553197237824
50.836000000000006 4 -0.499999759811615
60.531000000000006 4 -0.46258160781750607
68.131 4 -0.09958326309161
74.332 4 -0.49952485859611206
82.031 4 -0.329189773186713
87.53200000000001 4 -0.460079508401572
93.73200000000001 4 -0.260697959532571
98.934 4 -0.498950061179944
104.73200000000001 4 0.0017509993298770001
113.632 4 -0.49999736904660796
118.83200000000001 4 -0.49968463938625796
124.23200000000001 4 -0.49949178249255205
129.233 4 -0.49999995215996795
139.134 4 -0.33670258803483
144.335 4 -0.473835602660174
152.333 4 -0.499999995747439
160.533 4 -0.496463718223573
166.233 4 -0.487673877898324
175.13299999999998 4 -0.416827830020914
182.033 4 -0.49211092801129797
189.433 4 -0.499931894102673
196.13299999999998 4 -0.499980619159775
203.93400000000003 4 -0.49467712104437606
209.733 4 -0.499970795271147
215.334 4 -0.33293281474188297
220.93400000000003 4 -0.461584370601426
227.03400000000002 4 -0.49999123430667103
233.03400000000002 4 -0.334779610380769
240.636 4 -0.488159296929605
246.137 4 -0.4620984935278521
253.63400000000001 4 -0.417838711536116
260.23400000000004 4 0.327293422440231
267.834 4 -0.49949850896897396
275.73400000000004 4 -0.49189404918056195
283.834 4 -0.499955401452891
288.937 4 -0.420853947943966
294.035 4 -0.10596680722005197
299.935 4 -0.498396416081039
306.535 4 0.184194432914898
315.335 4 -0.487835115666375
323.135 4 -0.49930300034482705
331.535 4 -0.49995774579001
340.837 4 -0.267901824407934
348.23800000000006 4 0.0015816200212370002
355.63599999999997 4 -0.499986434125955
361.836 4 -0.49985533139933896
370.93699999999995 4 -0.44103691675106504
376.436 4 -0.499932795905067
385.728 4 -0.49621835264347597
391.329 4 -0.08978094702644501
400.33 4 -0.499505146461678
406.031 4 -0.47452323437525196
412.533 4 -0.38533497570975
422.13699999999994 4 -0.499994025777544
429.037 4 -0.4983310958260971
434.02 4 -0.499933685767326
441.02099999999996 4 -0.499998810066089
