4.051 4 -0.310448367538291
13.335999999999999 4 -0.49769838450761295
18.822 4 -0.38846861971063895
26.421999999999997 4 -0.467184859086202
31.522 4 -0.49995260360640703
39.424 4 -0.136762536897988
47.825 4 -0.499996467880101
55.226000000000006 4 -0.44273383556393
60.927 4 -0.350452739420964
65.928 4 -0.498162128443764
71.829 4 -0.49382252873094795
80.831 4 -0.3953806956696021
86.33200000000001 4 -0.468181928716725
95.23299999999999 4 -0.239652202236575
100.334 4 -0.499982055094195
108.13600000000001 4 -0.49951820013995
113.723 4 -0.42441328085704705
119.42399999999999 4 -0.44379985703360103
126.324 4 -0.49054736672397703
134.024 4 -0.452872350475914
141.025 4 -0.49136802649423494
147.626 4 -0.499990482974524
153.02700000000002 4 -0.264165045596837
160.628 4 -0.48731750453028605
170.53 4 -0.48746645819809997
178.03099999999998 4 -0.316493334270273
183.832 4 -0.497605057329752
189.933 4 -0.11813904225985
199.035 4 -0.498355834354414
204.236 4 -0.060754283496771
209.725 4 -0.49949259477147706
216.625 4 -0.499995052245794
225.92700000000002 4 -0.499741347652982
230.926 4 -0.4987780346971621
237.125 4 -0.41924635780590297
243.226 4 -0.49866090831673
248.42700000000002 4 -0.499024456640483
254.93 4 -0.243469932724833
261.629 4 -0.474931966543689
266.83 4 -0.499376878693556
275.732 4 -0.421581913914066
285.33299999999997 4 -0.45843769789651295
290.936 4 -0.498753478754196
296.535 4 -0.4886411929632679
304.32599999999996 4 -0.48771062774027296
311.726 4 -0.47635181425009104
317.726 4 -0.19141195800804298
323.927 4 -0.20650220374183104
332.12699999999995 4 -0.49992867215879405
341.227 4 -0.496842220994542
346.931 4 -0.49982113314062604
352.32800000000003 4 0.11531077576085301
358.129 4 -0.48756453933846206
364.731 4 -0.49965600411470895
370.93300000000005 4 -0.18284711726157102
378.333 4 -0.499364349131527
383.834 4 -0.499902057919247
391.435 4 -0.499869734567295
400.32800000000003 4 -0.49993360882705395
406.42800000000005 4 -0.3593478459374829
416.12800000000004 4 -0.023186639612596004
424.12800000000004 4 -0.49996616408752703
432.92900000000003 4 -0.105837871282104
441.028 4 -0.14135746516913597
