5.196 2.853 -0.499351567791776
13.768999999999998 3.162 -0.493699017903474
22.157999999999998 3.573 -0.499537009728311
30.177 2.955 -0.45763686871654896
38.997 2.237 -0.305501434905878
44.501 2.234 0.11058475727519301
51.581 2.955 -0.49995165001191205
58.400000000000006 2.131 -0.467811260735778
67.173 3.058 -0.498322808352675
72.479 2.853 -0.47795254876480797
81.79 2.4419999999999997 0.055841832849034004
87.185 2.647 -0.028153668258528
93.595 2.3369999999999997 -0.49647082045188895
100.412 1.7200000000000002 -0.256909520285739
105.186 2.646 -0.38445910737221206
112.20100000000001 2.231 -0.39158934968036896
116.463 3.471 -0.49999816371082395
123.89900000000002 2.133 -0.045985051480834996
129.19 2.543 -0.4939436332749221
137.57 3.2640000000000002 -0.49987482188149795
144.098 2.237 -0.499811624184516
152.91699999999997 1.616 -0.439871954597966
157.293 2.44 -0.308603421557528
162.173 3.06 -0.46997232164257197
170.69299999999998 2.44 -0.476626509069895
179.583 2.85 -0.49323363090858
188.402 2.031 -0.43873626377083397
192.683 2.75 -0.49997486312106604
198.507 1.9260000000000002 -0.46756249860371096
205.38000000000002 2.754 -0.498289120101585
213.478 3.056 -0.4975569875343811
221.592 2.542 -0.444847195240397
228.086 2.748 -0.46938664456897206
235.267 3.368 -0.4988021074786
245.28199999999998 2.955 -0.493098427570327
252.692 2.4419999999999997 -0.3569227579460061
257.689 2.645 -0.322387769907365
264.301 2.233 -0.495311412220071
273.583 2.852 -0.49742742132107304
279.173 3.161 -0.49868728546143204
288.16499999999996 3.4699999999999998 -0.4950633403289749
293.565 3.4699999999999998 -0.499987189380887
299.48400000000004 2.751 -0.21061585704989103
306.601 2.234 -0.49993227309187704
312.593 2.4419999999999997 -0.178517305374142
320.09 2.545 -0.481975088884945
325.07 3.365 -0.49990883641660205
333.202 2.233 -0.41313019282574
341.485 2.852 -0.36173846188972203
349.5 2.441 -0.46878991167535
355.918 1.6180000000000003 -0.355449477324695
363.581 2.955 -0.493573053600808
371.303 2.133 -0.417755183534285
376.384 2.852 -0.49982811818179707
381.67099999999994 2.956 -0.48818495892866204
391.28900000000004 2.44 -0.366417345745019
397.2 2.13 -0.04104261538615
402.487 2.544 -0.49747803407339497
410.193 2.339 -0.49540346335491603
417.49100000000004 2.4419999999999997 -0.325278859403208
423.907 2.13 -0.49664840333982796
430.917 1.62 -0.050918441041075
436.656 3.2640000000000002 -0.49963771971685794
441.85999999999996 3.161 -0.499999304776147
