6.629 1.4180000000000001 -0.458138898163409
11.379999999999999 2.855 -0.187114680796552
20.982 2.5469999999999997 -0.49801010837746895
28.168 3.161 -0.36344058897174797
34.483000000000004 2.5460000000000003 -0.39542476751184
43.174 2.855 -0.48622235655067203
50.302 1.827 -0.34796643957636697
55.684 2.646 -0.33374970474754495
63.86 3.37 -0.49509788296813795
69.361 3.4690000000000003 -0.49948685926956804
75.061 3.4690000000000003 -0.49873312943655
84.19200000000001 2.339 -0.480184531898625
92.782 2.65 0.008785787043749
97.579 2.854 -0.475049354464161
103.794 2.34 -0.40012016190577
109.087 2.5490000000000004 -0.437376657318396
119.50200000000001 1.7280000000000002 -0.45486451626441904
125.70100000000001 2.03 -0.470014275620353
133.573 2.958 -0.34072170564089194
141.284 2.65 -0.49308566605696097
149.177 2.854 -0.06936916092289
159.298 1.8330000000000002 -0.275375814965211
163.559 3.472 -0.45469340666516295
172.62299999999996 1.008 -0.427204100126582
177.76299999999998 3.268 -0.49741238474344396
186.709 1.7230000000000003 -0.015673058229197
192.50099999999998 2.032 -0.12241371880359299
202.91400000000002 1.5210000000000004 -0.265628049652277
208.18800000000002 2.444 -0.49188414924397794
214.906 1.7260000000000004 -0.333199652612105
220.88000000000002 2.652 -0.44986672357063795
227.513 1.5189999999999997 0.099817168523533
238.281 2.751 -0.049968355923935996
246.183 2.75 -0.49142808504268604
254.477 2.855 -0.451163254764898
259.47200000000004 3.061 -0.44205913496989896
265.17699999999996 2.956 -0.21595701341033302
272.69599999999997 2.137 -0.210317905345779
278.00600000000003 1.9289999999999998 -0.25632174288175896
285.87100000000004 3.162 -0.477925576771055
292.39799999999997 2.136 0.112975126175122
300.888 2.548 -0.494677502456378
305.967 3.266 -0.461332978232432
312.198 2.135 -0.271238232598214
319.69 2.443 -0.41084416096492893
324.78599999999994 2.5469999999999997 -0.49002515262798896
329.96700000000004 3.166 -0.49345412181409204
339.463 3.371 0.0018951792172439998
347.166 3.368 -0.10279098294096099
353.456 3.678 0.235430892827004
359.68 2.854 0.14512201803524802
365.796 2.338 -0.43234294330688106
372.367 3.367 -0.489465732959284
382.49 2.544 -0.42142125251459295
389.992 2.543 -0.07034058892669001
397.48799999999994 2.648 -0.169066595383921
405.60300000000007 2.135 -0.45701918989286
412.706 1.9289999999999998 -0.21903017516236498
416.874 3.161 -0.381797314495823
423.615 1.62 -0.156747752485116
430.07 3.365 -0.463862839384642
436.886 2.649 -0.317898606543393
442.178 2.857 -0.485452798328332
