4.587 3.456 -0.48270983525568895
10.563 3.664 -0.49948641472782107
19.066 3.5620000000000003 -0.46026602327408
27.172 3.458 -0.49754276816917703
33.079 3.3520000000000003 -0.13851684665589498
38.57 3.5620000000000003 -0.336328424917548
45.468 3.665 -0.49999431814600603
53.471 3.5629999999999997 -0.498199297899313
61.48500000000001 2.936 -0.49929883368609
70.90599999999999 2.415 -0.49633635916520796
77.156 3.666 -0.499930914418911
82.46900000000001 3.354 -0.40368408032255104
88.963 3.561 -0.412400869762728
98.375 3.25 -0.471296278572998
104.159 3.667 -0.49991386975619106
113.47999999999999 3.248 -0.230373584214864
122.26 3.77 -0.4999438344042079
127.761 3.77 -0.49969769124925606
136.762 3.77 -0.499954338279011
144.877 3.457 -0.43583068600003005
154.556 3.666 -0.499757505977204
160.569 3.3529999999999998 -0.22771135021349198
168.06500000000003 3.457 -0.499944586231234
174.756 3.666 -0.499963374755216
183.762 3.5620000000000003 -0.3956436238325539
193.357 3.668 -0.49986968878345794
199.178 3.248 -0.49705928977718605
204.57000000000002 3.457 -0.162262890843264
210.18 3.248 -0.495497334658016
217.988 3.042 -0.499536468775409
222.97099999999998 3.56 -0.446520132440411
229.067 3.665 -0.478816497639717
237.272 3.561 -0.48725542417056
244.67000000000002 3.564 -0.32179657509925896
251.259 3.564 -0.485709315151102
256.259 3.665 -0.499894057619406
265.161 3.5629999999999997 -0.49778596410440795
270.25800000000004 3.666 -0.4785352435306379
278.458 3.666 -0.49995494950855895
284.673 3.3520000000000003 0.009687295349509002
290.065 3.561 -0.49999913036853405
299.26800000000003 3.459 -0.49063474907065896
304.368 3.56 -0.499044592804544
312.068 3.5620000000000003 -0.49980017495216206
317.16499999999996 3.666 -0.49999838153657705
323.475 3.457 -0.487084735592612
329.97200000000004 3.561 -0.49701950833477104
335.561 3.773 -0.49998681650846505
340.668 3.667 -0.496286834457519
345.863 3.5620000000000003 -0.493203067882604
355.26800000000003 3.457 -0.250443864558268
360.559 3.666 -0.49387313247869497
368.15999999999997 3.665 -0.440330898516692
377.759 3.666 -0.37316076130871706
383.86 3.666 -0.499975793019684
390.275 3.3520000000000003 -0.484160644152718
395.66 3.668 -0.48247934784981295
402.56200000000007 3.667 -0.496698560053262
408.06 3.77 -0.494877751789786
413.561 3.77 -0.209699778974155
419.875 3.457 -0.4994450473755279
426.37600000000003 3.457 -0.34666338877499603
433.96999999999997 3.665 -0.434192908270873
441.568 3.458 -0.3840947962571671
