5.597 2.439 -0.47370805911279
10.878 3.057 -0.49993452646834
21.608 2.028 -0.49999968921738
27.292 2.545 -0.49981790216996796
35.296 2.339 -0.498738037503132
44.094 2.846 -0.499999999999249
53.396 2.439 -0.49999982292274997
60.584 2.851 -0.499999999816524
70.502 2.233 -0.499999999999414
75.495 2.441 -0.4999984234704679
81.493 2.542 -0.3682941505284771
90.60000000000001 2.536 -0.049446913700296
96.296 2.44 -0.499999999749076
104.29700000000001 2.339 -0.49999999311869203
112.15199999999999 3.367 -0.499999999227086
122.08500000000001 2.336 -0.49363107755005897
127.999 1.924 -0.49999514388778
132.793 2.13 -0.498602711872887
137.976 2.647 -0.49995089998088793
145.09699999999998 2.128 -0.479392667580441
149.979 2.647 -0.49920337651314795
157.804 1.823 -0.499979543325863
162.91199999999998 1.7160000000000002 -0.49968044981386206
169.86800000000002 3.161 -0.499999997766001
175.68599999999998 2.544 -0.465244585339041
180.892 2.439 -0.499998979811204
188.48799999999997 2.645 -0.45475408036293996
195.371 3.1630000000000003 -0.498207566552864
202.711 1.9260000000000002 -0.24535973188950502
208.52 1.617 -0.19520736181215398
214.293 2.028 -0.48386856292205893
220.702 1.819 -0.342226585345977
227.98 2.543 -0.499999996079179
237.27 2.854 -0.49999893990985705
247.509 1.717 -0.499988344126236
254.456 3.572 -0.499999999997685
263.999 2.13 -0.48063855413236795
269.87800000000004 2.852 -0.499999999888591
276.102 2.129 -0.49999685755520895
285.695 2.438 -0.499984059276295
292.00800000000004 2.226 -0.49999999985702903
297.702 2.234 -0.400162428057557
302.38100000000003 2.955 -0.497642238854585
308.168 2.9539999999999997 -0.49999091725756706
315.259 3.263 -0.49295197544990793
322.392 2.131 -0.4999241262000921
328.93399999999997 0.6889999999999996 -0.148740639811988
334.60699999999997 1.718 -0.4995630284923
342.311 1.6150000000000002 -0.49612299952720595
350.735 0.7919999999999998 -0.49999999058899497
356.0 2.028 -0.49074442091946796
360.672 2.957 -0.47202892378584005
368.28099999999995 2.85 -0.300126671788299
377.389 2.7439999999999998 -0.49999999999981
385.39300000000003 2.441 -0.49999056201879705
392.24 0.7949999999999999 -0.49999784390983393
397.789 2.647 -0.499999993542939
404.265 3.059 -0.49999999999330996
410.176 2.648 -0.49999999463781203
416.904 1.7200000000000002 -0.264230694696512
423.016 1.3080000000000003 -0.499999811288282
429.67199999999997 2.853 -0.483248203079072
435.686 2.44 -0.499999955203318
442.691 2.336 -0.484264735143909
