4.053999999999999 4 -0.323248649644734
10.135 4 -0.499738100676667
18.335 4 -0.31974237957346197
23.436 4 -0.311228716728546
30.037 4 -0.46650533384917403
35.738 4 -0.46828970049628205
42.43600000000001 4 -0.213352514190161
47.93600000000001 4 -0.488780229243094
53.736000000000004 4 -0.31969195155543295
59.736000000000004 4 -0.49697166795827097
68.836 4 -0.46753651612599606
74.536 4 -0.49946023018341296
81.529 4 -0.49411729752358
87.23 4 -0.21342228507112
96.132 4 -0.493826728417769
105.03299999999999 4 -0.44136116215072707
114.037 4 -0.224782854995328
120.62 4 -0.43530426932383903
128.321 4 -0.194902024407844
135.222 4 -0.48252772575114294
140.82299999999998 4 -0.499709185911008
146.924 4 -0.49911234689811795
153.825 4 -0.32675001810423904
163.42700000000002 4 -0.3853790101690271
170.828 4 -0.49709128582027207
178.23 4 -0.48886956062407205
187.53099999999998 4 -0.39930794845983
195.333 4 -0.4007626191516379
202.734 4 -0.09043704340461399
210.53799999999998 4 -0.38861996248730896
215.72099999999998 4 -0.498186470335704
220.722 4 -0.205087439366305
225.822 4 -0.48913335650995704
231.622 4 -0.437707528716931
236.82299999999998 4 -0.38455604496222706
246.725 4 -0.304960805546379
256.427 4 -0.334706297380358
265.328 4 -0.46265382928726
272.93 4 -0.08259510261297799
279.431 4 -0.49702009261454605
287.432 4 -0.3909978147078
293.633 4 -0.489046118866125
299.034 4 -0.46597795363576294
305.235 4 -0.48921990695836404
314.02299999999997 4 -0.44268566567923406
321.923 4 -0.494699248852721
331.023 4 -0.496718637933166
336.024 4 0.32442190709244895
344.126 4 -0.434813369922416
349.62699999999995 4 -0.060908777606464
357.12800000000004 4 -0.481529262264718
364.72900000000004 4 -0.49909789142597993
370.63 4 -0.4819638531413689
376.231 4 -0.23118603625718698
382.43199999999996 4 -0.498353299851864
388.033 4 0.21664718997285898
393.534 4 -0.38941757897790996
401.936 4 -0.465183304401616
411.224 4 -0.49950994200561205
418.825 4 -0.07083823306504201
424.224 4 -0.10211307195699601
429.425 4 -0.080627907613834
434.925 4 -0.4677894791692229
441.026 4 -0.49020348976944106
