4.787 3.263 -0.32954972117896897
10.66 3.572 -0.47478597924074395
17.16 3.573 -0.163306735501716
24.962999999999997 3.574 -0.49040365341395
30.868 3.4690000000000003 -0.4723951795628689
39.647 3.574 -0.257313374469538
47.656 3.3659999999999997 0.265761162522263
55.054 3.4690000000000003 -0.495779474306373
59.84499999999999 3.779 -0.4990588345722129
65.96199999999999 3.263 -0.166761253243565
72.664 3.162 -0.397195205191686
77.25 3.777 -0.49846316755570896
86.75699999999999 3.572 -0.4841758335977229
95.554 3.676 -0.071589580975816
101.56599999999999 3.367 0.042795376110154
110.88099999999999 2.852 -0.46179709975508004
115.661 3.573 -0.49986366506009206
122.857 3.778 -0.49979065841967607
128.645 3.677 0.351409692423118
134.14600000000002 3.676 -0.48488428469763106
140.15500000000003 3.367 -0.489149872213764
146.54799999999997 3.675 0.391331156396058
155.85399999999998 3.4699999999999998 -0.49756787030972793
165.45800000000003 3.4690000000000003 -0.26998409586218397
173.254 3.573 -0.47516433692703297
179.958 3.471 0.340234998632856
184.752 3.677 -0.471118547775104
192.253 3.778 -0.499867828075516
198.874 3.258 -0.16513218390703
203.556 3.677 -0.15283908877990804
209.96200000000002 3.472 -0.499449937893899
219.761 3.574 -0.437257593082734
228.05999999999997 3.263 -0.48881190345336206
233.85699999999997 3.3659999999999997 -0.279381769678036
241.85099999999997 3.472 -0.49025513833275497
246.952 3.572 -0.4274958274475829
252.247 3.778 -0.498532925350036
257.247 3.779 -0.35233374348216207
262.962 3.2640000000000002 -0.27543112058717895
269.952 3.676 -0.49994971128714005
278.462 3.367 -0.172004511487884
283.655 3.675 -0.4381633721775371
292.26300000000003 3.4690000000000003 -0.482921822001413
301.358 3.675 -0.47440200878936206
308.36 3.675 -0.495907838516649
316.063 3.573 -0.48406138271557203
322.849 3.676 -0.45760230614944103
328.347 3.778 -0.489637979214811
334.447 3.778 -0.499073303820361
344.146 3.779 -0.49911539168113
353.455 3.5709999999999997 -0.34542729548392104
359.554 3.573 -0.4597686693174621
366.27000000000004 3.058 -0.056337008657387
372.94900000000007 3.7800000000000002 -0.496032314179017
378.96299999999997 3.367 -0.460641026153285
385.453 3.778 -0.49859952123529605
394.458 3.675 -0.069584187057315
400.052 3.882 -0.49333120660468804
407.96 3.675 -0.436825580864198
413.35 3.676 -0.499784065318675
420.846 3.7800000000000002 -0.43446548055880896
429.844 3.782 -0.493533549543757
435.847 3.779 -0.499029215450634
441.35200000000003 3.674 -0.430562818624048
