4.046 4 -0.402377583466752
12.936 4 -0.3894705419440229
21.129 4 -0.35186359487014
27.329 4 -0.46051797160948404
33.129 4 -0.493698930691384
38.329 4 -0.07146250024355401
47.629 4 0.060408707427425996
57.33 4 -0.42041215364921103
66.229 4 -0.494362897631051
71.43 4 -0.47570345472896003
80.331 4 -0.4804849015902779
86.03200000000001 4 -0.18762044740559
94.834 4 -0.48490923329314095
102.935 4 -0.24650718730387502
108.63 4 -0.49404009790198294
114.73 4 -0.496070664633649
122.33 4 -0.300061224421331
130.131 4 -0.48707373202846793
135.73 4 -0.22252952446518104
144.731 4 -0.29829438805389197
150.131 4 0.138270032545335
156.83100000000002 4 0.193909804110018
163.731 4 -0.489450614666116
168.731 4 -0.21341826081
174.63099999999997 4 -0.39485796740447904
179.732 4 -0.397331253036781
185.833 4 -0.315730595227253
192.43400000000003 4 -0.417615929942872
198.235 4 -0.134002923648979
205.831 4 -0.377968036247505
212.03099999999998 4 0.13144463749057
218.03099999999998 4 -0.498636901751026
225.832 4 -0.431883343625931
233.732 4 -0.444223552038969
238.732 4 -0.47724254270813504
244.232 4 -0.38270789185114706
250.832 4 -0.228393653746983
256.432 4 -0.48842769050657503
262.132 4 -0.355540844848608
269.632 4 -0.4927690909845979
278.733 4 -0.454113438987401
284.23400000000004 4 -0.451088418843236
291.635 4 -0.18188620030308203
301.233 4 -0.26514157949627104
306.733 4 -0.43468485913664506
316.633 4 -0.284670615805807
324.033 4 -0.118316979792472
332.43300000000005 4 -0.026036268158581
339.833 4 -0.4362879879934461
349.134 4 -0.49910272943643197
357.134 4 -0.493767488064238
362.534 4 0.271826125795307
369.034 4 -0.419601971123658
374.23400000000004 4 -0.087790305270907
380.434 4 -0.461918474621476
386.035 4 -0.40140348017726896
391.536 4 -0.483150633248296
398.537 4 0.275056485817526
403.634 4 -0.260334374253168
412.73400000000004 4 -0.48648680778208897
420.335 4 -0.105014219709814
426.435 4 -0.49905108964797207
433.335 4 -0.074156354733002
441.035 4 -0.483453316916522
