4.777 3.25 -0.499998398053651
9.757000000000001 3.77 -0.49999989657437705
16.377 3.251 -0.499986479522281
22.394 2.936 -0.49154777985117
29.537 1.8939999999999997 -0.483000411903211
34.416000000000004 2.416 -0.499860556193161
43.414 2.519 -0.49913417406845
51.586 3.249 -0.499999251010068
63.569 0.9560000000000004 0.07660884022729901
70.336 1.7889999999999997 -0.40297020787122206
76.529 1.7960000000000003 -0.472235081612651
84.55000000000001 1.4760000000000004 -0.47062381730608205
89.319 2.206 -0.490664446955019
95.417 2.309 -0.44969751545403003
100.30300000000001 2.624 -0.45473894659171404
107.24900000000001 1.4780000000000002 -0.423018784150223
115.31799999999998 2.311 -0.499996006805918
120.414 2.416 -0.481336863123793
125.81500000000001 2.416 -0.499633630799861
131.233 1.999 -0.49999979990135707
140.71399999999997 2.419 -0.23322519338085898
145.50300000000001 2.831 -0.49540113401242897
152.766 3.561 -0.49999997236903204
162.11300000000003 2.414 -0.3789465656759521
167.91400000000002 2.313 -0.49623381834450697
177.336 1.7910000000000004 -0.48675546285968696
182.98600000000002 3.041 -0.289603028330958
190.698 2.729 -0.499924010153666
196.773 3.354 -0.499983476449492
204.57399999999998 3.354 -0.498767222132781
210.793 2.936 -0.49997518819508
217.122 2.208 -0.478204255953822
222.51299999999998 2.418 -0.49408257805186295
228.09400000000002 2.938 -0.499990046144761
234.41 2.623 -0.4812407023982129
242.01 2.625 -0.214224962975877
248.33599999999998 1.7919999999999998 0.038857268654127995
254.378 3.25 -0.48861447455515006
262.432 1.7960000000000003 -0.465928554890209
269.306 2.522 -0.49968563049262604
277.625 2.103 -0.497844524236769
285.10200000000003 2.727 -0.499956577982979
290.30600000000004 2.623 -0.049330414022345004
296.238 1.7910000000000004 -0.372630784329938
300.98900000000003 2.94 -0.499505083350188
307.90599999999995 2.624 -0.44468445166917
317.53599999999994 1.795 -0.49676680115192706
324.19399999999996 2.939 -0.469395695102189
333.743 1.7910000000000004 -0.49607203375679904
341.581 3.248 -0.467625141393634
349.709 2.521 -0.433218462111149
356.07 3.56 -0.49997969758613503
362.478 3.3520000000000003 -0.499920317038024
372.202 2.728 -0.486046934080654
377.183 3.247 -0.49993479826998205
388.249 1.4810000000000003 -0.49823558527586603
392.59999999999997 2.73 -0.41917987005892104
401.705 2.625 -0.49973025173111896
407.094 2.936 -0.136980915293752
415.05199999999996 1.48 -0.146686719341082
423.29800000000006 2.835 -0.4999909960015179
430.61899999999997 2.415 -0.49921673241635395
434.577 3.458 -0.49994405490613797
441.574 3.457 -0.499997594495336
