4.806 3.25 -0.499999999606625
10.578 3.044 -0.401256446977193
16.755 3.568 -0.49999999981484794
23.657 3.667 -0.49999996510494205
30.777 3.148 -0.293993166950157
40.469 3.357 -0.49999999168951204
50.274 3.254 -0.409721917131019
55.663 3.566 -0.49999999997998296
61.084 3.147 -0.499807639823687
67.28999999999999 3.042 -0.22066440316326502
74.76400000000001 3.669 -0.499999050389008
81.798 2.836 -0.31117743687521504
90.595 2.941 -0.45836036040859796
98.376 3.148 -0.474570592784419
107.27 3.254 0.418246541022576
116.68199999999999 2.941 -0.397990408492736
124.293 2.732 -0.447474737239668
130.17100000000002 3.355 -0.49995889292302104
138.366 3.5629999999999997 -0.499998316247122
144.273 3.356 -0.49952782059343004
153.991 2.939 -0.42092115117839396
161.374 3.458 -0.49999911666005
167.394 2.939 -0.299846730051044
174.521 2.42 -0.49999211975125896
180.216 2.318 -0.350371212591455
186.468 3.668 -0.499999797100119
195.77200000000002 3.253 -0.49999805412913106
201.395 2.73 -0.499983257753255
207.46 3.565 -0.4999999996206
215.57299999999998 3.252 -0.49999629093813597
223.95799999999997 3.668 -0.499999997947902
229.77100000000002 3.356 -0.49779394018531004
237.36999999999998 3.3579999999999997 -0.499999830668762
242.26200000000003 3.67 -0.499999999957471
248.165 3.565 -0.499999999998058
253.67099999999996 3.46 -0.499560758401205
259.06600000000003 3.566 -0.499996154321604
266.572 3.461 -0.499999995944375
272.08700000000005 3.147 -0.198306413740805
276.667 3.668 -0.48975835158588105
282.673 3.5629999999999997 -0.499997982456394
291.86799999999994 3.458 -0.49999920749670296
297.363 3.565 -0.499999015411718
306.857 3.669 -0.49999999906843895
313.47700000000003 3.15 -0.4917399094269
319.287 2.839 -0.492031009263812
324.96999999999997 3.356 -0.32587350295318795
332.98400000000004 3.044 -0.499132285150907
339.88500000000005 3.044 -0.499633401822957
348.47499999999997 3.356 -0.49999914804051704
353.266 3.566 -0.499999962486998
360.67 3.5629999999999997 -0.499999999995723
368.367 3.668 -0.49999812325571596
376.491 3.045 -0.49910035308685297
382.17800000000005 3.15 -0.49815824822318705
390.958 3.67 -0.49999999106603205
397.16 3.668 -0.4999979081437229
402.462 3.565 -0.49999956891853203
408.567 3.461 -0.499998254229024
414.77200000000005 3.356 -0.499991528553761
422.372 3.356 -0.49595184954204796
428.28000000000003 3.148 -0.49999999998138
433.988 2.841 -0.49999999919392496
441.67499999999995 3.355 -0.48065766322769893
