4.039 4 -0.49934097183850495
12.022 4 -0.49427888463206
17.623 4 -0.4825229233755589
26.925 4 -0.451626320307379
32.626 4 -0.324797615705377
41.527 4 -0.26290716633575195
49.129 4 0.341114434799627
56.03 4 -0.499938670079127
62.531000000000006 4 -0.392233460918522
68.232 4 -0.49175817003776096
77.03399999999999 4 -0.47462315065218397
82.635 4 -0.499868734600716
88.135 4 -0.47879875722027004
95.92200000000001 4 -0.20686351201024103
101.522 4 -0.44311081284720205
106.522 4 -0.499993057340994
115.624 4 -0.38433527457228994
123.025 4 -0.47190812632682505
128.126 4 -0.37321708775534795
137.028 4 -0.12831817110156402
144.429 4 -0.281275897098306
151.03 4 -0.49994406183547296
156.431 4 -0.48889131245306605
164.532 4 -0.03914550088060201
172.13400000000001 4 -0.490970882772476
181.035 4 -0.106585551750074
187.924 4 -0.353030452140827
193.62400000000002 4 -0.49934909213206896
199.72400000000002 4 -0.245861065745602
204.924 4 -0.49999831784440396
213.324 4 -0.49998213667105496
218.825 4 -0.49779725235185496
224.826 4 -0.298678952992995
233.828 4 -0.10349941059882801
240.02900000000002 4 -0.055670369597357
247.93 4 -0.4689118918076479
257.032 4 -0.497964459598904
263.733 4 -0.499277491569182
269.23400000000004 4 -0.42373930886280997
275.335 4 -0.35140396117889894
280.736 4 -0.499995671809984
288.925 4 -0.265143888677341
294.425 4 -0.49984221278445295
299.625 4 -0.016213503934562
304.625 4 -0.499512131492031
314.32599999999996 4 -0.49940628524638503
320.126 4 -0.49969200174056894
326.027 4 -0.499810333323971
333.728 4 -0.447209559511214
341.33 4 -0.49313070815302706
347.431 4 -0.499827005721016
352.532 4 -0.33770122820080295
358.333 4 -0.48087047031189395
364.934 4 -0.499131614459495
370.135 4 -0.37458422746834097
379.726 4 -0.46683853044413
385.926 4 -0.498165942766266
395.227 4 -0.4865123047141501
402.62699999999995 4 -0.49752366777325197
410.12699999999995 4 0.14954386832914002
417.92699999999996 4 -0.44785161938475
424.12800000000004 4 -0.496738880579885
434.03 4 -0.497554125389693
441.031 4 -0.474314494185486
