4.051 4 -0.41793780633543104
13.334000000000001 4 -0.48902677565461206
20.734 4 -0.497989506628918
26.335 4 -0.45105200299923504
35.436 4 -0.499286393483868
42.13399999999999 4 -0.499971346454947
47.833999999999996 4 -0.49570645294031396
54.035 4 0.167332864915263
61.635 4 -0.498326921243505
69.735 4 -0.49920790146909794
77.235 4 -0.49962978475298797
84.235 4 -0.17008131555059303
92.035 4 -0.498855825428738
98.035 4 -0.499458455714774
103.835 4 -0.49608245798119
108.835 4 -0.48038952916118505
117.63600000000001 4 -0.362674280757997
125.836 4 -0.476519710945627
134.737 4 -0.313070231881284
140.238 4 -0.49996512640585994
147.836 4 -0.48229977102647104
157.724 4 0.032848173175535005
163.136 4 -0.49435188090590904
170.02700000000002 4 -0.41890540177644203
176.22799999999998 4 0.228026318207987
181.93099999999998 4 -0.49074148213521995
187.83 4 -0.45569083496322205
193.03099999999998 4 -0.27914846660507203
199.132 4 -0.49997825888762804
207.13299999999998 4 -0.45623450808797206
213.237 4 -0.499549452641339
220.938 4 -0.498454768884528
226.52 4 -0.05873133795879099
233.12099999999998 4 -0.49678059115349704
239.222 4 -0.42550401054238496
248.324 4 -0.430778183448428
253.425 4 -0.49702474149944
260.026 4 -0.499789459097212
265.027 4 -0.10052695852427
270.528 4 -0.498943299848099
277.029 4 -0.49969579809422904
283.932 4 -0.48783353282551706
289.431 4 0.187438886360485
298.33299999999997 4 -0.437241435665664
307.634 4 -0.339380901627411
316.538 4 -0.21208257448542103
321.722 4 -0.46928342328528905
331.42199999999997 4 -0.25063075201851
338.82300000000004 4 0.081282692142827
344.024 4 0.006786979138445
351.625 4 -0.48383079307155796
360.62699999999995 4 -0.49980796606298106
366.42800000000005 4 -0.4999837071693449
371.529 4 -0.4998921452235471
377.03 4 -0.32842661020357
386.631 4 -0.4868451013998789
394.533 4 -0.41177802480365394
399.936 4 -0.19285351438711
405.535 4 -0.41699840706385605
411.236 4 -0.314948506847699
418.62300000000005 4 -0.14659838270971398
426.423 4 -0.499989842693526
432.62300000000005 4 -0.452217371518277
441.024 4 -0.4998560832632779
