4.0280000000000005 4 -0.49988547910602293
10.927999999999999 4 -0.42416706209557303
16.529 4 -0.296373665386715
25.331 4 -0.384678633354595
34.431999999999995 4 -0.498275963717694
40.633 4 -0.433108459344565
45.833999999999996 4 -0.494897725346163
52.727 4 -0.468752878327487
58.827 4 -0.480631393890303
68.127 4 0.09508573102042699
73.827 4 -0.45344263654574896
81.627 4 0.24787730579163197
87.12799999999999 4 -0.32240894752786897
92.12700000000001 4 -0.446907447283986
101.82799999999999 4 -0.492527375627578
109.429 4 -0.49822223414931
115.03 4 -0.43116382922564
121.531 4 -0.494322028766144
127.53200000000001 4 -0.25362982656428895
133.733 4 -0.182619163851821
142.135 4 -0.494062060974617
151.029 4 -0.488765421513586
160.129 4 0.11995939526953099
165.62900000000002 4 -0.105887928972739
174.52900000000002 4 -0.44618460568084
180.02900000000002 4 -0.39385158820723104
187.829 4 -0.43605309827288896
195.429 4 -0.492976637820715
204.729 4 -0.46533002265301704
210.83 4 -0.08342755960497701
218.43099999999998 4 -0.47229442816224204
225.833 4 0.22707581812861397
232.53400000000002 4 -0.48308961798061
238.035 4 -0.27052286298116396
246.13 4 -0.23052028464094101
251.93 4 -0.49686946006628496
258.53 4 -0.07593715388635901
265.13 4 0.49886052751786103
270.33 4 -0.37671995724925206
275.73 4 -0.49182891666970396
281.531 4 -0.48972303271562895
288.53 4 -0.49762379871344703
296.431 4 0.064903550070167
302.131 4 -0.490760694365956
309.631 4 -0.23652931356046802
315.332 4 -0.47877959639755896
320.433 4 -0.480038767026756
330.034 4 -0.45740925161509405
339.931 4 -0.20245888996564604
346.131 4 0.192293647535897
354.33099999999996 4 -0.47682614824048497
360.43199999999996 4 -0.162795176463293
369.332 4 -0.4074775480402821
375.23199999999997 4 -0.308871659358837
383.23199999999997 4 -0.49954533065260903
388.43199999999996 4 0.027116198286542003
393.832 4 -0.493283805254386
408.43199999999996 4 -0.015095691711183
413.532 4 -0.12717557455606301
420.93300000000005 4 -0.49971284555087203
428.335 4 -0.04949500604286201
433.336 4 0.060615431612532994
441.037 4 -0.436902950066389
