6.6579999999999995 1.3939999999999997 -0.47077470362547397
12.921 2.017 -0.271219931712391
17.898 2.537 -0.053288938474535995
22.787 3.0490000000000004 -0.48566282627064206
28.59 2.947 0.090580631615099
37.353 1.085 -0.40403809672677704
45.614 1.9210000000000003 -0.36258883326685204
52.572 3.363 -0.47016921550942
63.106 1.7289999999999996 -0.49192434748588704
73.331 0.8039999999999998 -0.47583916260850295
82.196 1.8399999999999999 -0.29021084313708695
86.792 3.044 -0.442790527212729
91.689 3.147 -0.496398197818146
99.27699999999999 3.2560000000000002 -0.419710877789704
104.48700000000001 3.149 0.18286992802901503
111.337 1.8989999999999996 -0.264639423079215
118.417 2.42 -0.49059950998442503
123.27699999999999 3.043 -0.27215961945878503
132.079 3.043 -0.41282057816851603
141.01299999999998 2.21 0.17943919632246805
148.721 2.004 -0.227827403755683
158.654 1.1719999999999997 -0.14518741322357598
163.17100000000002 3.356 -0.42426900849734606
170.007 2.4219999999999997 -0.283119105570389
178.685 3.045 0.26747038283040897
186.60799999999998 2.523 -0.43128639592961
192.309 2.423 -0.456772965445498
198.828 2.005 -0.140335580029546
207.00199999999998 2.836 -0.24808624583189998
214.91199999999998 2.526 -0.240038981339872
220.714 2.1069999999999998 0.184023824770339
229.585 2.8369999999999997 -0.168985877527259
235.516 2.0069999999999997 0.390499746015206
240.389 2.835 -0.47429864775170505
245.589 2.836 -0.46560572016517604
250.06900000000002 3.356 -0.381982085196308
257.225 2.002 -0.316736457455767
264.695 2.733 -0.227659617912283
269.066 3.564 -0.275855637782635
275.513 2.3169999999999997 -0.400308755470775
280.984 3.0469999999999997 -0.49358307144472596
288.51 2.523 -0.49759709818269
296.515 2.319 -0.021783055380503995
303.503 2.732 0.29713076168026
308.67499999999995 3.148 -0.231992967673877
317.364 3.3579999999999997 -0.20640277445357003
325.18399999999997 2.939 -0.44016872110316
333.981 3.043 -0.130743432682448
340.707 2.418 0.29369227330246506
348.815 2.2119999999999997 -0.17364819855415803
355.53899999999993 1.588 -0.30039108415538696
359.982 3.147 0.125808639092415
367.103 2.627 -0.479074291072495
373.61400000000003 2.319 0.30052634448268606
381.10999999999996 2.4219999999999997 -0.089290386091225
390.29400000000004 2.94 -0.10075849650358601
395.379 3.356 -0.483429049922878
402.644 1.5910000000000002 -0.45763849028199705
409.388 2.836 -0.037362984888547994
415.57 3.254 -0.44611515951807396
420.96 3.565 -0.473764195408639
427.355 3.669 -0.474822494212357
434.079 3.146 -0.45218633329470204
443.33500000000004 1.6910000000000003 -0.40585562148225107
