4.046 4 -0.49487746026590296
10.23 4 -0.102259709980619
16.730999999999998 4 -0.49546679424585105
24.531999999999996 4 -0.243330429462513
30.333000000000002 4 -0.385075997139666
39.235 4 -0.494485437123898
47.025 4 -0.48764883235053097
54.525 4 -0.042215042194992995
59.625 4 -0.43023266473075106
65.225 4 -0.494063591836159
71.825 4 -0.448011099060036
77.025 4 -0.36426189229919503
86.32700000000001 4 -0.013283203708236001
95.228 4 -0.49864003789367994
100.929 4 -0.498344488242291
109.73 4 -0.017409926229577
115.23100000000001 4 -0.493337522567534
122.633 4 -0.495273350137034
128.334 4 -0.49980556399619497
133.835 4 -0.203996434063475
139.526 4 -0.251257975590322
146.226 4 -0.4817948511084
155.326 4 -0.339457770048049
164.926 4 -0.499082404825404
172.827 4 0.03588917842621799
179.42700000000002 4 -0.480421331295576
184.42700000000002 4 -0.44555900913995505
192.028 4 -0.496115040079104
198.13 4 -0.49670334524753995
203.23 4 -0.497984838765769
209.43200000000002 4 -0.48436747498374
219.333 4 -0.294286396314299
227.334 4 -0.338553392213839
233.227 4 -0.453741575350305
241.327 4 -0.18831760017109198
246.528 4 -0.48307367671316104
252.028 4 -0.43489330093038703
257.028 4 -0.40779705948210404
262.228 4 -0.499466227654392
269.628 4 -0.498835042730309
277.828 4 -0.498080397915166
283.328 4 0.246470077503267
291.72900000000004 4 -0.2862188110969
301.031 4 -0.165070948006055
308.032 4 0.09216143008120001
315.633 4 -0.49998127040942797
322.535 4 -0.37731718348399795
328.129 4 -0.072504374251998
334.22900000000004 4 -0.445902641924519
343.92900000000003 4 -0.475267913501039
353.029 4 -0.4995616071110471
359.129 4 -0.49995224206234795
365.329 4 -0.495988600365225
372.72900000000004 4 0.21403832299141798
378.329 4 -0.14836015427183402
385.23 4 -0.47004544227774797
394.13 4 -0.489060655542118
399.931 4 -0.090543461592998
407.63300000000004 4 -0.499923739766814
413.034 4 -0.491898967773497
420.635 4 -0.39698972238224106
429.63 4 0.043876479385481004
435.63 4 -0.38575527369085794
