4.045 4 -0.437402453451146
9.728 4 -0.49853553741620704
15.228 4 -0.421828611806393
20.428 4 -0.44019868996527595
29.728 4 0.062199799755706
36.729 4 -0.48605736893668194
46.331 4 -0.49847284395615293
54.133 4 -0.023763827536562
59.933 4 -0.380736251075291
65.53399999999999 4 -0.406404746818251
74.62899999999999 4 -0.37272658146704496
84.329 4 -0.47806352739143104
93.229 4 0.35449708354764603
102.329 4 -0.198663717968299
107.73 4 -0.031777477997098
114.63 4 -0.453007134506557
120.63 4 -0.49968955030782697
127.33 4 -0.49989999568292
135.53 4 -0.49703478340025203
140.931 4 -0.393045495910861
149.93200000000002 4 -0.432908543934231
158.834 4 -0.154142405578047
163.935 4 -0.49888288368805395
170.03099999999998 4 -0.237147823541718
175.53099999999998 4 -0.483184727051709
182.93099999999998 4 -0.479599014428222
190.63099999999997 4 -0.49972541947863797
198.231 4 0.25250703144318903
203.43099999999998 4 -0.499828031321002
212.231 4 0.161380542711174
217.43099999999998 4 -0.287342005788166
225.53099999999998 4 -0.46108099282666204
233.13099999999997 4 -0.46519918716235703
239.331 4 -0.413817597586755
244.833 4 -0.127423683338579
250.533 4 -0.496274165919318
257.435 4 -0.498962624132789
263.132 4 -0.084373511346901
272.432 4 -0.260242566261151
278.532 4 -0.493810641594935
284.732 4 -0.48386489268298605
289.732 4 -0.49329306527067995
295.332 4 -0.22893283817201301
301.83299999999997 4 -0.494746064643938
308.033 4 -0.49715634460000896
313.83299999999997 4 -0.498797021179371
321.233 4 0.09829524153818499
326.83299999999997 4 -0.360445371030697
334.333 4 -0.441981195995254
341.93300000000005 4 -0.415801620036795
350.334 4 -0.080354985481108
356.935 4 -0.49984031733542894
364.73400000000004 4 -0.46781452745029206
372.634 4 -0.495119651035565
379.23400000000004 4 -0.419479884208973
388.134 4 -0.48933271275552703
394.034 4 -0.11987687580464698
403.934 4 -0.49678594941401205
409.434 4 -0.31745982453054805
416.834 4 -0.471241536678121
424.834 4 -0.47946477816000393
429.834 4 -0.497484162258702
435.935 4 -0.46433382058884703
441.035 4 -0.49312131014349
