4.043 4 -0.49992361485365505
12.927999999999999 4 -0.49980367238923995
21.129 4 -0.49979772173130105
27.33 4 0.39873522020552704
33.131 4 -0.49909652782416797
38.332 4 -0.47505011393013596
47.63399999999999 4 -0.490477966290285
57.326 4 -0.499925120555345
66.226 4 -0.49910546941978706
71.426 4 0.4835588969818279
80.32600000000001 4 -0.48387778239074797
86.02600000000001 4 -0.352893311301652
94.82600000000001 4 -0.49999845510239505
102.927 4 -0.49861765126056107
108.62799999999999 4 -0.499101009728841
114.729 4 -0.49965867816022796
122.33 4 -0.49946975295288304
130.131 4 -0.49382042953702293
135.733 4 -0.35100986272687607
144.734 4 -0.18428600118200897
150.135 4 -0.4744374434637679
156.827 4 -0.436234880166291
163.727 4 -0.49999941084631705
168.72799999999998 4 -0.498596883265075
174.627 4 -0.49980464700845
179.72799999999998 4 -0.499923233721361
185.828 4 0.182131363549213
192.428 4 0.062230308984541995
198.22799999999998 4 -0.4963290547139829
205.828 4 -0.49980170854228495
212.02900000000002 4 -0.43770463523131
218.03 4 -0.499951807668248
225.832 4 -0.49992623032313005
233.733 4 0.27192678280869503
238.734 4 -0.49999592871168
244.235 4 -0.05363670152537099
250.829 4 -0.435337578824692
256.42900000000003 4 -0.49388126848571895
262.129 4 -0.499487900944903
269.629 4 -0.49768087827188595
278.72900000000004 4 -0.499972006029171
284.22900000000004 4 -0.396908734935285
291.629 4 -0.43653139331396706
301.22900000000004 4 -0.348467705921383
306.72900000000004 4 0.26928711363927
316.631 4 -0.347183321648423
324.032 4 -0.437994766531024
332.434 4 -0.475883870917791
339.835 4 -0.39458467278788895
349.13 4 -0.49998171235969396
357.13 4 -0.49999977865382395
362.53 4 -0.49946177977959105
369.031 4 -0.265734405659079
374.23 4 -0.490571400175009
380.431 4 -0.499989163584348
386.031 4 0.262143905179663
391.531 4 -0.499998439645886
398.531 4 -0.34782662563379196
403.631 4 -0.434428535027324
412.731 4 -0.499998470405795
420.333 4 -0.438283635521787
426.43300000000005 4 -0.499981621106124
433.335 4 -0.490524797297891
441.036 4 -0.484112946619976
