4.688 3.356 -0.5
10.983 3.253 -0.49999307869616705
17.787999999999997 2.94 -0.49999999999999895
25.59 2.939 -0.495845311529958
31.601 2.73 -0.49999999974431203
40.083999999999996 3.148 -0.49999999999999895
47.783 3.251 -0.499999999999858
55.39 3.147 -0.499999896953376
60.904 2.733 -0.456215849572059
66.28 2.94 -0.49999999999999395
72.568 3.253 -0.499999999914649
78.08099999999999 2.941 -0.498138453257324
86.96799999999999 3.355 -0.499968989523476
95.972 3.253 -0.5
101.777 3.149 -0.5
110.78899999999999 2.939 -0.499745908522818
116.80699999999999 2.421 -0.498198483350758
124.208 2.4219999999999997 -0.49995085373843395
128.973 3.3579999999999997 -0.5
135.203 2.629 0.49492364262549393
140.79899999999998 2.734 -0.499999994866993
147.499 2.7350000000000003 -0.499999999999905
156.295 3.044 -0.497724328468709
165.67 3.252 -0.5
173.778 3.044 -0.49996207537520604
180.276 3.148 -0.499999999999366
185.066 3.3579999999999997 -0.499999999998446
193.292 2.733 -0.49993989624791396
198.76799999999997 3.3579999999999997 -0.49999999999998906
203.97599999999997 3.252 -0.5
210.90200000000002 2.527 -0.494622518341
220.28799999999998 3.043 -0.499999655230534
228.391 2.941 -0.4999999998290461
234.707 2.526 -0.499999999300498
241.976 3.3579999999999997 -0.499239202279906
248.007 2.528 -0.499999999999986
253.30399999999997 2.732 -0.265199769544192
258.28999999999996 2.733 -0.499999982826177
262.761 3.4619999999999997 -0.5
270.685 2.939 -0.499999453590008
278.36400000000003 3.46 -0.5
284.28 3.045 -0.499998110812914
292.682 3.045 -0.49999999372248605
301.879 3.149 -0.499998736883151
309.296 2.733 -0.499996905958365
316.277 3.354 -0.5
323.69399999999996 2.838 -0.499999998286546
328.98400000000004 3.149 -0.499999155475995
335.708 2.526 -0.299421766754035
345.41299999999995 2.523 -0.47634861634642295
353.773 3.251 -0.5
359.871 3.254 -0.5
367.11199999999997 2.213 -0.49999999999999106
373.89000000000004 2.835 -0.499907107459803
379.697 2.628 -0.499991535465099
386.181 3.045 -0.48057694850442895
395.29400000000004 2.834 -0.49999999999884004
401.19500000000005 2.733 -0.499999873977059
408.066 3.564 -0.5
414.298 2.733 -0.498526449270542
421.58799999999997 3.044 -0.49999999790449606
430.589 3.045 -0.499996216082059
436.90299999999996 2.732 -0.498477330978935
442.2 2.836 -0.49999999999767497
