4.047 4 -0.49988639754946096
10.029 4 -0.49999999979092896
16.529 4 -0.499999999991484
25.429000000000002 4 -0.49999999999999606
33.429 4 -0.498609269756974
42.73 4 -0.496600213057269
48.53 4 -0.49999999999905104
53.731 4 -0.5
61.931999999999995 4 -0.49901429828729493
67.433 4 -0.49999999998095096
75.835 4 -0.49999434057112
83.236 4 -0.49999845524623604
91.03 4 -0.49879478111739206
97.93 4 -0.49999999999809996
103.33 4 -0.5
108.83 4 -0.5
114.431 4 -0.499926495890554
123.531 4 -0.38867715786058293
129.731 4 -0.49965975752823705
138.631 4 -0.499979266090839
145.631 4 0.172806944129676
150.632 4 -0.329765574491721
156.43200000000002 4 -0.49999999998958605
164.334 4 -0.499999999984424
170.435 4 -0.499999999996524
176.136 4 -0.5
182.732 4 -0.499997689581566
187.938 4 -0.4999999999948
196.93900000000002 4 -0.499999999063247
204.532 4 -0.49999976948609204
214.43200000000002 4 -0.5
220.532 4 -0.49999999999364103
226.13299999999998 4 -0.5
231.132 4 -0.49999943534860103
236.333 4 -0.49999999999978795
242.533 4 -0.499999999953338
252.233 4 -0.435904956294675
258.83299999999997 4 -0.499943278874377
267.935 4 -0.5
273.337 4 -0.5
282.133 4 -0.491978517708193
287.834 4 -0.49958392517949296
294.733 4 -0.140504509272806
301.434 4 -0.5
308.834 4 -0.499999999687302
316.934 4 -0.49999999997150896
322.834 4 -0.493431376364296
330.434 4 0.029231804060183
336.134 4 -0.44697098994204604
341.23400000000004 4 -0.4999999906109989
346.73400000000004 4 -0.48165007584094005
354.534 4 -0.5
360.635 4 -0.499999999997157
366.13599999999997 4 -0.49999999999992206
371.23699999999997 4 -0.5
378.835 4 -0.49559861783229103
387.735 4 -0.499999999999997
395.435 4 -0.4999999999767029
401.635 4 -0.5
407.235 4 -0.499999999942934
414.635 4 -0.5
423.936 4 -0.499995372385225
431.435 4 -0.5
441.036 4 -0.499670745655377
