5.007 3.042 -0.4735132402915321
11.083 3.148 -0.39966218194819897
16.075 3.355 -0.326439580772102
22.075999999999997 3.355 -0.499785381136431
31.78 3.251 -0.49930053679658204
39.07299999999999 3.459 -0.49790557554978204
49.424 2.11 -0.20244582410971998
56.091 3.044 -0.45692910152979
61.580000000000005 3.356 -0.495204450410671
67.069 3.5629999999999997 -0.499403955782348
73.19200000000001 2.94 -0.27694116298370103
78.27000000000001 3.461 -0.497447523577453
85.796 2.836 -0.289881973559384
90.882 3.15 -0.498789413207971
100.681 3.251 -0.49261306925812
109.87500000000001 3.357 -0.47897210700147896
116.57799999999999 3.355 -0.498407584131015
121.98500000000001 3.0469999999999997 -0.49635151941377903
127.92399999999998 2.109 -0.012105911520053999
132.87800000000001 3.254 -0.3881038414688
140.104 2.629 -0.4942026904486839
145.172 3.4619999999999997 -0.38425693021904295
151.284 3.151 -0.499447709846611
157.612 2.524 -0.410147394145526
166.301 2.732 -0.31830372379899896
173.06699999999998 3.566 -0.48783849882766
178.788 3.045 -0.49345565354187
184.51 2.523 0.089307921953331
191.79500000000002 2.939 -0.456617608153022
202.11900000000003 2.315 -0.06135854580342501
208.772 3.461 -0.46140634883502296
216.27900000000002 3.355 -0.49932669607641206
222.793 2.941 -0.43264879650848403
227.67000000000002 3.564 -0.499871229308604
235.06900000000002 3.565 -0.496210206599916
240.466 3.668 -0.497542813441009
245.572 3.5629999999999997 -0.486282691974436
250.777 3.459 -0.44162273066897995
259.60499999999996 2.732 -0.480630006559436
265.70000000000005 2.734 -0.08004608055223598
271.876 3.459 -0.48202712363568395
277.999 2.941 -0.43021297046845297
287.683 0.6519999999999997 0.118471221814375
291.83299999999997 2.11 -0.48134138878744603
299.37199999999996 3.463 -0.39616617956275896
307.776 3.459 -0.40305321025568897
315.476 3.359 -0.495018931473443
324.899 2.836 0.136302005771341
333.37600000000003 3.46 -0.49441843959255705
340.392 3.043 -0.474665831121231
346.40399999999994 2.732 -0.49711740108390895
353.22499999999997 2.112 0.280487608929503
360.183 3.355 -0.32090022089931897
366.786 3.25 -0.338135168033274
375.512 2.524 -0.037382922184261
382.47099999999995 3.355 -0.495911017265414
392.29099999999994 2.836 -0.348219346393274
397.90000000000003 2.628 -0.38885011712136497
403.68100000000004 3.048 -0.421868271710427
411.693 2.938 -0.48393920345617897
420.169 3.564 -0.492328073876052
429.49399999999997 3.043 -0.142088987981116
435.20099999999996 2.836 0.070727517059084
442.30699999999996 2.73 -0.488721662261492
