4.0489999999999995 4 -0.4872773823659571
9.832 4 -0.419076386508319
15.632 4 0.21035617284160998
20.733 4 -0.49813160897953207
29.634 4 -0.32390616362009694
39.536 4 -0.499655701910006
45.032 4 -0.249389488489693
52.532 4 -0.424571741172676
58.431999999999995 4 -0.44797665826798705
64.032 4 -0.44368442361431704
69.033 4 -0.412619495830635
74.532 4 -0.49958024269572204
82.73299999999999 4 -0.49558831270534703
87.93299999999999 4 -0.49462620294642895
96.833 4 -0.413218244673821
102.53299999999999 4 -0.49805910822083005
109.133 4 -0.497634554349349
116.833 4 -0.493699027760099
125.935 4 -0.40484016354750396
132.135 4 -0.499546983517769
145.134 4 -0.459965925320664
151.834 4 -0.18463501773615698
157.234 4 -0.237327330110784
165.63400000000001 4 -0.498345774521688
173.734 4 -0.497722877860721
179.334 4 -0.48464525671316705
186.93400000000003 4 -0.327517244597815
192.435 4 -0.49415911830716797
198.135 4 -0.49172495115737797
205.935 4 -0.496487581570983
212.035 4 -0.499793411432971
218.135 4 -0.46692717369732
227.43599999999998 4 -0.150806251983849
237.037 4 -0.291129260347629
242.235 4 -0.49676906840009005
247.635 4 -0.4995639299391429
255.43599999999998 4 -0.46568544844036697
264.235 4 -0.075024571900387
269.736 4 -0.465434994493902
278.63599999999997 4 -0.283481522381607
284.635 4 -0.498742405623091
292.63599999999997 4 -0.497983799836614
298.336 4 -0.15942381582217802
303.536 4 -0.47817240224021995
310.938 4 -0.176342268827619
318.836 4 -0.485756968627019
323.836 4 -0.45333914012832
331.23699999999997 4 -0.488288303811743
337.338 4 -0.48954136973595797
343.923 4 -0.353064995500836
350.824 4 -0.484057792139424
357.325 4 -0.10452147309540599
366.42699999999996 4 -0.406341565676165
373.32800000000003 4 -0.06567801534445901
379.529 4 0.22987347431552202
385.73 4 -0.16793722177753
392.73199999999997 4 -0.30345517340852696
401.733 4 -0.43500554353592
411.034 4 -0.4985243712675171
418.63800000000003 4 -0.49826860092290404
423.721 4 -0.11360310463857401
433.421 4 -0.49538309179160295
441.023 4 -0.056284518274053
