4.046 4 -0.499957768803534
12.83 4 -0.488512128306018
20.430999999999997 4 -0.499523186826537
26.031999999999996 4 -0.48817049826740205
31.633000000000003 4 -0.377740813775243
39.734 4 -0.11139792940020801
44.825 4 -0.4995506278219029
50.725 4 -0.49968144344144105
60.425 4 0.09721912460118301
67.325 4 -0.49999921967838795
73.52600000000001 4 -0.332868039071761
80.925 4 -0.49998780118592406
87.926 4 -0.4999916934626079
94.12700000000001 4 -0.49953711052996896
99.62799999999999 4 0.009809239464635
107.229 4 -0.379784530881211
113.031 4 -0.49651793646025705
119.632 4 0.41487690241255604
124.833 4 -0.49758046780902504
134.134 4 -0.499957324461202
142.126 4 -0.279354599435573
149.026 4 -0.475548528032261
154.52700000000002 4 -0.4999973774446779
163.827 4 -0.338378032882153
168.92700000000002 4 -0.263679294673825
176.827 4 0.32595952963989
182.227 4 -0.106830554283271
187.627 4 -0.49999995433388794
194.128 4 -0.49984941138706795
200.229 4 -0.462410233394636
208.43099999999998 4 -0.321655999303997
215.132 4 -0.499998854031302
222.933 4 -0.499999995835456
232.035 4 -0.494314915031756
239.528 4 -0.4999361148008011
246.928 4 -0.49191445110771
251.928 4 -0.499979829279829
259.528 4 -0.45905653551086
265.228 4 -0.49893017713384397
274.128 4 -0.460931681175979
283.129 4 -0.49999977460459394
288.628 4 -0.46202972787667795
297.53 4 -0.49953224223429904
303.131 4 -0.49665440514132597
312.732 4 -0.49997037784992704
322.634 4 -0.017216283145679
328.335 4 -0.49978532247553004
337.42900000000003 4 -0.49999434383725105
342.629 4 -0.498445986538174
351.53 4 -0.334319980744883
357.63 4 -0.47382792460111
362.83 4 -0.472554075459584
370.23 4 -0.492296843309754
375.73 4 -0.49993798109846993
382.33 4 -0.41568852141458007
388.43 4 -0.44575173866831197
394.63 4 -0.41337102790190006
402.431 4 -0.488727942170671
408.23199999999997 4 -0.499271279695951
413.93300000000005 4 -0.49993979287870294
421.635 4 -0.498301666488012
427.631 4 -0.193877208466878
432.631 4 -0.499999979444952
441.031 4 -0.49999118598486
