4.051 4 0.48721367241048
9.732999999999999 4 -0.49699825005424
14.835 4 -0.464140703181646
21.836 4 -0.38794372240083397
27.333000000000002 4 -0.49515042695322903
34.934 4 -0.09686602526815198
41.434 4 0.015827822691913
49.13399999999999 4 -0.49618856716540205
55.333999999999996 4 -0.499378135490522
62.733000000000004 4 0.0029359960900409996
67.934 4 -0.40790733637373
73.434 4 -0.491644727010444
81.834 4 -0.403502232329319
87.434 4 -0.48718453234073206
93.134 4 -0.159810970255019
101.235 4 -0.4978979646625
109.135 4 -0.38294559281852
116.735 4 -0.46502189677973205
122.13600000000001 4 -0.385585268368719
127.838 4 -0.234453631288452
134.035 4 0.36456950836948
140.937 4 -0.3802532517968279
149.835 4 -0.495382555114283
158.035 4 0.465806131817948
163.035 4 -0.201152448689433
168.235 4 -0.456946113641484
173.835 4 -0.491226347065837
179.03599999999997 4 -0.4365835167369129
185.736 4 -0.497998844494812
194.53599999999997 4 -0.455870772645341
202.33599999999998 4 0.39541523217971897
209.736 4 -0.4929196305325711
219.037 4 0.27402248723913
224.821 4 0.282918163540807
230.239 4 0.3174085270032381
236.33599999999998 4 -0.330384790711175
245.225 4 -0.486545843825042
254.326 4 -0.229392630576134
259.327 4 0.20066904601217803
266.228 4 -0.13029466197512699
275.53 4 -0.449523050314707
285.432 4 -0.19523134114838298
293.233 4 -0.457996402200649
299.834 4 -0.49794666224154205
307.33799999999997 4 -0.49924785308594205
313.52099999999996 4 -0.416926712076564
319.52099999999996 4 0.321226879729774
328.423 4 0.06308016036946999
337.525 4 0.370756869132466
345.526 4 0.148137780420146
353.12699999999995 4 -0.36756142221515203
358.228 4 -0.48335381223612206
367.92900000000003 4 -0.4666478154922511
373.431 4 0.24883601384163398
379.032 4 -0.361520793007255
388.634 4 -0.44699234558052897
397.635 4 -0.479420261255573
405.039 4 -0.486199142305151
410.82199999999995 4 -0.47577394471153706
416.92199999999997 4 -0.45577340208214095
423.022 4 -0.022266916343363998
428.523 4 0.11533789081373802
435.125 4 0.305574281455766
441.026 4 -0.49441986108128494
