4.055 4 -0.21137555649360298
10.728 4 -0.031709224565584
19.629 4 -0.103056728197399
28.730999999999998 4 0.08495338477175901
34.833 4 0.043958652087992996
41.034 4 -0.40572783368584997
50.93899999999999 4 -0.47582839511746206
59.722 4 -0.424455358726311
66.722 4 -0.4382321826942249
75.122 4 0.10360858807684599
82.72399999999999 4 -0.438098413203341
90.226 4 -0.373377279980155
95.727 4 -0.49273596640614004
103.12700000000001 4 -0.36179566712002004
109.729 4 -0.48991062995085
117.53 4 0.0035124538596899998
123.531 4 -0.493082861079534
130.935 4 -0.22427138493823498
137.834 4 -0.420604347904777
147.536 4 -0.26528620838540395
153.72299999999998 4 -0.47084279276574204
163.32299999999998 4 -0.47090799597438
168.926 4 -0.39070934164571897
174.024 4 -0.179094823737647
179.72400000000002 4 -0.411945913829384
187.426 4 -0.47993379500315503
192.92700000000002 4 -0.499666246483016
198.128 4 0.278502275704229
203.52900000000002 4 -0.480390488010724
208.73 4 -0.45790351525633094
213.93 4 -0.488851746076231
219.832 4 -0.489406344871059
225.433 4 0.09742074634456901
231.13400000000001 4 -0.439579456281986
238.735 4 -0.49413962130947797
247.72400000000002 4 -0.49627671837603005
253.825 4 -0.484141595368089
259.224 4 -0.47226816852733
266.825 4 -0.433592650736116
275.024 4 -0.4745812257549679
282.82599999999996 4 -0.344122546367722
287.827 4 -0.4988710669075929
293.528 4 -0.347486488234293
302.629 4 -0.448272328166475
308.131 4 -0.385351414774176
317.032 4 -0.49949894836945896
322.533 4 -0.464060894037505
330.435 4 -0.49834511442459395
336.035 4 -0.305935191358814
344.126 4 -0.153475577102469
350.726 4 -0.350790666228427
360.026 4 -0.495273334420769
368.926 4 0.091201729307994
375.026 4 -0.14223305168823902
380.027 4 -0.42263411598843204
386.227 4 -0.49398741199661106
391.32800000000003 4 -0.34100693184858694
397.83 4 -0.481358078667512
405.231 4 -0.496920056760844
412.13199999999995 4 -0.44838532147418
417.93300000000005 4 -0.454769842719644
427.235 4 -0.00995973551037
435.236 4 -0.340698353958515
441.027 4 -0.301869027389399
