4.583 3.459 -0.49999992029390705
10.564 3.461 -0.49999999952528107
15.960999999999999 3.565 -0.49999988711507903
25.668 3.46 -0.499988348976435
35.568 3.4619999999999997 -0.2691915653184
42.281000000000006 3.25 -0.499804450454142
48.376999999999995 3.255 -0.4999999903137779
56.07 3.5629999999999997 -0.48021231184429797
61.06999999999999 3.564 -0.49999999995399697
69.077 3.3579999999999997 -0.49998684188209797
75.66499999999999 3.3579999999999997 -0.499999900044754
83.26899999999999 3.354 -0.49688081093451203
90.564 3.459 -0.29007844738761
95.96000000000001 3.564 -0.47174354906297994
102.381 3.044 -0.43721295461864895
109.486 2.94 -0.35754745785404296
114.796 2.731 -0.49502027718302005
120.191 2.836 -0.48053776928012604
125.579 3.15 -0.499701962317596
131.871 3.459 -0.499999872512891
137.073 3.3579999999999997 -0.499999999997454
142.573 3.459 -0.4908893339289871
150.273 3.46 -0.499996253090904
157.69199999999998 2.942 -0.49999954465827295
166.89699999999996 3.044 -0.39815795652909497
172.55900000000003 3.565 -0.499999998498664
178.263 3.461 -0.49987978237507996
187.888 2.8369999999999997 -0.23604955030550603
193.27900000000002 3.146 -0.493549844164671
200.87900000000002 3.146 -0.4891313121075179
207.68200000000002 3.045 -0.49999975215178005
213.58499999999998 2.943 -0.453092362978704
222.472 3.357 -0.499933444135575
228.065 3.565 -0.49755277640998796
236.989 3.043 -0.49999948575773
243.505 2.627 -0.49999530120147706
250.69700000000003 2.8369999999999997 -0.488408961604731
259.28799999999995 3.148 -0.49428441310759
265.99899999999997 2.627 -0.499999929423328
274.38 3.146 -0.493657352384766
279.57 3.356 -0.499452587680901
285.186 2.94 -0.49999997479709707
290.385 2.941 -0.49192442947413506
298.583 2.943 -0.4999908650856721
306.862 3.565 -0.49653761075150604
316.485 3.044 -0.49999999970320097
325.897 2.733 -0.499999837397599
330.27699999999993 3.355 -0.4999988152320471
336.68399999999997 3.148 -0.49999840095142106
342.49600000000004 2.8369999999999997 -0.49036420053189395
349.99399999999997 2.943 -0.499996737906496
359.68899999999996 2.938 -0.477709737030922
366.776 3.252 -0.49829976991127095
374.56199999999995 3.565 -0.46481761704243196
384.19199999999995 2.7350000000000003 -0.07338069405978499
390.468 3.359 -0.49996576417609706
396.38 3.148 -0.373650682932832
403.97200000000004 3.356 -0.499999999985454
411.88800000000003 2.941 0.482728443851998
420.20500000000004 2.525 -0.499976231909746
424.978 3.354 -0.42966242533307003
431.17999999999995 3.252 -0.495588131071814
436.894 2.939 -0.49997859517992993
441.784 3.25 -0.48972293842657
