4.053 4 -0.49647875005986897
9.736 4 -0.49999999931620204
15.936 4 -0.499999987645786
21.135 4 0.498576917567818
26.236 4 -0.498494218580976
34.336 4 -0.499996682255058
39.836 4 -0.499999642992945
48.93899999999999 4 -0.10283798745144801
55.536 4 -0.19821513123088003
61.336000000000006 4 -0.499999999959266
66.937 4 -0.499947816659614
73.122 4 -0.49999998906082005
80.82300000000001 4 -0.472204346426061
87.725 4 -0.499999856021841
92.926 4 -0.49284277352636097
98.626 4 -0.47489876332544
104.82700000000001 4 -0.047587442048475995
113.729 4 -0.342031429041679
119.73 4 -0.4999994943835889
127.33200000000001 4 -0.30954319516556894
133.43200000000002 4 -0.49961990144228896
139.533 4 -0.49999235624190896
146.037 4 -0.49999999990615296
151.438 4 -0.49990574189070097
156.621 4 -0.4997791607957271
164.222 4 -0.287259051117435
169.623 4 -0.498994765652361
174.72299999999998 4 -0.49999796050727097
180.22400000000002 4 -0.47530941381867
185.725 4 -0.499999986047711
190.726 4 -0.499381821121115
197.727 4 -0.077513427603745
207.02900000000002 4 -0.4999999965410539
212.53 4 -0.499956334605998
221.332 4 -0.4087584798415879
228.032 4 -0.499736090115948
235.53400000000002 4 -0.49999999783743604
243.435 4 -0.499998584103885
253.02200000000002 4 -0.499999980239866
262.322 4 -0.499999995588315
271.224 4 -0.017313397278364
277.024 4 -0.49999999728804106
286.726 4 -0.407346114912216
294.328 4 -0.499011610716514
301.72900000000004 4 -0.396600172125402
311.63 4 -0.4999997200914679
317.531 4 -0.499978954215317
325.33299999999997 4 -0.46820466077710904
334.235 4 -0.49999999999194705
341.135 4 -0.499993231741039
347.723 4 -0.49999999999287004
355.724 4 -0.4999958393928611
364.824 4 -0.49999995661498
373.025 4 -0.211748175681291
378.626 4 -0.46872131160672703
383.62699999999995 4 -0.499844059135926
389.228 4 -0.417078558574034
398.22900000000004 4 -0.499915113415111
405.63 4 -0.131568258408411
414.032 4 -0.49968192833896297
419.733 4 -0.49997315747909205
427.534 4 -0.499981364724298
434.93699999999995 4 -0.49999711154091403
441.025 4 -0.280542189455674
