5.516 2.524 -0.17198275337844202
11.283 2.94 -0.49999999989401295
19.58 3.045 -0.4999946933932271
28.099999999999998 2.526 -0.49999819410741203
33.591 2.836 -0.4258722175531379
39.085 3.044 -0.49912472031390703
45.88 3.25 -0.499999998085133
53.98400000000001 3.0469999999999997 -0.499999999394523
61.599 2.834 -0.49999968388400706
71.019 2.315 -0.013088280002604
78.31099999999999 2.524 -0.499211682958098
82.38 3.459 -0.499663422731079
89.686 2.836 -0.49999927169698605
98.88900000000001 2.733 -0.499893550463134
104.886 2.938 -0.499999596812438
113.577 3.148 -0.46044661956918004
123.297 2.73 -0.49987773170182
129.10899999999998 2.419 -0.49999769668999394
137.695 2.834 -0.499981046810762
145.287 3.043 -0.49922489588326796
155.71 2.522 -0.4955132018790329
160.585 3.355 -0.49808025944357204
168.803 2.732 -0.106881009076797
175.28599999999997 3.15 -0.46423886663032005
184.383 2.941 -0.444001779147633
193.667 3.356 -0.499983217645359
198.964 3.46 -0.4994617649943521
204.458 3.566 -0.499826844539481
210.174 3.251 -0.359601466018103
218.08900000000003 2.938 -0.499999992405596
222.96200000000002 3.565 -0.48441903993207003
229.99900000000002 2.73 -0.258995897413478
237.996 2.834 -0.344268532690431
246.226 2.005 0.4409351694298971
251.78799999999998 3.044 -0.499994006963038
257.30699999999996 2.629 -0.4999973987468921
265.586 3.149 -0.49999999609362294
270.897 3.044 -0.499750601340485
278.77 3.355 -0.306921337431667
285.087 2.939 -0.49999631594106203
290.373 3.252 -0.49999999999875205
300.514 2.211 -0.49818565215924504
304.99 2.939 -0.499999971536984
312.686 2.94 -0.499999944664927
317.575 3.253 -0.49999999966480896
323.367 3.5629999999999997 -0.499570755028318
330.277 3.252 -0.37177155209201396
336.70399999999995 2.627 -0.49999999973719605
341.289 3.043 -0.49992483547162
346.38599999999997 3.0460000000000003 -0.496091485105643
355.377 3.357 -0.45009565052159706
361.192 3.043 -0.144630712105738
368.885 2.941 -0.499999982503163
378.385 3.042 -0.499969685379242
384.167 3.3600000000000003 -0.499109801252644
390.06299999999993 3.564 -0.497237091265582
396.594 2.733 -0.499961335784036
403.59999999999997 2.627 -0.49795143860086405
408.678 3.149 -0.49999999946387297
414.17800000000005 3.15 -0.246892241439771
420.285 3.044 -0.386479701049719
427.09799999999996 2.732 -0.49999998450722605
434.8999999999999 2.732 -0.49999191137715504
441.572 3.46 -0.497832470317714
