5.621 2.416 0.253586120435671
11.208 2.42 -0.28978650482523804
18.997999999999998 2.731 -0.49198113143473404
26.179 3.3520000000000003 -0.42571767712442504
33.305 2.727 -0.43614463518529795
41.214000000000006 2.519 -0.272192847906042
47.486 3.248 -0.49999999806975604
54.787 2.834 -0.48712079422618704
60.778000000000006 3.043 -0.498629261085058
67.415 2.206 -0.415012769199007
73.794 2.728 -0.49994187358976
78.477 3.146 -0.49970907628185496
83.471 3.3529999999999998 -0.43249111628875003
88.882 3.143 -0.22543261051972896
94.39800000000001 2.728 -0.457070951660946
103.58200000000001 3.145 -0.391975419778652
112.473 3.356 -0.49999960912191205
120.70700000000001 2.523 -0.49192074737608904
127.69000000000003 3.042 -0.498992973723711
132.98499999999999 3.148 -0.49999993362840794
138.187 3.147 -0.499963985780382
144.1 2.935 -0.4934629774938879
151.583 3.04 -0.49999280584520295
159.483 3.04 -0.49999992643471397
168.932 1.7910000000000004 -0.499999882158713
173.673 3.25 -0.499982475438046
181.901 2.624 -0.47864029010785497
190.386 3.04 -0.49999523329746204
198.974 3.354 -0.49999670174054206
205.47 3.459 -0.49999970022308404
210.681 3.249 -0.120775956035759
217.79899999999998 2.832 -0.49983735711826793
223.587 3.145 -0.499967507371683
233.30700000000002 2.727 -0.47985022646080894
238.487 3.148 -0.49975268777014203
248.09900000000002 2.625 -0.4996961897371479
257.17400000000004 3.25 -0.499997596032519
263.587 2.937 -0.4999865597988661
270.675 3.249 -0.34447391147896506
280.40700000000004 2.518 -0.45675914447932
285.59000000000003 2.936 -0.470925335737066
293.82500000000005 2.102 -0.16956410404433403
298.185 3.143 -0.167888684658736
307.278 3.3520000000000003 -0.499985103102458
313.38199999999995 3.249 -0.49999996447340794
321.289 3.144 -0.449516809392735
328.99399999999997 3.04 -0.49999020395583504
337.486 2.939 -0.49999569941478006
347.698 2.627 -0.499973551193653
354.72 2.205 -0.4999999764608499
360.403 2.623 -0.49933253942803
365.371 3.355 -0.49998787405362105
373.154 1.2719999999999998 -0.498687343504375
376.384 3.042 -0.49999997108173994
384.87399999999997 3.3529999999999998 -0.370486995390113
394.714 2.415 -0.46242167261441497
399.89500000000004 2.734 -0.499999993597404
405.79099999999994 3.04 -0.49275959132769004
410.873 3.459 -0.381652800038785
417.71500000000003 2.418 -0.486557803894253
424.142 1.892 -0.09808730336221302
428.702 2.833 -0.49992085263533204
434.203 2.833 -0.499603899380052
441.883 3.144 -0.49991734600584997
