4.897 3.145 -0.19943617731204397
10.278 3.248 -0.49999528891027
18.095 2.832 -0.49997409683991795
27.71 2.519 -0.12372538714021901
36.11 2.52 -0.49968491347646504
41.701 2.73 -0.479208924201894
48.5 2.832 -0.38495832893675996
55.102999999999994 2.831 -0.427973552435837
62.91 2.625 -0.258655405846796
68.18099999999998 3.043 -0.498690058671738
74.53099999999999 1.8930000000000002 0.083164882087128
79.68599999999999 2.938 -0.49980008718748903
89.733 1.7910000000000004 -0.390318660829023
98.292 2.832 -0.453070884654914
103.184 3.041 -0.49152718426851294
112.28800000000001 3.039 -0.499476009530031
117.371 3.457 -0.49998957488129897
127.34299999999999 1.6860000000000004 0.071730159317836
131.176 3.354 -0.49990466134296796
137.389 3.143 -0.41932594231851505
142.685 3.247 -0.49807398268671504
148.076 3.457 -0.49574784642208203
157.959 1.4760000000000004 -0.35341809616671793
162.188 2.937 -0.488759347337597
171.185 3.04 -0.499411682475731
177.685 3.04 -0.497556236475222
183.492 2.833 -0.46010006194703795
191.935 1.7910000000000004 -0.17453239166432702
199.62 2.206 -0.478085897522351
209.523 2.204 -0.496408832241759
216.394 2.935 -0.498458934400551
225.989 3.041 -0.294693029825742
232.21899999999997 2.312 -0.444874476838675
239.882 0.8500000000000001 -0.32321737705613895
243.839 1.8939999999999997 -0.43899940016852795
248.31100000000004 2.623 -0.487584231185932
254.1 2.935 -0.499892951572256
259.706 2.521 -0.415781109003364
265.19599999999997 2.831 -0.48950084855891296
273.252 1.475 -0.499379212780535
278.38 3.247 -0.36101774445970297
283.69100000000003 2.936 -0.49283954268077595
292.012 2.415 -0.494965815051409
300.28400000000005 3.143 -0.499980529470919
307.031 1.9969999999999999 -0.233846401886255
313.07700000000006 3.3520000000000003 -0.49999602387294106
321.187 3.043 -0.481566269428536
327.39599999999996 2.935 -0.486799222058339
335.14700000000005 1.786 -0.37431110722632793
342.32599999999996 2.208 0.257123324798702
350.99600000000004 2.832 -0.43534364086213
358.487 3.041 -0.494608173262091
364.687 3.041 -0.47413994266272097
374.147 1.5810000000000004 -0.494644989051392
379.206 2.623 -0.111028349902569
388.62700000000007 2.102 -0.49988704048530797
394.79300000000006 2.936 -0.480568047541682
401.34000000000003 1.7889999999999997 -0.177868793498276
406.02400000000006 2.205 -0.32993476320115006
411.61 2.519 -0.427511774523596
416.68399999999997 3.146 -0.4115415362124771
425.37899999999996 3.3529999999999998 -0.497298248564746
433.61 2.623 -0.483549709372747
442.30800000000005 2.727 -0.492087563379959
