5.407 2.625 -0.498969568584701
10.823 2.309 -0.479567369887373
16.637 1.996 -0.409868967731396
22.383 3.251 -0.498886029405367
29.245000000000005 1.5830000000000002 -0.329603307440647
33.785000000000004 3.143 -0.4938558496633
41.493 2.935 -0.4999324413112429
50.245000000000005 1.5830000000000002 -0.43231373582119004
58.088 3.04 -0.498918571782594
63.61 2.518 -0.46923451326606497
82.633 1.8960000000000004 -0.413756714002799
94.42399999999999 2.206 -0.495620896294498
103.27400000000002 0.9580000000000002 -0.173885293234496
110.085 3.248 -0.499937512599442
117.043 1.7910000000000004 -0.360029099212794
122.76 1.475 -0.427314206175957
130.33 1.999 -0.44412891911098396
138.72799999999998 2.001 -0.49447981953202796
146.587 0.6430000000000002 -0.48449623521299695
151.47400000000002 3.456 -0.49336048629351503
160.215 2.315 -0.47619819596137003
171.58499999999998 0.645 -0.47147819403821706
175.59900000000002 2.831 -0.497171179511462
182.444 1.6860000000000004 -0.49848066173449
187.815 2.415 -0.421875731695949
193.09499999999997 2.936 -0.49946318752017105
204.17499999999998 0.9580000000000002 -0.120506897523751
211.08700000000002 0.6469999999999998 -0.482444116084563
214.29500000000002 3.04 -0.48192479427037105
222.379 0.8519999999999999 -0.025705677284747996
228.503 2.728 -0.15650864503523298
235.55199999999996 1.4789999999999996 -0.48051310750586207
243.09599999999998 2.935 -0.38887716431980995
251.938 1.8930000000000002 0.33356432553559995
256.387 3.144 0.09032459907095401
264.649 1.5819999999999999 -0.350368587282564
270.718 2.414 -0.025357290013741998
279.871 1.06 -0.05246392440992599
285.70799999999997 2.624 -0.435386677788008
292.91900000000004 2.313 -0.495132048070107
301.44899999999996 1.6839999999999997 -0.006218837994321
307.7 2.834 0.145203331366906
314.942 1.79 -0.47010734201474197
322.82800000000003 2.104 -0.407405135023012
326.894 3.0380000000000003 -0.48605738714904206
336.62600000000003 2.207 -0.498276317313144
341.814 2.518 -0.49096259628065897
351.21600000000007 2.417 -0.49703144360748003
356.944 1.7889999999999997 -0.43715752106544004
366.46200000000005 1.1710000000000003 -0.49594830200106604
370.712 2.521 -0.306393614335831
381.487 0.6460000000000004 -0.266962263418064
386.136 1.9969999999999999 -0.49813667967013503
396.76500000000004 1.2680000000000002 -0.08312780172136501
403.69300000000004 0.5410000000000004 -0.403261379644837
409.31600000000003 2.52 -0.499711988487241
416.042 1.895 -0.243881497203734
422.176 0.9580000000000002 -0.13870251214732798
426.014 2.52 -0.46682036047608794
431.19500000000005 3.039 -0.49959523184971794
436.49800000000005 2.936 -0.499863835711084
442.303 2.731 0.272225048056983
