4.051 4 -0.499984113762377
9.734 4 -0.050553420940792
15.635 4 -0.49738622707994395
22.533 4 -0.48463934527570396
31.533 4 -0.46397900106481
40.633 4 -0.499773528644794
46.733999999999995 4 -0.37677058586119605
51.933 4 -0.283377634186151
57.433 4 -0.49983883050455197
62.933 4 -0.43072861275698104
70.934 4 -0.4969842200675251
80.234 4 -0.49884736175699607
86.434 4 -0.420887640233999
91.434 4 -0.499986236936889
98.334 4 -0.361883674541477
104.53399999999999 4 -0.43408671353974393
110.135 4 -0.31803491197860995
115.736 4 -0.44911055096014796
121.73700000000001 4 -0.42993181738256603
126.93799999999999 4 -0.403509147752198
132.635 4 -0.30996714825502897
141.535 4 -0.49798815750344394
151.435 4 -0.38030920328005297
156.835 4 -0.49770681297175295
164.735 4 -0.49114890998956895
172.335 4 -0.434839571314221
177.735 4 -0.483812128003916
182.835 4 -0.45218666171847
189.435 4 -0.49608309687474395
195.236 4 -0.499958867166475
202.736 4 -0.498115633073128
211.53599999999997 4 -0.473786085912843
220.62099999999998 4 -0.499724295525105
228.03599999999997 4 -0.42177863234992696
236.938 4 -0.499331705635586
242.625 4 -0.149603817824423
248.12599999999998 4 -0.49438917894072293
255.127 4 -0.49996392362645203
263.329 4 -0.499912522751466
270.73 4 -0.499992024060535
278.531 4 -0.137378657120193
287.433 4 -0.49752154109581603
292.434 4 -0.499801364246789
300.03700000000003 4 -0.49096392834647706
306.52099999999996 4 -0.49997072917378
314.921 4 -0.49922204932790704
324.52299999999997 4 -0.055712093785070006
330.624 4 -0.498579741168652
340.32599999999996 4 -0.475409281605877
349.62699999999995 4 -0.445214667645886
354.829 4 -0.492228557764354
361.529 4 -0.49271831378464603
367.631 4 -0.275693330103502
375.032 4 -0.37089598497474396
382.733 4 -0.49507554545254795
390.835 4 -0.45865186043122097
397.436 4 -0.4531279232692821
405.222 4 -0.20929007653310197
410.82300000000004 4 -0.49755174896154797
416.62300000000005 4 -0.22015530003389
424.224 4 -0.499582794372925
429.725 4 -0.20674871357543398
435.926 4 0.031216068098636
441.027 4 -0.4813613937509771
