4.032 4 -0.49898891743990503
10.133 4 -0.496000820233215
17.834 4 -0.461630989112709
25.825 4 -0.493685369443909
33.225 4 -0.269870331939772
39.025 4 -0.4999002626698879
44.125 4 -0.49989350265604704
49.825 4 -0.46117482112867797
55.426 4 -0.426378719942068
65.126 4 -0.49055460239791204
71.227 4 -0.499813971740176
78.128 4 -0.327594914598486
83.529 4 -0.498833121173915
91.93 4 0.252048848251249
96.931 4 -0.499993004571434
103.132 4 -0.490357320975863
111.234 4 -0.33675288885724797
116.435 4 -0.498483614356249
124.226 4 -0.438722624544224
133.127 4 -0.499041340543096
138.327 4 -0.345515207738095
143.327 4 -0.08781769142519001
152.327 4 -0.479712384408637
157.827 4 -0.272041112504438
164.827 4 -0.49984906035807297
171.328 4 -0.499886284512938
176.829 4 -0.47739998558465996
183.73 4 -0.24813664789211198
190.43099999999998 4 -0.393455618846106
199.733 4 -0.499919076425056
207.334 4 -0.486502210365586
213.135 4 -0.46826670078826704
222.72799999999998 4 -0.047509652071164
231.828 4 -0.49999671080727703
237.528 4 -0.49326021464325803
245.128 4 -0.10361195219500098
250.628 4 -0.4999687451014171
257.22900000000004 4 -0.3554164150059871
263.22900000000004 4 -0.499609269165003
269.829 4 -0.499953102026943
275.92900000000003 4 -0.286898358283612
283.431 4 -0.48971041382607794
289.632 4 -0.482523935877245
298.533 4 -0.144838581880242
304.434 4 -0.493177417621767
312.029 4 -0.19297367688298
321.93 4 -0.488886290883625
327.329 4 -0.119193075624176
335.23 4 -0.17884561051899697
344.03 4 -0.23318036927026897
351.43 4 -0.494743494033052
360.33 4 -0.499803790717683
365.43 4 -0.260292852831505
374.73 4 0.40531339123675103
379.931 4 -0.49954901885680697
385.43199999999996 4 -0.034276209107358
391.033 4 -0.495135420132289
399.23400000000004 4 -0.49823504574398597
404.931 4 -0.48482417478638107
412.33099999999996 4 -0.49948583929759793
420.131 4 -0.499827907447512
429.231 4 -0.4999969196119
435.431 4 -0.47511268386824496
441.031 4 -0.488285063224875
