5.300999999999999 2.748 -0.476917815879757
11.697000000000001 2.234 -0.399250795111524
21.911 1.7200000000000002 -0.499945329973591
27.287 2.544 -0.4985227819662079
34.881 2.751 -0.496165208744493
44.184 2.748 -0.49999969054437704
53.287 2.545 -0.49996440285407795
60.992999999999995 2.439 -0.49999745010207797
69.57300000000001 3.16 -0.4999995691741479
75.80199999999999 2.1319999999999997 -0.49993346930656396
81.28699999999999 2.748 -0.337037029843458
91.517 1.616 -0.44899853659577793
96.29299999999999 2.44 -0.499994547855562
103.988 2.645 -0.49997596387994603
112.47599999999998 3.057 -0.49998713976478004
121.89099999999999 2.542 -0.49533707470817206
127.49199999999999 2.441 -0.499843083877233
133.111 1.822 -0.092538887153088
138.81099999999998 1.822 -0.4974074500595179
145.923 1.31 -0.46815315843430294
150.707 1.9260000000000002 -0.19073125649966602
158.53199999999998 1.1019999999999999 -0.49920909795879
162.60399999999998 2.03 -0.49773304256112894
170.799 2.235 -0.499989809732117
176.41400000000002 1.8210000000000002 0.004561953503019
181.41199999999998 1.924 -0.4996162570919929
189.312 1.822 -0.464982845485658
197.43300000000002 1.1010000000000004 -0.16937516374026398
203.01600000000002 1.6180000000000003 -0.349990320993322
208.10500000000002 2.029 -0.30276019635484497
213.793 2.541 -0.45620960794285
220.405 2.13 -0.44207976911660607
228.712 1.823 -0.49998434959365295
238.414 1.721 -0.47748221747522795
247.93 1.3050000000000002 -0.499484889786469
256.11 1.9249999999999998 -0.49999927006704203
265.342 0.7930000000000001 -0.489070499813913
269.987 2.748 -0.49999505770556
276.311 1.9249999999999998 -0.499095312166504
285.286 2.852 -0.49889924306490896
291.48699999999997 2.749 -0.49999645002094895
297.392 2.544 -0.206072904039171
302.589 2.747 -0.482704820215531
309.006 2.13 -0.49928300544198706
316.601 1.9249999999999998 -0.044410492193753
327.702 1.927 -0.45354633972803493
333.685 2.645 -0.49516529420596006
342.52199999999993 1.4100000000000001 -0.49100151383421503
348.37199999999996 3.16 -0.499948607670767
355.601 2.4330000000000003 -0.47104505639033006
361.6089999999999 2.028 -0.43428740569338203
368.49299999999994 2.644 -0.22602877432702698
378.195 1.9260000000000002 -0.49999981735108895
386.10099999999994 1.721 -0.45872098781472
398.39700000000005 2.0269999999999997 -0.49999192538082005
404.986 2.339 -0.49999942161294
410.697 2.13 -0.49996653709041206
415.98099999999994 2.646 -0.46925504801052004
423.12300000000005 1.205 -0.499894041971998
435.486 2.645 -0.499978989317183
443.83 1.202 0.019972245154172
