4.048 4 -0.499988191827007
13.13 4 -0.47404041305901706
18.33 4 -0.49990441113400197
23.83 4 -0.4996939410689671
30.831 4 -0.19880275153684304
37.431999999999995 4 0.47281711942506605
46.233000000000004 4 -0.461460504285119
54.235 4 -0.354335698771202
61.636 4 -0.4803083184812679
69.831 4 -0.499295668654148
76.031 4 -0.300856216115556
83.531 4 -0.494053012600551
93.431 4 -0.455843777917729
99.631 4 -0.49999734934408596
113.931 4 -0.430979246023515
120.03200000000001 4 -0.49997641194165604
125.631 4 -0.499974071456685
133.732 4 -0.489567357042111
142.634 4 0.38137699235348904
149.235 4 -0.3423041331395639
154.935 4 -0.499999522491687
160.032 4 -0.444768407029029
169.732 4 -0.499999656729219
175.43200000000002 4 -0.09111394076599302
187.033 4 -0.499708077393945
192.13299999999998 4 -0.491746610246752
199.93400000000003 4 -0.157549020780126
205.43200000000002 4 -0.4931524720617829
214.733 4 -0.49964729208678105
220.533 4 -0.102749555726997
225.533 4 -0.49999867309653706
233.93400000000003 4 -0.20866440832771901
239.53400000000002 4 -0.497641531736276
245.535 4 0.499746420518094
251.136 4 -0.499388794751165
256.633 4 -0.39091689868005497
261.834 4 -0.499630213327764
268.334 4 -0.453803672390949
275.73400000000004 4 -0.49752495616448
283.334 4 -0.499149083021634
289.534 4 -0.329177208261148
294.73400000000004 4 -0.478418988750484
302.434 4 -0.498381679665436
310.23400000000004 4 -0.49990873046179296
317.834 4 -0.499962185306534
323.534 4 -0.499873043625983
332.634 4 -0.44945150925646604
337.635 4 -0.47839660560824
343.435 4 -0.499970118195919
353.037 4 -0.49785170105592896
360.435 4 -0.479395524549117
369.335 4 -0.498221386027572
376.235 4 -0.044982897654531
382.93699999999995 4 -0.4065116984334411
391.936 4 -0.49774787239367296
399.536 4 -0.49999190351173
408.835 4 -0.49966358232131103
414.736 4 -0.49212492822378906
420.836 4 -0.49639439597612106
428.736 4 -0.43104729563184
435.63599999999997 4 -0.499999090187539
441.036 4 -0.499997086331208
