5.506 2.524 -0.252764025192631
10.802 2.728 -0.4986231827225979
17.471 3.459 -0.49483356785180205
27.296 2.935 -0.25835336752585003
36.113 2.519 -0.47103542888735295
42.746 1.6869999999999998 -0.443540485158968
48.709999999999994 2.624 -0.4230846238472021
55.410000000000004 2.521 -0.015364939460049
62.906000000000006 2.625 -0.163759155564091
68.50200000000001 2.729 -0.493513401871142
75.682 0.7489999999999997 -0.261115549339918
79.797 2.834 -0.481374959463215
89.21700000000001 2.314 -0.379474193734659
99.342 1.7889999999999997 -0.12565873709293
104.858 1.3730000000000002 -0.47634939155873607
112.60300000000001 2.729 -0.472285297330165
117.686 3.146 -0.49790208115966206
126.20100000000001 2.831 0.17299871763747302
131.38600000000002 3.146 -0.492489363722201
139.576 0.9569999999999999 -0.37622916269418605
143.31 2.624 -0.460120225501846
148.39 3.145 -0.440436186053719
156.70100000000002 2.731 0.089140781681501
162.506 2.626 -0.462785828082878
171.193 3.04 -0.455860785215758
177.689 3.044 -0.489993697583577
183.394 2.938 -0.122107937154615
191.318 2.415 -0.152713001370879
198.896 2.937 -0.46489481377933206
209.21 2.523 -0.4395828691506679
216.293 3.04 -0.43514224862048106
226.30599999999998 2.727 -0.24421864841623803
232.95299999999997 1.58 -0.12919605925351502
238.31300000000002 2.421 0.03799472467396799
244.04500000000002 1.69 -0.321108972643457
249.66599999999997 1.27 -0.3664711848484629
255.347 1.6869999999999998 -0.48788920749810205
261.17 1.0639999999999996 0.019143471825494
265.409 2.625 -0.3647106745263571
271.588 3.146 -0.47269015807064896
278.696 2.938 -0.15011910252722901
284.218 2.416 -0.47599743930030197
292.327 2.1069999999999998 0.441278204140982
300.39200000000005 3.042 -0.49675595011836
307.449 1.5860000000000003 -0.24993700306773398
313.185 3.25 -0.49860221932871995
321.61 2.625 -0.215123330496695
327.294 3.041 -0.20891787143448498
334.831 2.104 -0.250631911930366
343.163 1.3730000000000002 -0.18942670044447102
352.566 1.2710000000000004 0.13271957756904
358.90900000000005 2.626 -0.484821639324255
365.625 2.11 -0.465403794347663
373.305 2.419 -0.35747204804288
379.51399999999995 2.312 -0.337701931581461
387.895 2.832 -0.49260132620010705
394.895 2.833 -0.305017380709995
401.33700000000005 1.7919999999999998 -0.066999913039457
405.71000000000004 2.52 -0.38420391953090993
410.88 3.251 -0.41979894524837397
416.998 2.834 -0.13972392693182198
425.591 3.145 -0.461263031102447
433.92199999999997 2.314 -0.30263119250875103
441.56199999999995 3.458 -0.41070468578966496
