6.244000000000001 1.7919999999999998 -0.46385512310633503
10.179 3.251 -0.49506173033570094
17.188000000000002 3.144 -0.495736545641004
26.717 2.519 -0.32278076844568104
34.885999999999996 3.25 -0.416385622539178
41.827 1.7919999999999998 -0.374578683792211
50.199000000000005 2.522 -0.385744282739188
55.989999999999995 2.832 0.030464219064503997
64.891 2.832 0.053000475897470006
73.739 1.585 -0.37786095537956105
79.29400000000001 2.732 -0.44513125259463504
87.10700000000001 2.52 -0.381069010863911
94.09299999999999 2.935 -0.481920153160161
102.205 2.625 -0.11854399109292
112.14 1.7910000000000004 -0.16630383641527
118.32300000000001 2.209 -0.411927639357462
129.947 1.79 -0.271946343415748
133.98499999999999 2.936 -0.46590565610036605
140.52599999999998 1.895 -0.48436254591709293
147.48399999999998 2.937 -0.26657463302026996
154.418 2.104 -0.408212747004781
161.373 0.75 -0.230283179156969
168.085 3.04 -0.494910764026346
176.706 2.52 0.146669292100759
186.821 2.1069999999999998 -0.320563512588469
192.993 2.936 -0.42415214764460496
201.939 1.7910000000000004 -0.227292225134113
207.218 2.313 -0.096446142919116
213.53400000000002 1.8980000000000001 -0.45894514514783596
222.214 2.52 -0.38726676792790504
227.398 2.937 -0.316620177648052
233.89800000000002 2.624 -0.4714580119208
242.297 2.625 -0.31204453077713595
248.83 1.7919999999999998 0.060469022591812006
253.802 2.521 -0.255569504080958
258.285 3.039 -0.48859240146158395
265.198 2.627 -0.07071120656376301
272.90799999999996 2.418 -0.42090816430658007
277.696 2.731 -0.48218684503223097
283.306 2.522 -0.48968940339989603
290.886 0.5430000000000001 -0.11137801451295698
294.32199999999995 2.208 -0.309724013816818
301.825 2.106 -0.218196035066489
309.101 2.431 -0.400358286396844
317.709 2.625 -0.49680451456442604
324.53400000000005 2.001 -0.41432823600208096
333.285 2.838 -0.16965987084971598
340.01300000000003 2.21 -0.026693541074099
348.134 1.79 -0.156971526171965
357.509 2.315 -0.355612660115731
364.081 3.145 -0.295340802139428
370.998 3.146 -0.45773696449361295
376.4680000000001 3.46 -0.49670665003660097
383.173 3.356 -0.4827086918859261
391.699 2.731 -0.47703825210395095
396.787 3.144 -0.48770682070959204
402.92499999999995 2.207 -0.056737955323462
408.82200000000006 2.311 -0.47669630632282206
413.189 3.145 -0.47387054365998404
419.315 2.52 0.078109595441126
424.90099999999995 2.624 -0.4742528601082329
432.786 2.939 -0.45834524457951503
443.546 1.4789999999999996 0.059555131248308
