4.05 4 -0.46784878983348294
12.933 4 0.18491577928753303
21.735 4 -0.484429054313943
29.131 4 -0.25207030984884304
37.231 4 -0.49674569027536
42.731 4 -0.49168583120184206
50.531000000000006 4 -0.497835320854427
56.532 4 -0.499862764344019
66.232 4 -0.45701897101720507
71.332 4 0.092515479766851
80.232 4 -0.46433904474263
85.83200000000001 4 -0.48269691395125797
91.932 4 -0.499964246472517
98.132 4 -0.486330749067332
103.833 4 -0.494953733286078
110.434 4 -0.465635840049164
115.935 4 -0.49996788210553295
122.03299999999999 4 -0.489853260449719
127.73299999999999 4 -0.38690138436785104
136.833 4 -0.497075650876389
142.333 4 -0.499998888218246
150.533 4 -0.49968135809501
155.733 4 -0.498283970096006
161.233 4 -0.06803870998223001
169.13299999999998 4 -0.324935765454963
178.433 4 -0.49991697419523606
186.433 4 -0.499394962607685
191.433 4 -0.499066714708317
196.43400000000003 4 -0.40822747406627097
204.13400000000001 4 -0.421402386827592
212.535 4 -0.24611859290983498
220.137 4 -0.018195127438757
226.834 4 0.090892290654334
234.63400000000001 4 -0.4790633209198111
244.234 4 -0.49984231716119104
251.13400000000001 4 -0.468819731698284
256.335 4 -0.333728655708942
262.535 4 0.058596385990984996
272.435 4 -0.499967665593167
278.335 4 -0.499992669100509
287.635 4 -0.499924913638612
293.035 4 -0.49978825680074296
298.235 4 -0.359763596255782
304.835 4 -0.495464557051491
311.036 4 -0.48580343301827505
318.637 4 -0.499595193677146
324.438 4 -0.49735457647713105
331.436 4 -0.49543412144826504
340.336 4 -0.39597444922089503
347.93699999999995 4 -0.23285654100134
353.536 4 -0.49918218289579896
362.536 4 -0.033685655119752
369.43 4 -0.49933102496183795
375.231 4 -0.4967674115082029
380.631 4 -0.14001171282775698
389.733 4 -0.20479929687502102
395.337 4 -0.4946319772299021
401.037 4 -0.499982975757991
408.52 4 -0.20619525998696397
415.921 4 -0.22527455577654001
422.022 4 -0.22661125211905497
428.523 4 -0.48090212124167203
435.925 4 -0.49999741813438897
441.025 4 -0.49998749207202897
