5.503 2.544 -0.48490709315248104
14.581 2.75 -0.452688920347661
19.774 3.058 -0.49859605648494704
26.963000000000005 3.4699999999999998 -0.49973937436674604
32.271 3.263 -0.49885913267494103
40.274 3.161 -0.42793259292617103
48.45399999999999 3.368 -0.4999254163982721
57.195 2.0269999999999997 -0.27033523398028103
61.452 3.4699999999999998 -0.4970559947267029
66.45400000000001 3.4690000000000003 -0.499984603818982
73.384 2.44 -0.305019160209995
81.97500000000001 2.851 -0.386225688433806
88.19600000000001 2.131 -0.338981991090834
96.27199999999999 2.956 -0.475860458829486
101.064 3.2649999999999997 -0.499555401947579
109.794 2.3369999999999997 -0.446019349623219
115.49700000000001 2.235 -0.161327737285689
120.577 2.856 -0.138462278064078
126.968 3.3659999999999997 -0.499825645696465
134.565 3.4699999999999998 -0.49802875702660604
143.304 1.7189999999999999 -0.162830928229322
148.35899999999998 3.2640000000000002 -0.499636343163241
154.791 2.233 -0.452385164139716
161.052 3.572 -0.499898488316442
171.363 3.162 0.29398435327906797
179.277 2.749 -0.447613841959616
185.285 2.542 -0.34806779457175
191.385 2.544 -0.494067696309757
199.56 3.4699999999999998 -0.47690048697127796
205.379 2.852 -0.434372334514886
210.16 3.572 -0.499994577598826
217.16199999999998 3.471 -0.499843372879756
226.466 3.4690000000000003 -0.49999877065161696
231.78099999999998 3.16 -0.460968958690974
238.479 2.646 -0.49964767477390504
243.755 3.4699999999999998 -0.49998607618753904
248.74900000000002 3.676 -0.49998740775222494
255.86700000000002 3.058 -0.48714364427749396
262.259 3.3659999999999997 -0.49915020698534
267.765 3.06 -0.49087566027090507
277.80400000000003 1.923 -0.375690078069956
287.926 1.403 0.114951889185015
293.725 1.2039999999999997 -0.42838061221834994
297.781 2.75 -0.365114164933165
307.641 0.6910000000000003 0.16987124161393602
312.776 2.957 -0.49987588702679103
318.67600000000004 3.058 -0.49790265488917895
324.776 3.159 -0.420914433460128
332.554 3.572 -0.49999956703815507
342.064 3.162 -0.44794637291068895
348.28099999999995 2.646 -0.488435879198819
353.167 3.16 -0.495605310758108
358.65799999999996 3.4690000000000003 -0.49994655179276504
365.56699999999995 3.16 -0.47354932216044604
372.176 2.751 -0.4924749601380179
379.16700000000003 3.161 -0.48281078812505895
384.257 3.572 -0.49999952125407704
392.372 3.058 -0.48953021662656004
401.066 3.266 -0.497606961892595
407.78800000000007 2.645 -0.44239332147736204
416.873 3.262 -0.46763905991054205
424.76000000000005 3.368 -0.49945645497096003
433.978 2.952 -0.484325729767067
441.764 3.2640000000000002 -0.37145087082226397
