5.298 2.747 -0.494475681220259
10.591999999999999 2.543 -0.419042960291449
16.381 2.955 -0.49983162886784205
24.078 3.058 -0.38616544408610404
31.781 2.955 -0.49905258871291897
40.99099999999999 2.645 -0.49999523276175106
46.387 2.749 -0.493735453891443
53.73500000000001 1.1010000000000004 0.395634065854944
61.221 0.9989999999999997 -0.309066864377063
69.498 1.823 -0.499024719468941
74.295 2.0269999999999997 -0.49890480895024797
79.774 2.749 -0.492764299970474
85.067 3.057 -0.265447387797288
93.66000000000001 3.3659999999999997 -0.48339176519318
99.97300000000001 2.9539999999999997 -0.41232464011675
108.69 2.338 -0.11952252028795099
117.23700000000001 0.6919999999999997 -0.499833372533995
127.578 2.9539999999999997 -0.49408660599103704
133.17600000000002 3.057 -0.49896650001238896
140.369 3.2649999999999997 -0.499805342208831
147.194 2.544 -0.49962501364300294
152.995 2.4419999999999997 -0.09180763149584599
157.156 3.2649999999999997 -0.49720716790950203
166.6 1.822 -0.4853361814527679
174.57 2.753 -0.40510635809249496
179.352 3.472 -0.49882730730513103
188.168 3.058 -0.317872246614041
195.179 2.648 -0.492335231469948
203.561 3.367 -0.496864491209914
213.378 2.852 -0.49998968429478496
219.28199999999998 2.749 -0.42399205143731
224.779 2.853 -0.498936101062385
232.172 3.161 -0.484910921555429
238.673 3.162 -0.45424474296281203
244.698 2.3369999999999997 -0.45831697228220203
252.30100000000002 1.721 -0.48259571422796704
256.673 2.75 -0.323672412924017
261.765 3.058 -0.499821569335258
270.107 1.616 0.41315389800422403
293.16 3.368 -0.49993142872218294
298.772 2.956 -0.45671307822372104
303.87600000000003 2.9530000000000003 -0.126338770670692
310.18399999999997 2.646 -0.4605747014240871
317.33099999999996 1.0 -0.465717051277363
321.478 2.9539999999999997 -0.499553724354905
327.585 2.648 -0.04917170518074299
333.88800000000003 2.5460000000000003 -0.296945335812377
342.863 3.161 -0.461659136200285
348.35900000000004 3.2649999999999997 -0.499971252908125
353.963 3.161 -0.49999567549998297
362.57300000000004 2.751 -0.466664948877807
369.663 3.161 -0.497439430189872
379.977 2.749 -0.40997545287750803
389.676 2.751 -0.28564298367157104
397.89000000000004 2.339 -0.49993596518159206
412.26099999999997 3.471 -0.499988953450671
418.86400000000003 3.4690000000000003 -0.49997287383556105
425.684 2.75 -0.492969805674166
435.716 1.7189999999999999 0.09432040647979699
441.65799999999996 3.367 -0.49950805733422704
