5.273 2.7560000000000002 -0.325836283015946
11.709999999999999 2.419 -0.47707820636608006
18.213 2.416 -0.49982052392749804
23.102 2.627 -0.432207458751794
29.022 2.108 0.19832865528350802
34.306999999999995 2.624 0.456965215041868
42.022 2.311 -0.49155319935472996
48.248 1.6860000000000004 -0.4133387212222
52.815 2.52 -0.498364605676083
58.72 2.31 -0.4511425242131021
67.101 2.729 -0.136075606832131
73.143 1.6869999999999998 -0.45697938252117104
81.941 1.7889999999999997 -0.49248648373264603
88.703 2.727 -0.48746330631787105
98.844 1.6860000000000004 0.006418653069694
117.74900000000001 1.5819999999999999 -0.18417442830044198
124.511 2.42 0.18410007731552103
131.31 2.622 -0.41451683729329897
138.892 3.041 -0.49825204919792
145.807 2.727 -0.497259471485472
151.71099999999998 2.52 -0.407913997753909
160.32700000000003 2.004 -0.46669276035437895
168.815 2.417 -0.4410011202457771
176.80399999999997 2.627 -0.376034931409915
182.70200000000003 2.73 -0.498826875883207
191.624 2.208 -0.20903537598851302
197.09900000000002 2.833 -0.46396124487958096
202.806 2.626 -0.440144766150184
208.52700000000002 2.105 -0.496124536001212
217.526 2.106 -0.49978086741763006
225.023 2.209 -0.28415618551071997
232.844 1.7889999999999997 -0.124026737557765
238.31900000000002 2.415 -0.4823373426913471
244.114 2.521 -0.494233217270879
255.052 1.4810000000000003 -0.04339025548497
261.359 1.3739999999999997 -0.248517750251859
269.734 1.8989999999999996 -0.483457718831123
279.126 2.1069999999999998 -0.120425419943303
286.094 3.039 -0.499668412841639
292.008 2.625 -0.49911429059262796
297.78999999999996 3.043 -0.49884429447484396
307.926 2.207 0.092263216826919
314.56 1.3739999999999997 -0.44378835076452794
321.32000000000005 2.414 -0.195164213614224
327.647 1.6869999999999998 -0.0886415670764
332.728 2.106 0.346105843005139
339.601 2.834 -0.47428059492113395
346.087 3.249 -0.49534204063355797
352.103 2.731 -0.49800389596575106
357.103 2.935 -0.472556014933776
363.903 2.731 -0.477411246990229
372.031 2.003 -0.499938103906039
382.047 1.6869999999999998 -0.389805116175183
389.44 1.795 0.010247790718627
394.728 2.207 0.29765514191850395
400.824 2.311 -0.248452977603731
410.331 2.104 -0.38309581852816904
418.389 3.146 -0.497599948106677
426.39799999999997 2.937 -0.495858445655944
432.851 1.5839999999999996 0.318275113830595
436.999 2.42 -0.4504418240910821
441.994 3.042 -0.493515484172405
