5.427 2.617 -0.481148905524754
14.126 2.102 0.41956159611964206
19.388 3.041 -0.47851765531141205
24.912 2.518 -0.222596260415515
30.621 2.31 -0.36865028761566104
34.684 3.248 -0.056100472034284005
41.097 2.936 -0.49564116421686
47.904999999999994 2.729 -0.41844680607641205
54.448 1.6869999999999998 -0.318326271560878
62.181999999999995 3.042 -0.49816011314871794
69.133 1.7910000000000004 -0.453489602510331
74.171 3.3529999999999998 -0.496605534316062
82.69699999999999 2.727 -0.493071501651272
89.334 1.7910000000000004 -0.23576065794353002
94.56600000000002 3.46 -0.49947970114209206
101.113 2.414 -0.30820301152096397
107.40599999999999 2.622 0.22558834516800302
114.77399999999999 3.355 -0.49972841477225294
124.41000000000001 2.621 0.02680571463976
131.484 3.148 -0.49962688968343294
137.498 2.935 -0.499894599774447
143.418 2.416 -0.352717462912772
152.399 2.726 -0.48970562725651
157.797 2.728 -0.428889260909324
164.11100000000002 2.314 -0.27533784206316
170.99099999999999 2.834 -0.49944384867290204
179.151 1.3739999999999997 -0.21211545518051603
185.58700000000002 2.938 -0.484502899574066
194.38299999999998 3.043 -0.492093701039209
202.188 3.04 -0.45962885210486604
208.598 2.731 -0.490219211661594
214.394 2.936 -0.447205386244032
220.209 2.622 0.286680300663416
230.046 1.5869999999999997 -0.37768918153843106
234.524 2.309 -0.305816887409012
243.208 2.727 0.4409820153407101
250.38199999999998 3.144 -0.494318454705556
259.798 2.729 -0.447966314355509
266.442 1.685 0.088724878232616
270.888 2.939 -0.33726949808809803
276.614 2.4130000000000003 -0.459044619836948
284.244 1.6830000000000003 -0.414489935619174
291.892 2.935 -0.38463313942792104
302.41800000000006 2.311 -0.48641123186988006
312.43399999999997 1.8960000000000004 -0.251326462860963
319.317 2.415 -0.139535375170184
324.21099999999996 2.622 -0.44722258955469196
329.906 2.728 -0.48570057979569803
338.22999999999996 2.105 0.166195797445089
343.90500000000003 2.623 -0.092346302461742
349.62600000000003 2.102 -0.059794366540636995
355.879 3.249 -0.499906332475632
364.938 1.79 0.37034968201481
370.98 3.248 -0.48955191301707
380.173 3.355 -0.497563820686475
388.80800000000005 2.52 -0.49922450817700803
394.27700000000004 3.251 -0.494947763649877
403.365 1.1639999999999997 -0.33521859684578303
408.551 1.58 -0.49866022016919004
412.87899999999996 3.3529999999999998 -0.49953759722186997
422.21700000000004 2.416 -0.46620715382336797
426.98400000000004 3.25 -0.49687084560879297
432.296 3.039 -0.48016858233624
442.31 2.727 -0.437188893726632
