4.045 4 -0.499999999979787
9.628 4 -0.4828087374051479
19.328 4 -0.499999998363615
29.228 4 -0.403010193464878
34.928000000000004 4 -0.49999998924142897
40.429 4 -0.499999518795164
46.53 4 -0.49999999999362
54.531000000000006 4 -0.49998962783792295
60.433 4 -0.49999999444867
65.533 4 -0.499101709884587
70.734 4 -0.46931085165695796
77.62899999999999 4 -0.41697573894482104
85.229 4 -0.126851863894027
90.929 4 -0.499999918908985
97.029 4 -0.4998722950400471
103.229 4 -0.499998714770932
110.829 4 -0.499999999875886
116.829 4 -0.49999683628029207
123.729 4 -0.49999999909592896
129.329 4 -0.49999998886752295
137.23 4 -0.499998310810432
146.131 4 -0.49487028136574
153.732 4 0.044158245832685995
159.333 4 -0.499892345990979
164.334 4 -0.471279533325607
172.53 4 -0.31259651645836795
177.73 4 -0.49752133821155803
183.53 4 -0.499998475362133
192.83 4 -0.49999031287095097
202.13 4 -0.499634884688734
209.831 4 -0.094374340151191
215.231 4 -0.49999999921140603
220.231 4 -0.49999999915564003
225.331 4 -0.49999998960277797
234.231 4 -0.15049753127323498
240.93099999999998 4 -0.4999481173176721
248.332 4 -0.49999948476604605
256.433 4 -0.337234124734291
261.634 4 -0.052619050139542
270.432 4 -0.49349341878869607
279.432 4 -0.4993163845020589
286.432 4 -0.49999155019650504
294.832 4 -0.499998670103714
301.032 4 -0.307338255449905
310.132 4 -0.499997240380774
317.532 4 -0.35072301390281896
325.332 4 -0.49999996591276796
330.832 4 -0.499004855201022
336.533 4 -0.499942518016046
342.63300000000004 4 -0.102583799699798
348.43300000000005 4 -0.49999999995659905
358.035 4 -0.499595494256868
364.63599999999997 4 -0.499996494825758
370.13300000000004 4 -0.49985359744459895
375.63300000000004 4 -0.49992698942342795
381.033 4 -0.499999999993399
390.13300000000004 4 -0.379952421459083
396.333 4 -0.48161538130007103
403.733 4 -0.49999974307295003
411.534 4 -0.3177436631051961
418.034 4 -0.49998926736422494
425.534 4 -0.482221888456949
432.134 4 -0.499216358475916
441.034 4 -0.06104949235616099
