4.045 4 -0.11019310139257
10.227 4 -0.44269687895345894
19.927 4 -0.498542535015134
27.628 4 -0.49832971562177003
33.329 4 -0.49975742857251004
40.93 4 0.32577900666821
50.232 4 -0.499802909341906
59.133 4 -0.499405813991712
66.635 4 -0.46624630935494604
72.13600000000001 4 -0.258142843322985
77.22800000000001 4 0.44248297743147297
83.228 4 -0.495285692191424
91.02799999999999 4 -0.369912909033094
98.62799999999999 4 -0.489957247394452
105.52799999999999 4 -0.49794071842915005
113.529 4 -0.410002629958943
122.529 4 -0.499988379549612
128.629 4 -0.470425939712456
135.63 4 -0.4868972840528689
141.731 4 -0.496422108761847
147.332 4 -0.497789155135587
153.033 4 -0.49995377007056296
160.635 4 -0.270951903015173
166.135 4 -0.475837997705453
174.33 4 -0.4994433754171789
179.73 4 -0.009648470486615
185.53 4 -0.499860584306748
193.43 4 -0.36211542950507103
202.23 4 -0.4801667475358479
210.03 4 -0.49126177646200997
216.53 4 -0.4885052333729629
226.43 4 -0.472295209112611
231.63 4 0.31498880827739695
240.532 4 -0.46391191792532305
249.63400000000001 4 -0.470312285753779
258.535 4 -0.499962439303667
263.936 4 -0.384999455748536
269.83099999999996 4 -0.17285819149106302
278.231 4 -0.498438126877055
283.431 4 -0.49379057418923294
289.631 4 -0.461352824562546
297.731 4 -0.093591415348437
302.83099999999996 4 -0.496877225723409
310.232 4 -0.397817447685998
319.532 4 -0.49998667991233
326.132 4 0.44602017723792403
332.23199999999997 4 -0.304638496530745
337.832 4 -0.49709713606515504
347.434 4 -0.499316269361038
354.835 4 -0.478855905026932
360.332 4 -0.48684607192444207
366.533 4 -0.40400142505504205
371.533 4 0.495304202735431
376.733 4 -0.3845965465168521
383.333 4 -0.468371147743799
389.13300000000004 4 -0.499975159066981
395.833 4 -0.23223976804875002
401.533 4 -0.499973431992812
407.033 4 -0.07631466468226
412.63300000000004 4 -0.499930098868599
421.733 4 -0.49853677101111205
428.63300000000004 4 -0.496660833022191
433.63300000000004 4 -0.43462029605289204
441.034 4 0.060286227095389
