4.05 4 -0.320594703605954
13.332 4 -0.22457114173488502
20.732 4 -0.073687555369345
26.331999999999997 4 -0.3695647202185471
35.431999999999995 4 0.264484046730129
42.133 4 -0.47756563700433796
47.835 4 0.015619562221644
54.036 4 -0.051026370526786
61.633 4 -0.198939598770469
69.733 4 -0.452726506860638
77.233 4 -0.440975490615101
84.23299999999999 4 0.399413066018319
92.03299999999999 4 -0.17371732231962397
98.03299999999999 4 -0.44715858252499296
103.833 4 -0.124122723757865
108.833 4 -0.44277666231647106
117.634 4 -0.036634784919436
125.833 4 -0.34060035185180704
134.733 4 -0.464886818701748
140.234 4 -0.49350911479540294
147.835 4 -0.226296307831068
157.737 4 0.193628988541431
163.134 4 -0.48142740158399394
170.03400000000002 4 -0.36088352267060103
176.234 4 -0.11821326175201599
181.93599999999998 4 -0.42873736012307
187.835 4 0.017782487865084
193.03400000000002 4 -0.273254050062841
199.13400000000001 4 -0.495861275506788
207.135 4 -0.46814506073142
213.235 4 -0.48245588800471395
220.937 4 -0.478276014269498
226.535 4 -0.433584191058558
233.135 4 -0.493235501443601
239.235 4 -0.41623292405032897
248.33599999999998 4 -0.09416636234796301
253.437 4 -0.40166234131143896
260.038 4 -0.477923618289634
265.035 4 0.20922196427724
270.536 4 -0.47564039778624395
277.041 4 -0.319444963424308
283.942 4 -0.202390031946828
289.436 4 0.184472239771468
298.336 4 -0.471568011131479
307.63599999999997 4 -0.283463955321822
316.536 4 -0.40816856220159903
321.732 4 -0.011509702743977999
331.436 4 -0.23790394001576998
338.837 4 -0.38830201480940707
344.036 4 0.232788226114236
351.621 4 -0.32426209871619605
360.62300000000005 4 -0.487389143242639
366.423 4 -0.491808479586939
371.525 4 -0.451980003062587
377.026 4 0.31569951888926195
386.62699999999995 4 -0.4742228506938
394.528 4 -0.27782993420819896
399.931 4 -0.348372428176412
405.531 4 0.205817564436611
411.23199999999997 4 -0.214613139216501
418.63300000000004 4 0.090193268768801
426.434 4 -0.49477367294756003
432.63800000000003 4 -0.445039219199394
441.022 4 -0.475246329923824
