4.04 4 -0.285748937005761
13.334000000000001 4 0.018176723856005002
20.736 4 -0.310823309282522
26.322 4 -0.451349739483858
35.422 4 -0.47263971954866707
42.123000000000005 4 -0.499578311008791
47.823 4 -0.31399379815295
54.025 4 0.044075063546006
61.626000000000005 4 -0.446829057362943
69.727 4 -0.49672344277984704
77.229 4 -0.496654793640057
84.23 4 -0.435963219499967
92.031 4 -0.446302940168968
98.03299999999999 4 -0.496689295548525
103.834 4 -0.39919315708815395
108.834 4 -0.48758869269625604
117.63600000000001 4 -0.036324146375457
125.823 4 -0.450377766886419
134.724 4 -0.491561406404711
140.22299999999998 4 -0.49989952092054096
147.82399999999998 4 -0.40290256307307504
157.727 4 -0.275054770542357
163.127 4 -0.498897645354337
170.02900000000002 4 -0.46480498008322707
176.23 4 -0.133151754446132
181.933 4 -0.48733108850547296
187.832 4 -0.195607141590146
193.033 4 -0.330699774786122
199.13400000000001 4 -0.499950186635052
207.135 4 -0.495666237876462
213.236 4 -0.499201132194219
220.925 4 -0.498422921728484
226.525 4 -0.46719551622598404
233.125 4 -0.4997316740241429
239.225 4 -0.48241798386159496
248.325 4 0.031146865979822004
253.42700000000002 4 -0.48693475558745897
260.028 4 -0.499184352149006
265.029 4 -0.21080150902474304
270.53 4 -0.49840645760648705
277.031 4 -0.48610503421822
283.934 4 -0.4019867941718479
289.433 4 0.208658564105478
298.335 4 -0.49571089170888594
307.63599999999997 4 -0.282225814759675
316.526 4 -0.466190834459182
321.726 4 0.19340017199559498
331.426 4 -0.371914082779067
338.827 4 -0.435336929442826
344.026 4 -0.212935076666427
351.62699999999995 4 0.44988490499794603
360.629 4 -0.49959967393323795
366.43 4 -0.49989740887307793
371.531 4 -0.49830400618312
377.031 4 -0.432119138984467
386.63300000000004 4 -0.497801741085741
394.534 4 -0.43079091273130393
399.93800000000005 4 -0.4334236978421421
405.528 4 -0.326265632505367
411.228 4 -0.3707478862152971
418.62800000000004 4 -0.13073234431548
426.42800000000005 4 -0.499949139515247
432.62800000000004 4 -0.49120603897586895
441.028 4 -0.49917583052118897
