4.044 4 -0.37099008527075605
10.234 4 -0.34991212959255896
15.435 4 -0.499919126615396
21.436 4 -0.499999999997238
31.026999999999997 4 -0.499999990190415
38.527 4 -0.499999974050724
47.527 4 -0.48715282297398105
55.126999999999995 4 -0.497970464560216
60.927 4 -0.498832445087801
66.628 4 -0.49999999988178706
72.128 4 -0.4997449846674579
77.729 4 -0.499999464630511
84.631 4 -0.499984232593361
90.03200000000001 4 -0.499999984045326
99.93299999999999 4 -0.38991335763928003
109.234 4 0.068255308906727
115.936 4 -0.49999997965271004
121.02799999999999 4 -0.49908426853100396
126.029 4 -0.499995326181901
132.128 4 -0.49947118556110504
138.72799999999998 4 -0.499998889523595
144.629 4 -0.49787643887399397
150.429 4 -0.499999998087608
156.128 4 -0.48331664915276507
165.028 4 -0.499999998967983
172.62900000000002 4 -0.499962738567639
177.83 4 -0.49962950067311207
183.03099999999998 4 -0.49998525978733005
190.732 4 -0.47785916955910207
200.43400000000003 4 -0.49999977345987395
208.235 4 -0.383138208495837
215.62900000000002 4 -0.49999996054467893
221.73 4 -0.44920885683649303
227.23 4 -0.49999999999957795
234.63 4 -0.499772169381036
240.13 4 -0.49999784668341396
245.13 4 -0.487715816983485
250.23 4 0.4333502453892029
258.33 4 -0.49902051590105295
264.431 4 -0.49999633517207304
271.33099999999996 4 -0.4843865599074529
276.932 4 -0.486871000799705
284.332 4 -0.499999955835676
289.935 4 -0.496072025159294
298.835 4 -0.08470128477376301
307.236 4 -0.457941332525026
314.83099999999996 4 -0.49970946162352703
323.731 4 -0.499999285534533
332.83099999999996 4 -0.49999553354616905
339.43199999999996 4 -0.498751182587401
345.13199999999995 4 -0.49982134515637605
351.332 4 -0.49999999470628403
359.531 4 -0.49967479706401197
366.032 4 -0.40205805078855106
374.032 4 -0.4999035814583329
381.832 4 -0.499985913763147
391.134 4 -0.493333171978122
396.535 4 -0.419938739126243
402.736 4 -0.316185730793448
410.63300000000004 4 -0.007884456802937
419.733 4 -0.47016156812523296
428.533 4 -0.489898282216595
434.033 4 -0.49999908882915994
441.033 4 -0.499397545920356
