4.05 4 -0.49491193696425
11.732000000000001 4 -0.22268640662843697
20.133 4 -0.399702530893151
29.835 4 -0.49832652804181704
36.431999999999995 4 -0.49835670655694897
42.332 4 -0.48324545064723706
51.93899999999999 4 -0.40005636816065504
57.533 4 -0.42377758394162496
63.733000000000004 4 -0.499826382498363
71.333 4 -0.46162437753950497
77.333 4 -0.08365944466185099
84.833 4 -0.40738106281439
92.633 4 -0.343461486060943
101.73299999999999 4 -0.49988445648083896
106.93299999999999 4 -0.4989980640889029
112.03399999999999 4 -0.448142660895022
117.53399999999999 4 0.380734608061401
123.035 4 0.425051210700211
130.636 4 -0.497967920219751
136.33700000000002 4 -0.48754476699446
141.834 4 -0.49985706832419796
149.234 4 -0.499785231581999
155.334 4 -0.484359166591488
161.034 4 0.315441961688178
168.834 4 -0.013784100797661
175.334 4 -0.49817260503283
181.035 4 -0.182071469976239
194.335 4 -0.45823587886855
199.335 4 -0.499115338592688
207.235 4 -0.49918991880822705
216.335 4 -0.447949221553104
223.03599999999997 4 -0.48294250061838
230.437 4 -0.49964757662581505
236.238 4 -0.43853146103894003
245.135 4 -0.48106426774475997
253.136 4 -0.49550533227308796
258.336 4 -0.491370398019719
267.63599999999997 4 -0.493261076070256
273.036 4 -0.24349232389208
280.42900000000003 4 -0.08808207199223102
289.731 4 -0.46229142346594
295.933 4 -0.48072265155539
304.934 4 0.161779724324618
310.437 4 -0.49730591147233205
317.436 4 -0.249646737281797
323.22 4 -0.39321471607902103
328.82099999999997 4 -0.486412653544634
337.722 4 -0.061128096273086
346.624 4 -0.49940028593593
354.226 4 -0.492510383309128
361.12699999999995 4 0.16584760466413
371.028 4 0.112655545971797
377.129 4 -0.499271605501463
384.031 4 0.485915270894178
389.031 4 0.371160636304923
397.833 4 0.09154194329173598
402.934 4 -0.498139051859096
409.035 4 0.18121922215558398
415.621 4 0.203861416023688
423.82099999999997 4 0.46294732154097296
429.42199999999997 4 -0.41594171498454896
434.82300000000004 4 0.229158168767555
441.024 4 -0.493012613079626
