5.397 2.646 0.21846358744903502
13.591999999999999 2.335 -0.499994860638574
20.512 1.616 -0.20067252838519603
27.881 2.648 -0.35117091155843494
35.916 1.5139999999999998 -0.485555968301074
43.276 3.056 -0.45115112564979903
52.891 2.543 -0.475963967917767
62.499 2.2359999999999998 -0.484273766207133
69.78 2.646 -0.47852334573619604
75.382 2.544 -0.480558203716313
83.59400000000001 2.133 -0.32997250735192607
88.58800000000001 2.339 -0.48136443825818703
95.99100000000001 2.336 -0.499990169366862
100.269 3.058 -0.49968769701899896
109.17000000000002 2.957 -0.260182153351341
115.39299999999999 2.235 -0.36859678166567494
124.574 2.956 -0.43670851571742697
131.89499999999998 2.336 -0.13373519756018498
139.69500000000002 2.3369999999999997 -0.45501046665281103
148.082 2.852 -0.49862248620643695
153.492 2.543 -0.416245431679478
161.493 2.543 -0.025055140497817003
167.471 3.057 -0.385547090145407
175.481 2.647 -0.490020409972904
182.028 1.1 -0.178935429858667
186.784 2.544 0.395449987412984
192.078 2.851 -0.494978228754101
198.071 2.957 -0.49971352569588795
205.77399999999997 2.854 -0.287699201793423
210.874 2.9539999999999997 -0.49890646044193104
217.576 2.853 -0.461909014405271
225.083 2.748 -0.49633930123415704
232.37500000000003 3.057 -0.49972562780863894
238.586 2.647 -0.463459795517914
243.37 3.2640000000000002 -0.479412192362309
249.17999999999998 2.955 -0.499348964017939
256.412 1.924 -0.09257602854292699
264.02500000000003 1.2039999999999997 -0.14369777918532298
268.276 2.853 0.007304887611205999
274.47800000000007 2.751 -0.49772230587762495
278.961 3.368 -0.47034424279911297
287.082 2.748 -0.49565221809160204
296.388 2.742 -0.49973721880178007
305.408 1.822 -0.459708882340394
310.284 2.647 -0.082112005933004
316.097 2.233 -0.46727602655115796
324.195 2.336 -0.37649954677913106
329.695 2.3369999999999997 -0.49799846551484794
335.904 2.13 0.458005849548005
350.981 2.749 -0.499964031786294
357.96999999999997 3.161 -0.49725258042116904
363.56699999999995 3.2640000000000002 -0.499039185202242
372.56699999999995 3.2640000000000002 -0.47695624413957394
385.487 2.544 -0.37174941399024203
390.881 2.75 -0.48213784798961995
396.585 2.646 -0.437607668276984
409.29499999999996 2.336 0.028860990601662997
418.58099999999996 2.75 -0.49984360651712395
424.491 2.541 -0.440086194897864
442.59400000000005 2.441 -0.19153961838112696
