4.0489999999999995 4 -0.08911430232327999
13.130999999999998 4 -0.49526195516859206
18.331 4 -0.49880795309360204
24.432 4 -0.446979098816721
32.132 4 -0.49452780011909603
40.332 4 0.172821952803929
49.431999999999995 4 -0.44910555440324607
56.332 4 -0.4908384338988
64.332 4 -0.497131709160726
69.932 4 -0.49017013330247605
75.832 4 -0.4996390573016021
82.53299999999999 4 -0.46494974095179603
91.53399999999999 4 -0.249366253516193
99.035 4 -0.49649344754542896
105.934 4 -0.3617814005758811
114.333 4 -0.49239642271580303
120.53299999999999 4 -0.36358999439997397
134.333 4 -0.014278410080011999
140.934 4 -0.434100055524265
150.634 4 -0.45311854154142
158.433 4 -0.466381053026207
167.334 4 0.099523614049604
173.334 4 -0.481083153625
179.13400000000001 4 -0.15007242310118502
187.234 4 -0.423720986239308
192.835 4 -0.34747833646805704
197.93599999999998 4 -0.003488386338963
203.437 4 -0.464429673713146
208.834 4 -0.428581098316058
218.435 4 0.060969742966289
223.935 4 -0.499452169148529
229.635 4 -0.018091356551946998
237.235 4 -0.275569100382242
246.135 4 -0.403262460105788
267.735 4 -0.16945217386093803
275.335 4 -0.49885826744863004
280.335 4 0.23559623706168104
288.135 4 -0.486735037907374
293.63599999999997 4 -0.29024121766996996
298.637 4 -0.49992168817208604
303.738 4 -0.495835175462161
309.336 4 -0.46907626249393297
328.13599999999997 4 -0.38985075763605104
334.227 4 -0.35655781511111
340.42800000000005 4 -0.49996078798697097
347.42900000000003 4 -0.499836707404041
358.731 4 -0.489740878985499
363.93199999999996 4 -0.497818343540122
371.833 4 -0.435033695124145
378.337 4 0.280389351265407
385.73699999999997 4 -0.49997950004541597
391.22 4 -0.46134563694229297
400.522 4 -0.425664261060407
407.923 4 -0.426708037636402
416.725 4 -0.49899683560049296
422.526 4 -0.493594711560824
427.92699999999996 4 -0.49986840903544394
435.32800000000003 4 -0.49762205066188103
441.029 4 -0.499862603905698
