4.0280000000000005 4 -0.46441790227473706
9.627 4 -0.4417691755699179
18.528 4 -0.46855944624694507
24.628 4 -0.40102712828910203
29.829 4 -0.484779368474124
38.03 4 0.212184829458356
43.531000000000006 4 -0.4728515074649411
48.632 4 -0.23041677843862002
57.034 4 -0.402272117662194
62.034 4 -0.4987799688992271
67.628 4 0.461690786842563
75.428 4 -0.10733460487264199
82.928 4 -0.355214957627561
89.82799999999999 4 0.012491132904706001
95.529 4 -0.47904290320467896
101.729 4 -0.49779935631444605
107.229 4 -0.26878207653329605
113.329 4 -0.41316595325855004
118.329 4 -0.45820493315824
124.12899999999999 4 0.16487828055863402
132.13 4 -0.444635232845067
138.031 4 -0.39957303698796703
149.233 4 -0.260424295231648
157.034 4 0.020042919455825
174.33 4 -0.49603369621727705
181.03 4 0.35346784802072995
190.73 4 -0.48811960629559703
199.73 4 -0.09620620699484199
206.33 4 -0.154941234006756
215.63 4 -0.471207647302695
223.231 4 -0.28687754871758697
232.331 4 -0.015998188351477
241.232 4 -0.110677683684422
250.834 4 0.24483594505759002
257.835 4 -0.289581692330063
266.631 4 -0.493183236719374
275.731 4 -0.08550234036469599
281.231 4 -0.416613406299706
292.332 4 -0.471657213565589
299.932 4 -0.04611197971002901
306.432 4 -0.14437200636004402
312.532 4 -0.49347656771375603
317.732 4 0.18826692230549696
326.632 4 -0.463365495626052
332.63199999999995 4 -0.484101219892971
340.333 4 -0.050124462265102004
345.534 4 -0.449968436664727
351.235 4 -0.327982235410055
357.43199999999996 4 -0.49695478725777
362.533 4 -0.498742559097526
370.63300000000004 4 -0.392637574647039
376.833 4 -0.49014061297770894
384.43300000000005 4 -0.45410834229159897
390.13300000000004 4 -0.175145310050915
397.033 4 -0.39550140034861603
404.43300000000005 4 -0.14114823908278798
412.333 4 -0.499063894979433
421.63300000000004 4 -0.48335804846956104
429.033 4 -0.48285587352790105
434.434 4 -0.47776536814396997
441.034 4 -0.39397567890771396
