4.577 3.4699999999999998 -0.499999998855218
10.352 3.777 -0.499999950506101
18.151 3.678 -0.49999996932510493
26.154 3.675 -0.499999994074118
33.449999999999996 3.779 -0.49999600910428704
39.868 3.161 -0.27677881594354903
44.864999999999995 3.2640000000000002 -0.324944007561339
50.257999999999996 3.572 -0.498465969354152
55.856 3.574 -0.499999798303954
65.866 3.2640000000000002 -0.453242898982268
71.864 3.367 -0.219007148176096
78.35300000000001 3.779 -0.49988050156659797
84.16499999999999 3.368 -0.429802342821455
92.157 3.778 -0.499002806376739
97.569 3.367 -0.4847527394450471
103.454 3.676 -0.499999868958326
111.65700000000001 3.573 -0.49991175496862894
116.96 3.471 -0.297507532049852
124.554 3.677 -0.499999499096774
133.867 3.2640000000000002 -0.47049677412273494
138.86100000000002 3.4699999999999998 -0.499934834945691
143.55200000000002 3.779 -0.499794460801722
152.656 3.675 -0.499999363734955
158.15500000000003 3.676 -0.499988191176733
165.052 3.779 -0.49999999970051295
171.963 3.3689999999999998 -0.36452894214574894
177.261 3.572 -0.48181078349712797
184.05800000000002 3.676 -0.4999935607111671
190.761 3.674 -0.49856095584576793
200.055 3.677 -0.499999999966366
207.757 3.575 -0.498364723389451
213.558 3.574 -0.499999923820234
223.158 3.574 -0.49999723570646704
232.56799999999998 3.2640000000000002 -0.496821274178117
237.958 3.574 -0.499999995624099
245.558 3.574 -0.499848213732215
251.058 3.574 -0.49999999998279704
257.562 3.67 -0.499999020677123
263.557 3.676 -0.499999999414468
272.01099999999997 1.822 0.44412243169251003
276.257 3.677 -0.49959822613076293
283.862 3.573 -0.499999903233748
289.96099999999996 3.675 -0.494521542572009
298.857 3.676 -0.49989486048018894
304.861 3.572 -0.48934474066156
312.357 3.676 -0.499975386432207
322.25800000000004 3.676 -0.49934088820843897
327.658 3.676 -0.499887910688831
335.55800000000005 3.676 -0.49996666838870796
344.461 3.573 -0.49999008884240503
352.06600000000003 3.368 -0.49680783215596996
360.659 3.675 -0.49999999991094896
365.75800000000004 3.676 -0.499991279880435
375.264 3.4699999999999998 -0.49921478725163704
380.568 3.367 -0.37137913725246
385.76 3.676 -0.499987410528079
391.264 3.774 -0.49999998007055996
399.456 3.779 -0.49999998619589203
405.466 3.4690000000000003 -0.49999998431043796
413.072 3.263 0.286972810487368
420.562 3.573 -0.49999999983669197
429.971 3.2640000000000002 -0.49570018387919107
435.864 3.5709999999999997 -0.499816082855789
441.25600000000003 3.779 -0.499999947234156
