4.052 4 -0.282204576902507
10.235 4 -0.344439430577972
16.831 4 -0.358598762299282
22.031 4 -0.482122696513933
27.831 4 0.23571997839571399
35.431999999999995 4 -0.444259204399131
44.332 4 -0.10627172680389699
50.832 4 -0.323628957551009
56.532 4 -0.34815788266769104
62.632 4 -0.43378241254455996
68.132 4 -0.39409818890185205
74.232 4 -0.254684886645444
79.633 4 -0.482409098184897
88.73299999999999 4 -0.49763831328433605
96.334 4 -0.1260110933305
102.235 4 -0.42871515791655196
107.23299999999999 4 -0.3956449399634939
113.43299999999999 4 -0.4594407680394989
118.53299999999999 4 -0.36703909228278997
124.133 4 -0.365132191315758
129.833 4 0.19690419566563896
139.533 4 -0.490861946094108
147.433 4 -0.392942609268829
156.333 4 -0.068777196460209
161.334 4 0.400664690596842
170.234 4 -0.44789669355962397
177.13400000000001 4 -0.494130440776622
187.03400000000002 4 -0.49944806178063506
192.234 4 -0.49287186390176096
198.235 4 -0.497017577053117
204.93900000000002 4 -0.499014617946524
212.734 4 -0.20201068220425503
220.334 4 -0.33542921603787396
225.835 4 0.041107383706289004
231.535 4 -0.32300407705645395
237.035 4 -0.199463624556856
242.535 4 0.18256095405376102
247.735 4 -0.269808713881957
256.535 4 -0.49298728915371703
263.936 4 -0.44768412619393394
269.535 4 -0.49747498919308203
278.535 4 -0.47927915649941705
286.335 4 -0.38636368995873294
291.935 4 -0.451109686554976
301.237 4 -0.499400040138601
306.638 4 -0.48190818735574
315.936 4 -0.34658702511786604
322.036 4 -0.49858471607579996
329.436 4 -0.455369077206401
336.336 4 -0.4619704466128471
342.12699999999995 4 0.32538640603357694
350.529 4 -0.30864254240428496
358.63 4 -0.024422680539407996
366.131 4 -0.4949464430310229
371.23199999999997 4 -0.49981793873725705
379.434 4 -0.49100962305495394
386.43699999999995 4 -0.306756026135441
392.63699999999994 4 -0.25242928221953304
400.02099999999996 4 -0.451671390979501
406.62199999999996 4 -0.494597968788606
415.724 4 -0.496419412222804
423.425 4 -0.47531539814462
433.026 4 -0.42298719702513005
441.028 4 0.148114748472603
