4.062 4 -0.33664932628515803
9.728 4 -0.499950844971707
14.828 4 -0.171448371679267
21.828000000000003 4 -0.49686785052777604
27.328000000000003 4 -0.47378390868278203
34.929 4 -0.484498651461745
41.43 4 -0.424745528795697
49.132 4 -0.466867586378846
55.333 4 -0.49789368414367297
62.733999999999995 4 -0.46146933958255604
67.935 4 -0.21348787363034402
73.429 4 -0.499824472113626
81.829 4 -0.050828684205412
87.429 4 -0.49978000925403104
93.12899999999999 4 -0.46203707226408297
101.229 4 -0.48811665154319606
109.12899999999999 4 -0.07857722690970098
116.73 4 0.089176129741771
122.13 4 -0.161753462352905
127.83 4 -0.374797851082052
134.03 4 -0.496494752351148
140.93200000000002 4 -0.009310688470375
149.833 4 -0.499938391569578
158.034 4 -0.498881421445422
163.035 4 -0.440774112486094
168.23 4 -0.061596665732903
173.83 4 -0.4287538450127511
179.03 4 -0.498431129594695
185.731 4 -0.499972477985739
194.53099999999998 4 -0.14607421237802998
202.331 4 -0.49098983649716205
209.731 4 -0.4358732763768429
219.03099999999998 4 -0.49301549475853207
224.831 4 -0.48591815559038
230.231 4 -0.487402794106223
236.331 4 0.132455977721144
245.233 4 -0.41228590728971004
254.335 4 -0.33059931196715997
259.335 4 -0.482413055007054
266.232 4 -0.31176659331684103
275.532 4 -0.49800390170977704
285.432 4 -0.48759333930673293
293.233 4 0.026609330118952997
299.832 4 -0.499980686354618
307.332 4 -0.4966438794185711
313.532 4 0.14959549469341102
319.533 4 -0.48214438789815
328.43300000000005 4 -0.451466114064327
337.533 4 -0.363725256591784
345.534 4 -0.425812618767432
353.135 4 -0.495012398915891
358.236 4 -0.40281969949201896
367.93300000000005 4 -0.49840676588907207
373.43300000000005 4 -0.47772118778586603
379.033 4 -0.49753762921154604
388.634 4 -0.49901602722062605
397.634 4 -0.39245232245489703
405.034 4 -0.43679336252102896
410.834 4 -0.499691338617305
416.934 4 -0.4993830012873521
423.034 4 -0.396084879659123
428.534 4 -0.4564224605767821
435.134 4 -0.495610543185926
441.034 4 -0.49990171606315503
