4.044 4 -0.30582522802022605
12.935 4 -0.303398770325226
21.127 4 -0.174844255418959
27.326999999999998 4 -0.498216653666791
33.128 4 -0.499845612056888
38.328 4 -0.386650933067234
47.628 4 -0.277495861456201
57.328 4 -0.36700950646333896
66.22800000000001 4 -0.499876817409625
71.429 4 -0.49889853473499396
80.33 4 -0.49929856168219894
86.031 4 -0.4268657743175971
94.833 4 -0.486715012458189
102.934 4 0.022760126320523
108.635 4 -0.499862094451796
114.729 4 -0.49992278334781
122.329 4 0.065393048094591
130.129 4 -0.499607150279966
135.72899999999998 4 -0.446761245123448
144.72899999999998 4 -0.469476960413956
150.129 4 -0.432236275930867
156.829 4 -0.44597789190160403
163.72899999999998 4 -0.49163123668259495
168.73 4 -0.105838208537408
174.63 4 -0.32062530670024497
179.731 4 -0.28754532065489097
185.832 4 -0.475495934302785
192.433 4 -0.494935213496187
198.234 4 0.21032233777191603
205.83599999999998 4 -0.26527878519339104
212.03 4 -0.40873164940987294
218.03099999999998 4 -0.499984590507147
225.83 4 -0.40145708798274204
233.731 4 -0.4971579405196179
238.731 4 0.47651738143375
244.231 4 -0.48890335224202497
250.831 4 -0.460893461634529
256.431 4 -0.49968653912942895
262.131 4 -0.24144473745486497
269.631 4 -0.49984321104649104
278.732 4 -0.44232546131597206
284.233 4 -0.497201347707772
291.634 4 -0.43990825622985497
301.236 4 -0.46544124714177204
306.732 4 -0.49601661577887396
316.632 4 -0.472233248217963
324.032 4 -0.39892436018942795
332.43199999999996 4 -0.280154531012337
339.832 4 -0.4950884138659529
349.13199999999995 4 -0.499991372317378
357.13199999999995 4 -0.496244202567906
362.533 4 0.018908217240854
374.233 4 0.23600380398722898
380.43300000000005 4 -0.44891776882531703
386.034 4 -0.490226935560724
391.535 4 -0.483404918313224
398.536 4 -0.46901690738760704
403.63300000000004 4 -0.471813531008295
412.733 4 -0.48937200284900606
420.334 4 -0.388192885134702
433.334 4 0.257352055330595
441.034 4 -0.49950001080041706
