4.043 4 -0.49041460798099196
9.526 4 -0.496891022636956
15.627 4 -0.48065577977682
21.328000000000003 4 -0.311427836909596
27.429000000000002 4 -0.20774619085226997
32.83 4 -0.44808744588657395
41.931999999999995 4 -0.39566036028326507
50.833 4 -0.493547612447827
60.535 4 0.16687643349411202
68.125 4 0.032326533095751
74.325 4 -0.390174141432199
82.025 4 -0.18877546949410398
87.525 4 -0.286653722987947
93.725 4 -0.16914897965034698
98.925 4 -0.36135087877112704
104.726 4 0.065243264019525
113.62799999999999 4 -0.486079786786006
118.829 4 -0.4006120393256599
124.23 4 0.437221172155952
129.231 4 -0.49603328478734204
139.132 4 0.05109123710469699
144.333 4 -0.297940765915729
152.334 4 -0.49809117769524297
160.526 4 -0.313137586680362
166.226 4 -0.343216738009694
175.12599999999998 4 -0.23447475466326398
182.02599999999998 4 -0.273121653100485
189.42700000000002 4 0.465286449376003
196.127 4 -0.47383811831808
203.92700000000002 4 -0.365586220530314
209.72799999999998 4 -0.47084156761636103
215.329 4 -0.179501122932559
220.93 4 -0.27564941263883597
227.03099999999998 4 -0.47982455425820003
233.032 4 0.17480961931628303
240.63299999999998 4 -0.25296709243583804
246.13400000000001 4 -0.17162669472230804
253.628 4 -0.230268527907018
260.228 4 -0.19335704596688003
267.828 4 0.43594658790939295
275.728 4 0.354758594131158
283.828 4 -0.468181046308676
288.928 4 -0.105426012125428
294.028 4 0.042995393014327
299.928 4 -0.403782033674218
306.528 4 -0.134111332234061
315.33 4 -0.3403586955746631
323.131 4 -0.37414083979566204
331.533 4 -0.44406670206379206
340.834 4 0.154743881538675
348.22900000000004 4 0.059962346039031
355.629 4 -0.47842281388857394
361.829 4 -0.45234538416817405
370.92900000000003 4 -0.267339514204614
376.42900000000003 4 0.46456012165754795
385.73 4 -0.389073102244
391.33 4 0.10787126964822401
400.33 4 -0.4346479305037
406.03 4 -0.195735902989818
412.53 4 -0.078496204240719
422.13199999999995 4 0.48266175687792207
429.033 4 -0.40923691428296
434.034 4 -0.463819166271766
441.035 4 -0.489295839166514
