5.603 2.443 -0.387817526075456
14.169 3.16 -0.494150730245429
20.492 2.3369999999999997 -0.315633263354716
27.681 2.748 -0.423609066884399
32.472 3.057 -0.499816599480281
41.604 1.8250000000000002 0.07389853286244999
48.358999999999995 3.4699999999999998 -0.49998040839091296
56.48 2.749 -0.4322707154951121
62.485 2.445 -0.293912371156864
66.664 3.266 -0.49390084332222106
73.491 2.339 -0.488953265831055
82.69999999999999 2.1319999999999997 -0.392775569348542
88.717 1.616 -0.4727936057017779
97.512 1.722 0.28548134094913397
101.172 3.1630000000000003 -0.499922926612654
109.49 2.6399999999999997 -0.499241318043743
114.57000000000001 3.16 -0.38409734047860794
120.99100000000001 2.439 -0.416532766274174
127.477 2.854 -0.4811041014863
135.074 2.957 -0.44299814109030394
142.078 2.9530000000000003 -0.4873347355031671
148.264 3.367 -0.499962806146039
154.076 2.955 -0.277713380430971
162.395 2.2359999999999998 -0.4664127849327879
172.29699999999997 2.234 -0.49071200806768894
179.69400000000002 2.338 -0.334341952268265
184.879 2.9539999999999997 -0.49626956806184297
191.69700000000003 2.237 -0.268812628851916
199.87599999999998 3.16 -0.49490272199932106
206.307 1.9249999999999998 -0.016631885481449
210.671 3.061 -0.498211940774084
217.266 3.3659999999999997 -0.49997750113771
226.461 3.471 -0.49864360482106795
231.97500000000002 2.957 -0.497168819754372
238.484 2.648 -0.302095530753784
243.762 3.4699999999999998 -0.49575523125642607
249.06400000000002 3.368 -0.497047485847378
255.66700000000003 3.2649999999999997 -0.24496549708965498
263.085 2.5469999999999997 -0.4647251812679721
267.97999999999996 2.853 -0.4978517667565461
276.675 3.058 -0.42299392280521897
286.276 3.058 -0.44050198866252294
292.7 2.235 -0.497740133980452
297.885 2.648 -0.471801887610294
305.378 2.955 -0.488384605772031
313.29200000000003 2.441 -0.43281714818050804
320.014 1.7189999999999999 0.007431730792658001
325.80400000000003 2.131 -0.159732483943206
333.283 2.851 -0.49960368914214903
342.38100000000003 2.853 -0.4916013052512489
347.98 2.955 -0.49960023294496997
353.686 2.648 -0.027132612994737997
359.793 2.3409999999999997 -0.45825301626758397
366.29200000000003 2.4419999999999997 -0.49933929039406105
373.214 1.7200000000000002 0.118137645783788
379.481 2.853 -0.498285503560056
384.57099999999997 3.2640000000000002 -0.499429591987102
392.479 2.957 -0.499722262371549
401.585 2.75 -0.499789389288202
407.273 3.162 -0.378792496788633
417.69599999999997 2.439 -0.05105107684001401
425.18 2.955 -0.499840294769073
434.903 2.032 -0.084988185423709
443.107 1.928 -0.017945835088694
