4.566000000000001 3.472 -0.49952914798913106
12.567 3.4699999999999998 -0.48922748186357295
18.476999999999997 3.161 -0.49777062949886897
27.758 3.1630000000000003 -0.38225733135460205
33.667 2.955 -0.20030329456746399
43.081 2.4419999999999997 0.121449116162431
49.655 3.4699999999999998 -0.4570585879994071
56.660000000000004 3.3659999999999997 -0.499955751551873
63.469 3.058 -0.34496103295734304
68.96300000000001 3.2649999999999997 -0.498898392034896
78.28 2.75 -0.422237542459016
83.471 3.16 -0.49991035540525397
89.382 2.75 -0.451059741986081
97.18299999999999 2.751 -0.096181775685602
102.16499999999999 3.3689999999999998 -0.484679809781105
106.962 3.573 -0.499996389243889
116.76899999999999 2.854 -0.192976503621138
123.964 3.059 -0.44587702488975706
129.26700000000002 2.855 -0.268841557924419
138.996 2.028 -0.38543238550583603
145.573 2.852 -0.026972243305597
151.351 3.675 -0.49996543250676295
157.98600000000002 2.441 -0.48305619960848495
166.08800000000002 2.441 -0.242163892387703
173.174 2.956 -0.49859029754118
182.17699999999996 2.854 -0.35790465414248707
188.877 3.058 -0.466135740556887
194.67800000000003 2.956 -0.49911219459939704
200.882 2.853 0.06187798980767599
205.572 3.365 -0.49999940306408897
214.162 3.162 -0.49998801304094703
219.45700000000002 3.367 -0.499766671916842
225.56 3.2640000000000002 -0.452479399892046
234.869 2.955 -0.199517319802448
240.761 3.2640000000000002 -0.169119847287133
248.97099999999998 2.955 -0.46262146038734203
257.97 3.058 -0.4974440007799771
264.36100000000005 3.368 -0.49939735504725
270.274 2.956 -0.38581144392386896
277.19899999999996 2.1319999999999997 -0.16994781744277898
281.15900000000005 3.573 -0.49999801828311397
290.494 2.44 -0.034674859321257995
294.965 3.4699999999999998 -0.499853118205049
300.68199999999996 2.9539999999999997 -0.192179759861129
305.566 3.059 -0.49920151258265005
314.95799999999997 3.367 -0.499306306238127
320.45 3.675 -0.49976754321949296
326.968 3.058 -0.49975934440590003
336.21 1.516 0.35409242747402103
342.268 3.058 -0.4824689226388679
348.26599999999996 3.161 -0.499811988476969
353.05600000000004 3.472 0.24944580846406103
359.478 2.851 -0.49714802620870596
365.767 3.1630000000000003 -0.499012895468238
373.131 1.0 -0.138106579112111
380.363 3.37 -0.49337341090179
386.875 3.059 -0.496238028466867
395.86899999999997 3.367 -0.48524862563635207
403.15599999999995 3.471 -0.497778937940462
411.58399999999995 2.543 -0.408197903195599
419.486 2.441 -0.487991521621005
424.65799999999996 3.4690000000000003 -0.495352638895161
434.868 3.159 -0.49581860539871997
441.555 3.472 -0.457212115965531
