6.5329999999999995 1.517 -0.002802822324087
12.101 2.029 -0.338596706233957
18.188 2.4419999999999997 -0.499729457704832
22.879 2.851 -0.25468677374442605
28.169999999999998 2.96 -0.334057446690228
33.974999999999994 2.956 -0.488079811980677
41.272 3.06 -0.49592119719002997
46.977 2.956 -0.007936795228436001
52.172 3.162 -0.48821662791904596
58.388 2.647 -0.4789539488610399
66.98 2.851 -0.344203487036297
72.184 2.647 0.43479397311264095
80.465 3.266 0.480671111401983
89.39999999999999 2.031 -0.47734788545557394
98.09100000000001 2.44 0.120427887951788
104.88799999999999 2.543 -0.248672728779502
109.674 2.957 -0.46532531073945
116.995 2.3369999999999997 0.11025959192599001
124.389 2.543 -0.40053286005890504
131.079 2.853 0.39256725168174395
138.257 3.675 -0.49342387154443396
145.785 2.749 -0.497580860806509
152.10000000000002 2.135 0.135699954270334
159.48100000000002 2.855 -0.478506797830565
168.69 2.543 -0.390490017269847
176.581 2.852 -0.351256046614025
182.26999999999998 3.1630000000000003 -0.4932820433285511
190.88 2.9530000000000003 -0.152927192396387
196.97799999999998 2.955 -0.405321490045854
202.682 2.751 -0.34573384445853195
207.78099999999998 2.852 -0.464631231792568
216.57299999999998 3.06 -0.49973234709197206
224.27700000000002 2.956 -0.148043542259109
231.78099999999998 2.852 -0.240321946002447
237.263 3.4699999999999998 -0.442856072637406
243.679 2.955 -0.465356834107999
253.58199999999997 2.9539999999999997 0.11789532362637001
260.502 2.235 -0.256496216750773
268.473 3.161 0.40157441609576205
278.27700000000004 2.957 -0.15777886350542902
285.87100000000004 3.263 -0.497757783856639
291.781 2.853 -0.49856618005284997
297.364 3.4699999999999998 -0.49921199457659005
307.17699999999996 2.958 0.40244046765011
313.08 2.855 -0.25269293475742804
321.397 2.338 0.130491525449152
326.07099999999997 3.2640000000000002 -0.018904306540253997
331.777 3.058 -0.439229560773639
339.375 3.06 -0.46154497684828794
346.176 3.16 -0.49578819665841
351.676 3.161 -0.48834104019708596
356.774 3.263 -0.47827975098720604
363.169 3.4699999999999998 -0.47805035949995206
371.18300000000005 2.852 -0.49991105176660405
381.089 2.647 0.138183611705622
388.488 2.748 -0.024264404050186997
395.01099999999997 1.9249999999999998 0.39760924197896397
400.48699999999997 2.649 -0.15048931401760002
410.61199999999997 1.8239999999999998 -0.2606029250356
418.27 3.262 -0.49864104560541295
426.276 3.057 -0.4800508008572821
432.61199999999997 1.8239999999999998 -0.43983970567341
436.378 3.058 -0.34432736691328697
442.286 2.751 -0.49259836801709705
