4.792 3.247 -0.30383814673587894
14.716000000000001 2.414 -0.4461781920752971
20.953 1.3780000000000001 -0.48011415237154403
27.163 1.2689999999999997 -0.23419873733281305
32.883 3.25 -0.493429921969686
40.980000000000004 3.355 -0.14351314311965
50.587999999999994 2.834 -0.24004210317561303
56.86599999999999 3.456 -0.49028007308630295
65.178 3.144 -0.495945784231603
71.81700000000001 2.106 -0.410612886947192
76.368 3.456 -0.499133601135942
84.00500000000001 2.521 -0.294218857792598
92.383 3.144 -0.37610686155348294
100.508 2.52 -0.45596969152368105
107.515 2.415 -0.424259474632744
115.812 2.519 -0.4242875500948571
121.07500000000002 3.457 -0.06447016376873099
128.57199999999997 3.561 -0.157316710228851
136.335 2.0 -0.262495936871815
141.78 3.144 -0.457205290705598
151.685 2.939 -0.251476118240626
159.696 2.728 -0.29910378809967997
167.972 3.3520000000000003 -0.30854977398835304
173.868 3.457 -0.48334417007399605
180.29199999999997 2.834 -0.33081257445915097
188.186 3.041 -0.17800572419792499
193.476 3.3520000000000003 -0.033924052838671996
198.992 2.937 -0.256991555603267
203.868 3.5620000000000003 -0.4732186009213579
209.06199999999998 3.769 -0.45466539744866996
218.661 3.7720000000000002 -0.22218313996564198
225.31000000000003 2.624 -0.48872053733594395
230.07299999999998 3.5620000000000003 -0.245725431717286
238.703 2.522 0.048798414027027004
246.563 3.5620000000000003 -0.129654083388639
254.1 2.625 0.003819634137097
263.611 2.415 -0.426371090379702
268.164 3.5620000000000003 -0.339122053162238
276.90799999999996 2.418 -0.480693483688927
281.492 2.835 -0.09376438872519599
288.67199999999997 3.456 -0.38865701534924296
295.314 2.315 -0.033824232123376
299.068 3.5620000000000003 -0.49734677150984297
304.688 3.043 -0.4506037035284
310.498 2.834 -0.30861185910288597
319.56800000000004 3.666 -0.49846076935729206
328.678 3.457 -0.43599319207676895
334.56199999999995 3.665 -0.42212120360616995
341.179 3.248 -0.4984137192443471
348.491 2.936 -0.49543022245688
354.483 3.043 -0.496182172645133
359.89599999999996 2.831 -0.408127647499726
364.98799999999994 2.939 -0.46900727282320204
373.1 2.727 -0.203755973011379
379.075 3.252 -0.388617319661086
386.06200000000007 3.667 -0.499023026275031
391.98 3.25 -0.471600910636582
400.76 3.771 -0.453342198767595
408.26700000000005 3.666 0.18455367285247895
417.27500000000003 3.459 -0.4823339554447129
423.286 3.249 -0.432308729587235
428.5760000000001 3.3520000000000003 -0.49606731804764004
435.97600000000006 3.3520000000000003 -0.46714379149941104
441.57 3.458 -0.495947403559355
