4.046 4 0.061036745526508
10.229 4 -0.479850292922808
19.531 4 -0.499999871446985
27.331999999999997 4 -0.497892035755599
33.033 4 -0.49997572962823206
42.035 4 -0.499989946574032
48.136 4 0.40999577481130295
54.325 4 -0.49985313453291996
63.225 4 -0.499999588034398
68.825 4 -0.49999997759143205
74.525 4 -0.499999928188684
82.52600000000001 4 -0.499994676485521
91.427 4 -0.47876674817568804
96.428 4 -0.38551787462646
102.12899999999999 4 -0.29005484035940504
107.62899999999999 4 -0.017267949617018996
117.23100000000001 4 -0.4999924263563
123.73200000000001 4 -0.499993650322065
132.534 4 0.457938036967976
139.937 4 -0.45168978750833505
148.026 4 -0.494926133442592
157.127 4 -0.464494299883264
163.02700000000002 4 -0.22565996063017302
169.627 4 -0.49996946093729205
177.02700000000002 4 -0.49533633354158796
184.42700000000002 4 -0.485751503153176
190.52700000000002 4 -0.38394613369581393
200.429 4 -0.483919972426946
206.63 4 -0.499998338802687
212.63099999999997 4 -0.48087962394961403
219.532 4 -0.49996157319509
225.033 4 -0.460643431938484
230.03400000000002 4 -0.48994217621001795
237.03599999999997 4 -0.498105478511428
244.928 4 -0.499996258103948
253.328 4 -0.49997439621667
258.528 4 -0.28367002662727697
264.128 4 -0.364604290333027
270.828 4 -0.405518034433955
275.93 4 -0.499605508885498
285.029 4 -0.49997298954960206
290.529 4 -0.48213694851978706
299.43 4 -0.499998607267748
305.231 4 -0.31206047341459003
310.332 4 -0.499883278519791
318.133 4 -0.499214378695655
323.334 4 -0.473823822060449
329.13599999999997 4 -0.477960911301778
338.829 4 -0.46846752447312295
346.529 4 -0.462616495762427
353.13 4 -0.49800159905217795
358.53 4 -0.497617301638476
364.13 4 -0.259325399656055
371.73 4 -0.44290907765413
381.03 4 -0.499896763984633
388.53 4 -0.49943885871363
396.131 4 -0.49395399931696204
403.73199999999997 4 0.040078148242487
410.63300000000004 4 -0.493275988759483
416.034 4 -0.499815207128556
421.235 4 -0.4973068576507229
429.436 4 -0.49989109268176707
435.531 4 -0.499255263348113
441.031 4 -0.49997735459886605
