5.2989999999999995 2.748 -0.49367209135607304
11.597 2.032 -0.11165666173597301
20.477 2.852 -0.29250070716406895
29.665 3.2649999999999997 -0.4899213965054
38.664 3.367 -0.464705149869938
43.967999999999996 3.2640000000000002 -0.405376548847728
51.574 3.16 -0.49938001971884793
58.778999999999996 2.956 -0.499110940952581
64.973 2.957 -0.391330827128176
71.265 3.2649999999999997 -0.49644858238307105
77.28200000000001 2.648 -0.48969158156724396
84.359 3.572 -0.499796669085669
91.384 2.5460000000000003 0.031491246555425
96.279 2.852 -0.485606288584849
105.481 2.65 0.247884940891097
111.568 3.263 -0.47016426842716
118.581 2.75 -0.43270533898344604
123.37400000000001 2.957 -0.220367703767737
132.984 2.647 -0.46987877770967995
138.276 2.956 -0.499620853136798
144.594 2.3409999999999997 -0.484644934788106
151.474 3.161 -0.427812380899363
156.976 3.16 -0.473737978802372
163.90200000000002 1.9289999999999998 -0.129419836972195
171.089 2.543 -0.40048573288227096
177.288 2.444 -0.373282207601895
184.27599999999998 3.056 -0.294110506294382
191.96300000000002 3.4690000000000003 -0.49798335855364895
200.865 3.367 -0.49178804178227203
207.793 2.339 -0.283172891211383
215.973 3.059 -0.35109614035806297
223.1 2.1319999999999997 -0.152025509671943
228.084 2.649 -0.393517556085817
235.88000000000002 3.057 -0.483777864284008
244.198 2.336 -0.4809446427955879
253.17 3.266 -0.48154447748675505
260.87699999999995 2.956 -0.090461387181331
268.345 0.589 -0.472006456455789
271.067 3.3659999999999997 -0.49585959471002294
276.47299999999996 3.16 -0.271821186684575
281.47 3.263 0.47173807967262393
290.775 3.058 -0.265951299419389
297.86600000000004 3.368 -0.49746447949232303
306.385 2.649 -0.45501438177587
311.776 3.058 -0.37794881289255605
317.48 2.854 -0.20221712695564803
322.686 2.648 -0.233394972507063
328.96700000000004 3.2670000000000003 -0.006976083654303
338.382 2.752 -0.45060069588076396
346.37300000000005 3.162 -0.30463401803817797
352.97599999999994 3.161 -0.494204410846468
360.372 3.162 -0.21575632767276898
366.88599999999997 2.749 -0.275807900117724
372.469 3.3659999999999997 -0.499782879858931
378.66999999999996 3.266 -0.49811121885997706
387.674 3.161 -0.47812066463552005
395.575 3.16 -0.406214278349615
401.786 2.749 -0.41346304616089397
406.969 3.266 -0.20898797529848398
413.291 2.544 -0.436709519595851
422.383 2.752 -0.25826225485551
429.489 2.5469999999999997 -0.49230567283283794
434.27599999999995 3.16 -0.270087569215475
441.67 3.3659999999999997 -0.200160123918511
