4.05 4 0.386817005607279
10.033 4 -0.49988044205505106
15.533 4 -0.49939866668676297
25.135 4 -0.160021769024729
35.031 4 -0.4532457347564871
41.531000000000006 4 -0.494446676307081
47.631 4 -0.438538880762266
55.631 4 -0.327009366618479
60.631 4 -0.4864349737340011
68.431 4 -0.147540144069757
75.031 4 -0.49943091234536896
82.632 4 -0.232547483493705
90.03200000000001 4 -0.45564302235736104
95.53200000000001 4 -0.349414988910733
101.432 4 0.46790762452885504
108.43299999999999 4 -0.40307475825123706
113.53399999999999 4 -0.48653883275158205
119.035 4 -0.481256555419039
124.73200000000001 4 0.057249085429876
131.332 4 -0.499364595085471
136.43200000000002 4 -0.499973467819797
142.039 4 -0.48234039051403
149.732 4 0.208787114668133
156.63299999999998 4 -0.32589188903960903
165.933 4 -0.469413858396108
172.13299999999998 4 -0.46383791562548493
177.733 4 -0.49554107442474105
186.733 4 -0.40825675734233297
192.433 4 -0.292238079917744
200.033 4 0.283951242740439
206.734 4 -0.36206204921447704
212.535 4 -0.342956650628042
221.83599999999998 4 0.040298885169097
227.63400000000001 4 -0.210392644686095
242.13400000000001 4 -0.49817030526290706
249.53400000000002 4 -0.480321684139028
258.434 4 -0.28301471911597303
264.634 4 -0.39223531497244
273.534 4 -0.48499272700715207
278.935 4 -0.12380749870575099
284.134 4 -0.499593414887201
289.334 4 -0.48327205169501797
297.535 4 -0.184317616712383
306.435 4 -0.48856793410617
315.536 4 -0.476560408531736
324.638 4 -0.49929055518913107
329.635 4 -0.498692302193044
335.835 4 -0.281688067819705
341.335 4 -0.274464726891801
348.936 4 -0.49844886540033007
358.63599999999997 4 -0.334757302633588
366.036 4 -0.175211169760947
374.13599999999997 4 -0.475451603929247
382.93699999999995 4 -0.432353492499303
389.833 4 -0.49663056521929905
395.536 4 -0.465968684151605
403.336 4 -0.49995617579325197
410.82 4 -0.48224436255926095
418.721 4 -0.497142870631951
424.32199999999995 4 -0.466149702490764
430.423 4 -0.487251872755845
435.824 4 0.095718151698935
441.025 4 -0.48135782434538
