4.043 4 -0.243212534176401
9.727 4 -0.499858934947336
15.927999999999999 4 -0.43186044440439497
21.129 4 -0.489805400565904
26.23 4 -0.163002466153085
34.330999999999996 4 0.220037539865274
39.832 4 -0.34118635972521094
48.934 4 -0.428791304454295
55.537 4 -0.44529416178439296
61.32 4 -0.487153443526926
66.92 4 0.06754463770909501
73.122 4 -0.43527979836853603
80.82300000000001 4 -0.47795867619064003
87.72399999999999 4 -0.49932859428102
92.925 4 -0.48415535437277896
98.626 4 -0.34222442585114005
104.82700000000001 4 -0.44500796405490795
113.729 4 -0.40779569543351096
119.73 4 -0.499110719992177
127.331 4 -0.4579228167147079
133.43200000000002 4 -0.08426323186972902
139.533 4 -0.49771974714376704
146.035 4 -0.4999235110632089
151.435 4 -0.49600485751085205
156.622 4 -0.494133671437883
164.222 4 -0.420740725119951
169.622 4 -0.18599828793852602
174.72299999999998 4 -0.262282913168907
180.22400000000002 4 -0.479116587491845
185.725 4 -0.42827429036201703
190.726 4 0.13665798414731403
197.727 4 -0.44780450884014705
207.02900000000002 4 -0.499779512760465
212.52900000000002 4 -0.49623914423352006
221.331 4 -0.471007352360591
228.032 4 -0.043603412337236004
235.53400000000002 4 -0.45760765946686605
243.435 4 0.29095276506160994
253.023 4 -0.499635858908683
262.324 4 -0.4997538088039771
271.224 4 -0.442070742972885
277.024 4 -0.499802533587365
286.726 4 -0.381975982084486
294.327 4 -0.49134642708769105
301.72900000000004 4 -0.387596667357981
311.63 4 -0.35537256844229
317.531 4 -0.4972957528885689
325.33299999999997 4 -0.356333744884932
334.23400000000004 4 -0.49174336953950204
341.13599999999997 4 -0.49784182810020094
347.725 4 -0.49218290892721206
355.725 4 -0.498268305952457
364.825 4 -0.411683712635735
373.025 4 -0.412749680443144
378.625 4 -0.4767380881235371
383.626 4 0.055886566062062
389.227 4 -0.37611346566267795
398.22900000000004 4 -0.012810098210702
405.63 4 -0.425056613549127
414.032 4 -0.493085534862379
419.733 4 -0.496981371470975
427.534 4 -0.49744047556042703
434.935 4 -0.498531968011198
441.027 4 -0.398643184510016
