4.052 4 -0.48991757454339796
10.735 4 -0.47463705493695707
19.625 4 -0.450841044010133
28.725 4 -0.46383022504098603
34.826 4 -0.395670446639766
41.026 4 -0.106856042385734
50.926 4 0.18781412376182002
59.727 4 -0.09342784979857599
66.72800000000001 4 0.177922067132268
75.13 4 -0.37480571967831106
82.73100000000001 4 -0.4964971232767729
90.23200000000001 4 -0.49602947988190205
95.73299999999999 4 -0.338603092010739
103.135 4 -0.262472831469381
109.736 4 -0.49950322002470704
117.527 4 -0.40292176755378095
123.527 4 -0.499416956000561
130.928 4 -0.4328066146340179
137.827 4 -0.487777829973971
147.52700000000002 4 -0.405897243181414
153.72799999999998 4 -0.496909859037285
163.329 4 -0.204750012732716
168.93099999999998 4 0.023026337940107004
174.03099999999998 4 -0.45242516778883896
179.731 4 -0.4970140992262311
187.433 4 -0.170361162793363
192.937 4 -0.488592675169565
198.135 4 -0.481665042261391
203.53599999999997 4 -0.497676669041697
208.72799999999998 4 -0.49736608192802706
213.929 4 -0.21416551071644802
219.829 4 -0.35912877715703795
225.429 4 -0.41608620760012
231.12900000000002 4 -0.49775510056228495
238.729 4 0.3822545450389
247.729 4 -0.49969616835558006
253.829 4 -0.49838775141571096
259.22900000000004 4 -0.49873170728251004
266.83 4 -0.144355164905351
275.032 4 -0.025590368552688997
282.83299999999997 4 -0.49109863805819504
287.834 4 -0.473508320127223
293.535 4 -0.494284236305948
302.63 4 -0.49620610445848295
308.13 4 -0.48379699099747797
317.03 4 -0.4848731721471579
322.53 4 -0.495549857501568
330.43 4 -0.499828490488133
336.03 4 -0.310347320911535
344.13 4 -0.465389428823983
350.73 4 -0.49633399720611604
360.031 4 -0.415292538594573
368.936 4 -0.44461694999912604
375.033 4 -0.422042057369781
380.033 4 0.017001241810581002
386.23400000000004 4 -0.327465479205131
391.335 4 -0.154753136525213
397.83099999999996 4 -0.499046862877979
405.231 4 -0.49967083824718295
412.131 4 0.160189301538425
417.93199999999996 4 -0.076478510431116
427.23199999999997 4 -0.356181870987585
435.23199999999997 4 -0.4861623020229871
441.032 4 -0.36971644673950205
