5.4079999999999995 2.649 -0.498287064371294
9.962 3.4699999999999998 -0.499999929550609
17.892 2.44 -0.49998277939961105
26.686 2.5460000000000003 -0.46364015854014595
35.589999999999996 2.542 -0.496169314150277
40.266 3.3659999999999997 -0.49603611660874297
50.908 1.8239999999999998 -0.088615320274173
55.979 2.853 -0.485843316824887
65.807 1.9260000000000002 -0.046533408480746996
72.071 3.2640000000000002 -0.482874247094341
78.978 3.058 -0.49629805251793296
87.087 2.545 -0.429119127851253
93.46099999999998 3.572 -0.49999928460964294
102.908 1.9249999999999998 -0.499834704277439
111.59599999999999 2.3369999999999997 -0.063481059327716
117.78099999999999 2.752 -0.498681410382839
122.68099999999998 2.852 -0.49998315145593003
128.98499999999999 2.748 -0.46776815772696995
134.90800000000002 2.029 -0.46815492144653403
139.272 3.161 -0.499825157927109
148.815 1.6189999999999998 0.372736752867996
153.888 2.646 -0.49985590092306503
159.077 3.057 -0.49694708313949504
167.87 3.2649999999999997 -0.49999998390943395
176.487 2.749 -0.44272785068139897
185.982 2.956 -0.48228698408232895
193.389 2.5460000000000003 -0.096898378082473
201.08700000000002 2.647 -0.49853864818887705
206.78400000000002 2.75 -0.499225346306804
212.068 3.367 -0.499985312303387
222.81 1.9249999999999998 0.09389399329963699
228.411 1.924 -0.47360733752639794
233.168 3.367 -0.499999646171609
243.01 1.9260000000000002 -0.493846633223699
247.882 2.753 -0.34068522247996597
253.794 2.541 -0.236517637541546
258.174 3.161 -0.49999855358364
264.46799999999996 3.367 -0.380166132362012
272.382 2.9539999999999997 -0.431345933193391
277.175 3.262 -0.49999850308993293
283.49999999999994 2.338 -0.499961408044452
288.685 2.75 -0.499962241817979
293.891 2.645 -0.49704976033315795
301.28999999999996 2.646 -0.49984027914331397
308.582 2.9539999999999997 -0.49999828286184994
316.867 3.4690000000000003 -0.4999999674671671
324.39500000000004 2.133 -0.49425241668917796
333.278 2.852 -0.118462823419233
339.277 2.9539999999999997 -0.49318398781287
346.97599999999994 2.956 -0.142440163951876
356.882 2.955 -0.49999221943843297
364.489 2.748 -0.49996474608511404
371.062 3.058 -0.499996645307783
376.346 3.575 -0.49999999256953603
383.053 3.4690000000000003 -0.49999344610548707
391.15900000000005 3.2649999999999997 -0.496542739616879
396.353 3.572 -0.49999996393971896
402.17199999999997 2.9539999999999997 -0.216060725123805
407.76099999999997 3.3659999999999997 -0.49834474948596097
413.16700000000003 3.161 -0.4999703040149289
420.007 1.822 0.4698414989458521
424.366 3.1630000000000003 -0.49993786495539294
432.875 2.856 -0.499992980534295
442.59200000000004 2.441 -0.05502323151296
