5.1049999999999995 2.939 -0.49921029965483205
10.790000000000001 2.8369999999999997 -0.499999973221952
19.793 2.734 -0.43780083401474296
25.376 3.252 -0.499649184087089
30.785 3.044 -0.49999998827802705
39.401 2.629 -0.4997785432772171
44.489 3.043 -0.499999689755205
50.211 2.421 -0.241050778545305
57.989000000000004 3.044 -0.49999993911799395
62.888999999999996 3.146 -0.49999999991472793
68.69300000000001 2.942 -0.49978375284938703
76.8 2.627 -0.366781052361257
84.717 2.211 -0.43724296305399
91.40499999999999 2.423 -0.499981062841105
96.16999999999999 3.3579999999999997 -0.49999929798524795
102.16199999999999 3.566 -0.49999999774309906
108.28999999999999 2.938 -0.49886173759731
114.28599999999999 3.042 -0.43582780083254397
119.803 2.526 -0.245593581352428
125.294 2.835 -0.471125669785315
133.504 2.627 0.137077227091336
139.296 2.7350000000000003 -0.49999929126720294
144.57999999999998 3.252 -0.499999973349168
150.398 2.835 -0.453768807343072
159.031 2.004 -0.49977959513420095
167.89 3.043 -0.4942537861919
174.973 3.356 -0.49999994026671996
182.08800000000002 2.941 -0.49741581669206003
191.788 2.941 -0.49984713117547996
202.245 1.484 -0.36732997850286103
208.01500000000001 2.315 -0.49949903274510704
216.689 2.941 -0.499957958896859
224.082 3.148 -0.49990350677962697
233.911 2.42 -0.40158272801628003
242.085 3.148 -0.49887251497653795
251.895 2.939 -0.49999633645650604
259.415 2.421 -0.45439467578355397
267.48199999999997 3.148 -0.49993275715733404
276.99899999999997 2.732 -0.49990258346121297
283.745 1.4860000000000002 -0.49978272083031
287.894 2.8369999999999997 -0.49920274850733504
293.49399999999997 2.8369999999999997 -0.479606450179051
301.51300000000003 2.419 -0.499501411536229
307.905 2.526 -0.47912530187987895
313.277 3.254 -0.499999998997836
319.41600000000005 2.316 -0.490753669351068
327.274 3.3579999999999997 -0.4908836300447871
334.417 2.215 -0.4992140483870321
341.497 2.8369999999999997 -0.30192070887819705
346.906 2.629 -0.14474874990812697
352.706 2.529 -0.499781683887095
357.972 3.46 -0.499999864836872
362.967 3.565 -0.499999999007336
372.62299999999993 2.009 0.143657254310918
377.581 3.251 -0.49990532724811504
385.28399999999993 3.148 -0.49965085014917704
391.29800000000006 2.835 -0.058442645766684
398.925 2.108 -0.45460149991892396
405.701 2.732 -0.49999630139772994
413.497 2.836 -0.499999999807048
423.41600000000005 2.217 -0.4999815084090179
429.886 3.147 -0.499784779967699
435.285 3.149 -0.49990487537615597
441.885 3.149 -0.49990396515222707
