4.033 4 -8.677018023500091
12.933 4 -7.0953691111861
21.133000000000006 4 -8.136990617449612
27.333000000000002 4 -1.3286712290080986
33.133 4 2.933898060639561
38.334 4 -4.395232080933711
47.636 4 -4.761655902606937
57.333 4 -7.982603685991083
66.234 4 2.5866908918850546
71.434 4 1.140212258110875
80.334 4 0.4457979206018656
86.03399999999998 4 -1.9263485938147396
94.834 4 -10.66352406332475
102.934 4 -6.1889178834623975
108.634 4 2.760294476262308
114.734 4 3.473925466690038
122.334 4 -7.249756042644631
130.135 4 1.1594289110295959
135.735 4 -2.4471593469464956
144.736 4 -1.7335283565187662
150.137 4 -5.263250002819972
156.835 4 -4.0288082592604875
163.735 4 -11.550758638129732
168.735 4 -6.709728636594153
174.625 4 -6.921765526808849
179.735 4 -8.850621607877343
185.827 4 -2.08073552527327
192.428 4 -2.929536794240808
198.229 4 -5.822494061789172
205.83 4 -7.442576279940605
212.03099999999998 4 -3.160790337374225
218.033 4 4.206773110036489
225.83599999999998 4 -7.461792932859326
233.736 4 -2.2159058038130786
238.71900000000002 4 -9.94989307289702
244.22 4 -1.7143117036000444
250.822 4 -4.549619012392243
256.422 4 0.8122217422750913
262.124 4 -6.034530952003866
269.625 4 1.35224914832557
278.726 4 -8.175423923287056
284.2270000000001 4 -0.6342568914990885
291.629 4 -3.8552046748832334
301.23 4 -3.141573684455504
306.731 4 -1.6950950506813234
316.633 4 -3.4887808532100086
324.034 4 -2.9871867529969736
332.421 4 -3.180006990292947
339.82099999999997 4 0.23376103038717178
349.12199999999996 4 4.92040410046422
357.12300000000016 4 -11.917182459802959
362.524 4 -7.770566795776387
369.026 4 -1.000680713172314
374.227 4 -4.414448733852433
380.42800000000005 4 -9.583469251223793
386.029 4 -0.30626637566330617
391.53 4 -11.010731232079255
398.531 4 -3.3151772688327563
403.63199999999995 4 -5.070429765523998
412.733 4 -10.316316894570246
420.335 4 -2.813583168619722
426.42199999999997 4 5.094007684841471
433.32199999999995 4 -4.5880523182296855