4.045 4 
9.133 4 
14.634 4 
21.635 4 
26.826999999999998 4 
32.927 4 
40.427 4 
47.827 4 
57.126999999999995 4 
62.126999999999995 4 
70.928 4 
80.529 4 
87.13 4 
92.631 4 
100.23200000000001 4 
109.334 4 
114.835 4 
120.228 4 
128.328 4 
136.72899999999998 4 
143.22899999999996 4 
150.929 4 
158.529 4 
168.229 4 
174.429 4 
180.13 4 
186.231 4 
192.032 4 
201.13400000000001 4 
207.735 4 
213.33599999999998 4 
219.23 4 
227.23 4 
233.03 4 
242.03 4 
249.83 4 
255.53 4 
262.23 4 
269.13 4 
276.933 4 
284.332 4 
291.233 4 
299.134 4 
306.535 4 
312.731 4 
320.933 4 
325.932 4 
334.832 4 
340.332 4 
349.63199999999995 4 
354.73199999999997 4 
363.63199999999995 4 
369.23199999999997 4 
378.13199999999995 4 
384.13199999999995 4 
394.034 4 
400.235 4 
407.833 4 
413.93300000000005 4 
419.13300000000004 4 
424.533 4 
430.233 4 
435.43300000000005 4 
441.033 4 
