4.043 4 21.99861304609413
13.335999999999999 4 29.939583403068163
20.736 4 36.00060557727929
26.336 4 17.62230137557255
35.436 4 37.57234610754432
42.136 4 46.35567171636313
47.833 4 32.24070921175346
54.036 4 11.14010157543904
61.636 4 34.54183502043876
69.72 4 33.50424208952063
77.221 4 37.26413845504644
84.22200000000002 4 15.937590871883003
92.024 4 36.42178320320167
98.025 4 35.38419027228353
103.82600000000001 4 31.511323933333195
108.82700000000001 4 19.923427184257854
117.62799999999999 4 16.779946123727775
125.83 4 21.382197741098377
134.731 4 8.726005793329229
140.232 4 43.0169529767597
147.834 4 23.99153120228155
157.738 4 10.718923949516654
163.121 4 -6.005372016276195
170.021 4 1.6273906881999656
176.222 4 13.749435036622216
181.925 4 23.683323549783676
187.824 4 21.69040539359625
193.025 4 11.561279201361426
199.12599999999998 4 44.16751588110235
207.127 4 1.9355983406978412
213.22799999999998 4 33.92541971544301
220.93 4 29.014960445574538
226.53099999999998 4 14.787027967540354
233.132 4 -6.426549642198583
239.233 4 2.3567759666202273
248.335 4 20.5398424892536
253.43599999999998 4 29.32316809807241
260.02299999999997 4 37.68531608096883
265.02299999999997 4 8.530768114255864
270.52299999999997 4 30.894908628337454
277.02299999999997 4 40.602857194649886
283.9240000000001 4 25.87147938504446
289.425 4 10.410716297018777
298.327 4 3.815546523460754
307.628 4 18.238716680568302
316.53 4 9.147183419251615
321.731 4 23.57035357635916
331.43199999999996 4 5.808464679648178
338.834 4 14.057642689120087
344.035 4 6.650819931492955
351.624 4 23.262145923861286
360.624 4 36.95593080254858
366.42400000000004 4 46.776849342285516
371.524 4 42.17459772491492
377.024 4 4.657901775305528
386.626 4 -2.9748609291706343
394.527 4 0.8980054097797039
399.92800000000005 4 8.417798140831351
405.529 4 17.201123749650165
411.23 4 3.9285164968852646
418.631 4 11.869486853859303
426.43300000000005 4 47.927412246628165
432.634 4 1.2062130622775777
441.035 4 39.56526426373175