4.0489999999999995 4 
12.232000000000001 4 
18.433 4 
23.434 4 
28.935 4 
33.93 4 
40.029 4 
46.629 4 
52.129 4 
61.229 4 
66.931 4 
73.529 4 
81.429 4 
87.12899999999998 4 
94.03 4 
99.531 4 
106.03200000000001 4 
114.134 4 
123.035 4 
130.63 4 
136.43 4 
141.83 4 
151.131 4 
156.53 4 
162.43 4 
169.83 4 
176.53 4 
184.53099999999998 4 
193.43099999999998 4 
201.232 4 
207.333 4 
213.334 4 
218.835 4 
227.63099999999997 4 
232.831 4 
241.93400000000003 4 
249.532 4 
258.532 4 
264.132 4 
269.832 4 
275.032 4 
281.933 4 
290.832 4 
300.733 4 
310.335 4 
317.736 4 
322.83299999999997 4 
328.6330000000001 4 
336.333 4 
342.533 4 
347.733 4 
355.13300000000015 4 
362.733 4 
370.233 4 
379.534 4 
387.334 4 
393.534 4 
400.534 4 
406.135 4 
412.236 4 
420.63699999999994 4 
426.23400000000004 4 
431.334 4 
441.035 4 
