4.046 4 -7.3398383391570645
13.729000000000001 4 -3.6391031787393424
22.629 4 -3.6115371661316775
30.429000000000002 4 2.9405558992704153
36.43 4 -3.5288391283086833
42.631 4 -5.983074418184042
48.032 4 -6.325065008077723
54.133 4 -3.241980563630331
59.63399999999999 4 -3.583971153524013
64.735 4 3.4203765522024208
73.83 4 2.5709992967690685
81.33 4 -3.721801216562337
86.43 4 -7.3122723265494
94.33 4 1.186669363188381
101.73 4 1.0764053127577222
107.33 4 -2.3650372955893144
114.73 4 -2.5691978224446714
120.83 4 2.5158672715537396
129.933 4 1.0488393001500569
137.531 4 -4.91316906188937
143.232 4 -4.995867099712365
151.334 4 -4.571178471995689
157.035 4 3.447942564810086
163.536 4 -2.966320437553682
170.53099999999995 4 4.804706485783108
175.53099999999995 4 -2.309905270373984
181.231 4 -1.7198205670113191
191.13099999999997 4 -0.41818867125362624
200.03099999999998 4 -2.0342451442973344
206.93099999999998 4 0.679282697648711
212.832 4 -0.9531413494009615
218.332 4 -0.25279259560763645
239.332 4 2.85785786144742
245.13299999999998 4 0.08919799428604502
250.63400000000001 4 -2.78972592330599
259.036 4 -0.14252854517697688
266.733 4 0.7344147228640399
274.934 4 0.9385752497193969
280.533 4 1.5010939404743975
288.133 4 -0.8428772989703015
293.633 4 -0.021066056144614542
302.533 4 1.9809145934064039
309.133 4 -1.0746038384333234
314.33299999999997 4 3.872631192526762
321.033 4 -1.5268584787576645
329.033 4 -0.7326132485396419
336.833 4 -5.448121740036706
346.135 4 -5.845244355145717
352.336 4 -2.089377169512665
365.034 4 3.817499167311433
371.134 4 -0.8704433115779668
380.73400000000004 4 0.22702805732436993
390.034 4 -2.17207520733566
395.434 4 -8.244347619805747
401.634 4 1.6113579909050575
406.835 4 0.06163198167838013
414.435 4 0.5690186472180514
419.635 4 0.1994620447167046
428.635 4 -2.596763835052336
436.035 4 0.6517166850410456
441.035 4 0.0340659690707148