4.046 4 
12.834000000000001 4 
20.435 4 
26.029 4 
31.629 4 
39.729 4 
44.82899999999999 4 
50.729 4 
60.428999999999995 4 
67.329 4 
73.53 4 
80.93 4 
87.931 4 
94.132 4 
99.633 4 
107.234 4 
113.035 4 
119.63 4 
124.83 4 
134.13 4 
142.131 4 
149.031 4 
154.531 4 
163.83100000000005 4 
168.93099999999995 4 
176.831 4 
182.231 4 
187.63099999999997 4 
194.132 4 
200.234 4 
208.435 4 
215.132 4 
222.93200000000002 4 
232.032 4 
239.532 4 
246.933 4 
251.93200000000002 4 
259.532 4 
265.232 4 
274.133 4 
283.133 4 
288.633 4 
297.534 4 
303.135 4 
312.733 4 
322.633 4 
328.333 4 
337.43300000000005 4 
342.634 4 
351.533 4 
357.634 4 
362.834 4 
370.23400000000004 4 
375.73400000000004 4 
382.334 4 
388.434 4 
394.634 4 
402.436 4 
408.23699999999997 4 
413.936 4 
421.635 4 
427.635 4 
432.635 4 
441.035 4 
