4.0569999999999995 4 -0.5902038589891765
10.728 4 -1.4834612637978486
19.628 4 -0.08900642823208482
28.728 4 -1.5394698315195035
34.829 4 0.16159228714646146
41.028999999999996 4 -2.3501542241145943
50.931000000000004 4 -3.662036047466776
59.733000000000004 4 -2.0995555087360485
66.734 4 -2.1555640764577024
75.135 4 -0.6196479822189023
82.729 4 1.4469096660067162
90.229 4 0.3030535458194983
95.729 4 -4.9179093030973045
103.12899999999999 4 -2.2381370886712846
109.73 4 2.8708086248022084
117.53 4 -0.20102356367539276
123.53 4 3.596040326445917
130.93200000000002 4 -2.014102817784667
137.83 4 2.004115664485462
147.531 4 -2.070111385506322
153.733 4 2.590765786193936
163.334 4 -3.2994201966449217
168.935 4 -1.680931090192539
174.03099999999995 4 -1.958094250063012
179.731 4 0.7216779643630078
187.43099999999998 4 -4.0246518982886315
192.93099999999998 4 -7.597681517523324
198.13099999999997 4 0.4416351257547344
203.53099999999998 4 3.0093902047374455
208.731 4 1.8655340845502257
213.93200000000002 4 -4.805892167653995
219.831 4 -4.192677601453595
225.43099999999998 4 -0.926255265319103
231.13099999999997 4 1.1403023829065173
238.732 4 -4.973917870818958
247.732 4 4.070673312711082
253.833 4 3.0653987724590994
259.23400000000004 4 1.9775512199935354
266.836 4 -3.0753859257583036
275.032 4 -4.275250613667178
282.832 4 0.5536522611980432
287.832 4 -6.341808261892796
293.532 4 0.24704497809784254
302.633 4 1.8095255168285709
308.132 4 1.5854912459419528
317.033 4 -7.179057098979814
330.43300000000005 4 4.907922149798101
336.033 4 -1.819512670127776
344.13300000000015 4 -0.03299786051042908
350.73400000000015 4 -0.059562305002356375
360.036 4 -5.029926438540613
368.935 4 -1.2328625484193028
375.033 4 -1.2888711161409567
380.034 4 -2.4061627918362483
386.23400000000004 4 -5.280525153919159
391.334 4 -1.5689139547492301
397.834 4 2.396175638537045
405.23400000000004 4 4.433289163532936
412.134 4 -2.518179927279558
417.936 4 -3.494010344301813
427.235 4 0.10558371942480704
435.235 4 0.860259544298243
441.035 4 -2.1261199532279758