4.027 4 -2.964148413015567
11.427 4 -1.8096596725907976
17.428 4 -2.405790847344228
22.629 4 -0.7608217294719486
31.730999999999998 4 -4.651377849810213
37.632 4 -0.9554798744628816
43.133 4 -1.3403094546044714
50.934 4 4.068434826838968
59.925 4 -3.7549377327599305
65.425 4 -7.023745809043304
70.825 4 0.863017228939146
76.425 4 -1.4248300924492083
82.125 4 -4.24541811020744
87.225 4 -1.9998311077414543
92.925 4 -2.3212702094994917
99.82600000000001 4 -3.902848848988219
105.027 4 -6.2329564892989415
111.928 4 -1.530480889755128
121.23 4 -3.5391494283078133
126.23100000000001 4 -2.2156194121935715
134.032 4 -6.596655909979346
142.934 4 1.6749367081446938
150.335 4 -2.7060997896410814
155.92600000000004 4 -2.384660687883044
163.526 4 -3.412368471540708
168.726 4 -5.869257068618535
173.827 4 -0.31260167094680646
182.727 4 1.2689769685419199
192.42700000000002 4 -6.617786069440531
198.227 4 -5.01507727049062
204.428 4 -0.18582071417970214
212.52900000000002 4 -4.587987371426662
218.63 4 -2.7272299491022656
226.232 4 -0.7396915700107645
234.233 4 -0.6974312510883962
242.13400000000001 4 -1.10339099069117
249.828 4 2.9139460864141986
256.428 4 2.8716857674918312
264.628 4 0.17787870650070303
274.528 4 0.09335806865596652
281.028 4 -3.5602795877689974
289.928 4 0.41479717041400477
296.128 4 -2.152228933810019
305.7290000000001 4 -2.663839470718713
311.13 4 0.9264077073226984
317.83099999999996 4 -2.1944892527323874
325.432 4 -5.7847364307737985
330.43300000000005 4 -3.391238312079524
336.634 4 -3.839458370604666
345.42900000000014 4 0.5627082866422928
354.72900000000016 4 -1.5727412086774963
360.22900000000016 4 -0.3548619898691747
365.92900000000003 4 -4.672508009271398
371.529 4 -5.763606271312614
377.33 4 0.5415781271811086
384.83 4 -3.327847833695972
391.83 4 2.5079863468114256
397.93 4 -0.6129106132436606
404.53 4 -4.287678429129809
413.631 4 0.9052775478615143
421.032 4 1.3112372874642881
426.533 4 2.0386361288250994
434.935 4 -0.2069508736408867
441.036 4 -1.7251390347460611