4.0280000000000005 4 
12.129000000000001 4 
17.23 4 
23.730999999999998 4 
29.531999999999996 4 
36.233000000000004 4 
41.63399999999999 4 
50.527 4 
56.026 4 
63.62600000000001 4 
71.027 4 
76.127 4 
84.027 4 
93.12700000000001 4 
99.32700000000001 4 
106.329 4 
112.93 4 
120.331 4 
127.932 4 
137.034 4 
142.235 4 
151.22799999999995 4 
159.428 4 
164.928 4 
170.128 4 
175.528 4 
181.22799999999998 4 
190.128 4 
195.62900000000002 4 
201.729 4 
206.73 4 
212.43099999999998 4 
219.032 4 
225.933 4 
235.635 4 
240.829 4 
247.03 4 
255.929 4 
263.72900000000004 4 
269.93 4 
275.73 4 
285.03 4 
291.13 4 
300.73 4 
306.631 4 
314.232 4 
320.233 4 
328.635 4 
334.131 4 
341.631 4 
346.631 4 
354.33099999999996 4 
363.631 4 
369.231 4 
376.631 4 
382.231 4 
391.032 4 
400.93199999999996 4 
406.63199999999995 4 
414.63300000000004 4 
420.23400000000004 4 
428.035 4 
434.93199999999996 4 
441.038 4 
4.0280000000000005 4 
12.129000000000001 4 
17.23 4 
23.730999999999998 4 
29.531999999999996 4 
36.233000000000004 4 
41.63399999999999 4 
50.527 4 
56.026 4 
63.62600000000001 4 
71.027 4 
76.127 4 
84.027 4 
93.12700000000001 4 
99.32700000000001 4 
106.329 4 
112.93 4 
120.331 4 
127.932 4 
137.034 4 
142.235 4 
151.22799999999995 4 
159.428 4 
164.928 4 
170.128 4 
175.528 4 
181.22799999999998 4 
190.128 4 
195.62900000000002 4 
201.729 4 
206.73 4 
212.43099999999998 4 
219.032 4 
225.933 4 
235.635 4 
240.829 4 
247.03 4 
255.929 4 
263.72900000000004 4 
269.93 4 
275.73 4 
285.03 4 
291.13 4 
300.73 4 
306.631 4 
314.232 4 
320.233 4 
328.635 4 
334.131 4 
341.631 4 
346.631 4 
354.33099999999996 4 
363.631 4 
369.231 4 
376.631 4 
382.231 4 
391.032 4 
400.93199999999996 4 
406.63199999999995 4 
414.63300000000004 4 
420.23400000000004 4 
428.035 4 
434.93199999999996 4 
441.038 4 
4.0280000000000005 4 
12.129000000000001 4 
17.23 4 
23.730999999999998 4 
29.531999999999996 4 
36.233000000000004 4 
41.63399999999999 4 
50.527 4 
56.026 4 
63.62600000000001 4 
71.027 4 
76.127 4 
84.027 4 
93.12700000000001 4 
99.32700000000001 4 
106.329 4 
112.93 4 
120.331 4 
127.932 4 
137.034 4 
142.235 4 
151.22799999999995 4 
159.428 4 
164.928 4 
170.128 4 
175.528 4 
181.22799999999998 4 
190.128 4 
195.62900000000002 4 
201.729 4 
206.73 4 
212.43099999999998 4 
219.032 4 
225.933 4 
235.635 4 
240.829 4 
247.03 4 
255.929 4 
263.72900000000004 4 
269.93 4 
275.73 4 
285.03 4 
291.13 4 
300.73 4 
306.631 4 
314.232 4 
320.233 4 
328.635 4 
334.131 4 
341.631 4 
346.631 4 
354.33099999999996 4 
363.631 4 
369.231 4 
376.631 4 
382.231 4 
391.032 4 
400.93199999999996 4 
406.63199999999995 4 
414.63300000000004 4 
420.23400000000004 4 
428.035 4 
434.93199999999996 4 
441.038 4 
