4.043 4 
9.525 4 
16.926 4 
26.226 4 
34.626999999999995 4 
40.428000000000004 4 
47.32899999999999 4 
53.93 4 
61.532 4 
67.233 4 
72.434 4 
78.635 4 
87.527 4 
97.12700000000001 4 
102.227 4 
111.32700000000001 4 
116.82799999999999 4 
125.027 4 
130.52700000000002 4 
136.529 4 
141.93200000000004 4 
147.53 4 
161.13299999999995 4 
170.234 4 
176.735 4 
182.33700000000002 4 
189.72799999999998 4 
197.829 4 
207.729 4 
215.329 4 
225.02900000000002 4 
230.52900000000002 4 
236.729 4 
241.73 4 
246.93400000000003 4 
253.032 4 
258.233 4 
264.034 4 
270.735 4 
277.63 4 
282.63 4 
290.43 4 
299.43 4 
305.03 4 
312.431 4 
320.231 4 
326.33099999999996 4 
332.934 4 
340.531 4 
349.832 4 
357.534 4 
363.735 4 
371.736 4 
377.832 4 
386.731 4 
393.73199999999997 4 
399.131 4 
404.23199999999997 4 
410.13199999999995 4 
415.832 4 
424.73199999999997 4 
432.23199999999997 4 
441.032 4 
4.043 4 
9.525 4 
16.926 4 
26.226 4 
34.626999999999995 4 
40.428000000000004 4 
47.32899999999999 4 
53.93 4 
61.532 4 
67.233 4 
72.434 4 
78.635 4 
87.527 4 
97.12700000000001 4 
102.227 4 
111.32700000000001 4 
116.82799999999999 4 
125.027 4 
130.52700000000002 4 
136.529 4 
141.93200000000004 4 
147.53 4 
161.13299999999995 4 
170.234 4 
176.735 4 
182.33700000000002 4 
189.72799999999998 4 
197.829 4 
207.729 4 
215.329 4 
225.02900000000002 4 
230.52900000000002 4 
236.729 4 
241.73 4 
246.93400000000003 4 
253.032 4 
258.233 4 
264.034 4 
270.735 4 
277.63 4 
282.63 4 
290.43 4 
299.43 4 
305.03 4 
312.431 4 
320.231 4 
326.33099999999996 4 
332.934 4 
340.531 4 
349.832 4 
357.534 4 
363.735 4 
371.736 4 
377.832 4 
386.731 4 
393.73199999999997 4 
399.131 4 
404.23199999999997 4 
410.13199999999995 4 
415.832 4 
424.73199999999997 4 
432.23199999999997 4 
441.032 4 
4.043 4 
9.525 4 
16.926 4 
26.226 4 
34.626999999999995 4 
40.428000000000004 4 
47.32899999999999 4 
53.93 4 
61.532 4 
67.233 4 
72.434 4 
78.635 4 
87.527 4 
97.12700000000001 4 
102.227 4 
111.32700000000001 4 
116.82799999999999 4 
125.027 4 
130.52700000000002 4 
136.529 4 
141.93200000000004 4 
147.53 4 
161.13299999999995 4 
170.234 4 
176.735 4 
182.33700000000002 4 
189.72799999999998 4 
197.829 4 
207.729 4 
215.329 4 
225.02900000000002 4 
230.52900000000002 4 
236.729 4 
241.73 4 
246.93400000000003 4 
253.032 4 
258.233 4 
264.034 4 
270.735 4 
277.63 4 
282.63 4 
290.43 4 
299.43 4 
305.03 4 
312.431 4 
320.231 4 
326.33099999999996 4 
332.934 4 
340.531 4 
349.832 4 
357.534 4 
363.735 4 
371.736 4 
377.832 4 
386.731 4 
393.73199999999997 4 
399.131 4 
404.23199999999997 4 
410.13199999999995 4 
415.832 4 
424.73199999999997 4 
432.23199999999997 4 
441.032 4 
