4.075 4 0.6460261296279954
13.325999999999999 4 -5.784458741163088
18.827 4 2.024220378943
26.429000000000002 4 3.447492804092229
31.53 4 -8.605244633841988
39.431 4 -1.546840162739847
47.832 4 -10.727273792756055
55.233000000000004 4 -2.2262776782900184
60.935 4 1.3061444269634972
65.935 4 5.5630822236014055
71.82300000000002 4 -4.35474657660897
80.82300000000002 4 -1.5146414657154041
86.324 4 -1.4888825080958474
95.22399999999999 4 -0.8545231683798997
100.325 4 -9.310441107011716
108.126 4 -5.027744352754254
113.727 4 -2.957233109079298
119.428 4 -2.9507933696744084
126.329 4 3.421733846472674
134.03 4 1.2803854693439432
141.032 4 -3.6366706246294696
147.63299999999995 4 -9.297561628201937
153.034 4 -0.8094449925456777
160.636 4 4.152689277261954
170.525 4 -1.4695632898811821
178.025 4 -0.8030052531407899
189.925 4 1.35122260279772
199.025 4 -6.502534693142589
204.226 4 -1.5532799021447357
209.727 4 6.261838957366241
216.62900000000002 4 -10.009197840776551
225.93200000000002 4 7.697990861325249
230.93099999999998 4 -5.771579262353311
237.132 4 3.466812022306896
243.233 4 5.556642484196517
248.43400000000003 4 5.550202744791627
254.935 4 -0.13000747699550708
261.626 4 1.9920216819185574
266.82599999999996 4 -7.207731166312316
275.726 4 -1.5082017263105145
285.32599999999996 4 -2.944353630269519
290.928 4 -5.047063570968919
296.527 4 -5.09214174680314
304.327 4 -2.194078981265574
311.728 4 4.165568756071733
317.73 4 2.049979336562557
323.931 4 -1.5404004233349582
332.13199999999995 4 8.396747595090083
341.2340000000001 4 -5.790898480567976
346.935 4 -6.45745651730837
352.336 4 1.331903384583053
358.12800000000016 4 4.877204968646347
364.727 4 -5.745820304733756
370.92800000000005 4 0.6009479537937716
378.32800000000003 4 -6.483215474927925
383.82800000000003 4 8.403187334494973
400.32800000000003 4 -7.887168681862486
406.42900000000003 4 -0.7965655137359002
416.13 4 -0.8352039501652326
424.13199999999995 4 -9.323320585821492
432.935 4 -0.1171279981857305
441.035 4 -2.271355854124238