4.0280000000000005 4 -0.07099555552707137
13.128 4 -11.216453220448173
18.329 4 -12.887062951015807
24.43 4 -5.759067330848969
32.132 4 5.776138501459643
40.333 4 -3.8577717145586456
49.435 4 -5.456757841068404
56.32899999999999 4 3.7315956770535736
64.329 4 6.913752856524023
69.929 4 -10.683457844944922
75.829 4 9.41966745237547
82.529 4 -8.408229134816164
91.529 4 0.46199981997618256
99.029 4 -9.100286791984232
105.929 4 0.9949951954794356
114.329 4 -8.869600906261542
120.53 4 -7.342238383809655
128.132 4 -3.4122150166623353
134.333 4 -3.6270858288359564
140.934 4 0.923371591421561
150.63 4 -4.852138861507278
158.43 4 -8.105919645035598
167.33 4 -0.3733050453076343
173.33 4 3.1986003015503206
179.13 4 -1.8848524942104499
187.231 4 -8.479852738874033
192.831 4 -2.5769101513785193
197.93099999999998 4 -3.3247763390553926
203.43099999999998 4 2.0609859464859417
208.831 4 1.5279905709826886
218.43099999999998 4 -1.5109194003720132
223.93200000000002 4 -13.117748836738496
229.63299999999998 4 -2.7201573594942667
237.234 4 -5.902314538964714
246.13099999999997 4 -4.621452975784588
252.731 4 -3.786148110500771
262.032 4 -8.56729141648098
267.732 4 -2.4894714737715775
275.332 4 -12.584753461235245
280.332 4 -1.7416052860947033
288.132 4 -7.127367571636036
293.632 4 -5.297695559403588
298.632 4 -16.530591901931633
303.732 4 -10.309524751106487
309.332 4 -7.501300665474473
319.232 4 -17.063587277434888
328.134 4 -0.8188617432039456
334.235 4 1.2973046852599976
340.436 4 -17.36589676721545
347.43300000000005 4 -15.997596526428381
353.533 4 6.309133876962895
358.733 4 -10.985767334725484
363.93300000000005 4 -11.447139106170866
371.833 4 -7.270614779751784
378.333 4 -0.747238139146071
385.73400000000004 4 -18.50351112227983
391.23400000000004 4 2.6656049260470676
400.534 4 1.8303000607632507
407.934 4 -8.177543249093471
416.73400000000004 4 -11.677824991893555
422.534 4 -7.66036294713929
427.934 4 -14.486049077525568
435.336 4 -12.05175808573199
441.037 4 -14.78835856730613