4.047 4 
10.234 4 
19.534000000000002 4 
27.334 4 
33.035 4 
42.036 4 
48.137 4 
54.335 4 
63.235 4 
68.835 4 
74.535 4 
82.535 4 
91.435 4 
96.436 4 
102.13600000000001 4 
107.635 4 
117.236 4 
123.736 4 
132.536 4 
139.94 4 
148.03799999999995 4 
157.123 4 
163.024 4 
169.625 4 
177.02599999999995 4 
184.428 4 
190.52900000000002 4 
200.43099999999998 4 
206.632 4 
212.63299999999998 4 
219.53400000000002 4 
225.03799999999998 4 
230.037 4 
237.021 4 
244.921 4 
253.32299999999998 4 
258.524 4 
264.125 4 
270.82599999999996 4 
275.92900000000003 4 
285.029 4 
290.53 4 
299.431 4 
305.232 4 
310.33299999999997 4 
318.134 4 
323.335 4 
329.12199999999996 4 
338.8230000000001 4 
346.523 4 
353.124 4 
358.525 4 
364.126 4 
371.727 4 
381.029 4 
388.53 4 
396.131 4 
403.733 4 
410.634 4 
416.035 4 
421.236 4 
429.42400000000004 4 
435.524 4 
441.024 4 