4.032 4 
10.232000000000001 4 
19.932000000000002 4 
27.631999999999998 4 
33.332 4 
40.933 4 
50.233999999999995 4 
59.133 4 
66.633 4 
72.133 4 
77.233 4 
83.23299999999998 4 
91.03299999999999 4 
98.633 4 
105.53299999999999 4 
113.53299999999999 4 
122.53399999999999 4 
128.634 4 
135.634 4 
141.734 4 
147.335 4 
153.036 4 
160.637 4 
166.13400000000001 4 
174.334 4 
179.734 4 
185.53400000000002 4 
193.435 4 
202.235 4 
210.035 4 
216.535 4 
226.435 4 
231.635 4 
240.535 4 
249.636 4 
258.52099999999996 4 
263.922 4 
269.823 4 
278.224 4 
283.425 4 
289.626 4 
297.728 4 
302.829 4 
310.23 4 
319.532 4 
326.133 4 
332.23699999999997 4 
337.837 4 
347.42 4 
354.82099999999997 4 
360.32199999999995 4 
371.524 4 
376.725 4 
383.32599999999996 4 
389.12699999999995 4 
395.82800000000003 4 
401.529 4 
407.03 4 
412.631 4 
421.733 4 
428.634 4 
433.635 4 
441.023 4 
4.032 4 
10.232000000000001 4 
19.932000000000002 4 
27.631999999999998 4 
33.332 4 
40.933 4 
50.233999999999995 4 
59.133 4 
66.633 4 
72.133 4 
77.233 4 
83.23299999999998 4 
91.03299999999999 4 
98.633 4 
105.53299999999999 4 
113.53299999999999 4 
122.53399999999999 4 
128.634 4 
135.634 4 
141.734 4 
147.335 4 
153.036 4 
160.637 4 
166.13400000000001 4 
174.334 4 
179.734 4 
185.53400000000002 4 
193.435 4 
202.235 4 
210.035 4 
216.535 4 
226.435 4 
231.635 4 
240.535 4 
249.636 4 
258.52099999999996 4 
263.922 4 
269.823 4 
278.224 4 
283.425 4 
289.626 4 
297.728 4 
302.829 4 
310.23 4 
319.532 4 
326.133 4 
332.23699999999997 4 
337.837 4 
347.42 4 
354.82099999999997 4 
360.32199999999995 4 
371.524 4 
376.725 4 
383.32599999999996 4 
389.12699999999995 4 
395.82800000000003 4 
401.529 4 
407.03 4 
412.631 4 
421.733 4 
428.634 4 
433.635 4 
441.023 4 
