4.026 4 11.381193817667775
9.726 4 16.643944459014556
17.928 4 8.27714512298109
24.629 4 1.8021943624445624
29.63 4 -4.672756398091962
35.231 4 -4.288456608077836
44.132 4 3.339393522501066
53.833999999999996 4 8.631794538421527
59.635 4 -5.4710063526938955
65.725 4 6.532393340908803
70.925 4 12.623044311431201
77.125 4 13.835244430620946
84.925 4 6.975993880070296
90.525 4 6.266695049189409
98.625 4 5.763793760880551
104.126 4 13.805594056047262
110.32700000000001 4 5.349843596292742
118.12899999999999 4 14.633494385222878
125.83 4 -1.864056369698349
133.431 4 -2.307656908859842
140.833 4 3.014394481634308
146.233 4 2.5707939424728137
155.535 4 -2.278006534286159
163.42600000000004 4 10.642244612213208
173.02700000000004 4 4.137643477103
181.92700000000002 4 10.257944822199082
189.52700000000002 4 9.459694867597147
195.327 4 4.935893431704935
204.42700000000002 4 3.753343687088873
210.428 4 7.833544583819594
216.329 4 8.602144163847846
223.73 4 -1.125107164243781
229.43200000000002 4 -9.491906500277251
235.13299999999998 4 8.21784437383372
244.234 4 7.419594419231786
250.735 4 -1.5094069542579076
256.928 4 1.77254398787088
263.528 4 -6.653556097309957
269.628 4 -3.519857028049585
274.728 4 -7.511106801059257
283.728 4 -0.2972068350681649
288.928 4 3.842294810809922
294.328 4 5.468445094587474
299.828 4 1.831844737018245
305.329 4 3.3097431479273824
314.23 4 4.107993102529316
321.231 4 -5.441355978120213
328.13199999999995 4 -1.450106205110541
334.233 4 1.3882441978567543
339.2340000000001 4 6.6213444646298525
344.735 4 14.249194595208753
353.129 4 10.198644073051717
360.72900000000004 4 8.188193999260037
365.829 4 5.409144345440111
371.03 4 -0.5925555013612422
377.63 4 -11.50235657406893
385.03 4 2.9550937324869393
394.93 4 -3.4309059043285357
404.23 4 13.066644850592695
411.13 4 -0.6222058759349229
418.631 4 2.097543028737639
427.43300000000005 4 -9.905856664865059
433.034 4 8.986443953861972
441.035 4 12.238744521417075