4.04 4 -0.5379971706574933
10.127 4 14.81261975065119
18.328 4 -7.5623249207906325
23.427 4 -6.8419960179010735
30.028000000000002 4 3.5736953504381654
35.728 4 4.294024253327728
42.43 4 -2.1486709786525706
47.931000000000004 4 -13.454707252097322
53.732 4 -0.846709557610164
59.733000000000004 4 9.090253421560455
68.834 4 3.985311866375059
74.535 4 -20.37613087324624
81.528 4 -15.374093447045063
87.229 4 -6.260363499748229
96.12899999999999 4 -14.756668673139725
105.029 4 2.4775421873642065
114.029 4 -1.4283420757630063
120.62899999999999 4 -9.548822988970105
128.329 4 -5.128418080921775
135.22899999999998 4 5.698889803354357
140.83 4 -21.88390055225709
146.931 4 12.002888650597935
153.833 4 -0.2292847837048262
163.434 4 -7.938149180975031
170.83 4 9.604774066481571
178.23 4 -13.557611381081543
187.53 4 1.3813890242902493
195.33 4 1.5871972822586953
202.73 4 -2.730303496805411
210.53 4 -8.349765696911923
215.73 4 -17.669303902177205
220.731 4 -5.745842854827113
225.831 4 -13.866323768034214
231.63099999999997 4 -10.063343633891222
236.831 4 -7.835245051990808
246.732 4 -6.327475372979957
256.434 4 0.4910441191847372
265.33099999999996 4 -10.542072023059841
272.931 4 -3.1419200127423066
279.431 4 9.296061679528904
287.431 4 -8.658478083864594
293.632 4 -13.763419639049989
299.032 4 3.3678870924697195
305.232 4 -13.969227897018435
314.032 4 2.786254574316877
321.932 4 8.302812645439168
331.032 4 -16.470246610119023
336.032 4 -0.4350930416732721
344.13300000000015 4 -9.445918859985884
349.634 4 -4.135169046832041
357.135 4 4.978560900464793
364.733 4 11.79708039262949
370.63300000000004 4 5.287273287417462
376.233 4 -1.0167255598261145
382.43300000000005 4 10.495118971587083
388.033 4 -1.9428627206841211
393.533 4 -8.452669825896148
401.93300000000005 4 -11.46820918391785
411.233 4 13.201945942656117
418.834 4 -4.649689691753156
424.233 4 -2.1128787229000725
429.434 4 -3.2448241417265278
434.934 4 4.088215995359284
441.034 4 6.795042966428315