4.055 4 -7.954791968008711
9.137 4 1.9811911560765028
15.338 4 9.72288761893676
23.121 4 1.1047483936491789
30.721999999999998 4 -10.118549047373875
39.62300000000001 4 14.117820451699963
45.123999999999995 4 5.193117438107817
50.825 4 -3.7990042495172025
58.227 4 0.6633472572788728
67.328 4 -10.051130373341007
72.329 4 -9.781455677209518
78.53 4 4.856024067943461
84.131 4 0.05657919098303221
93.03299999999999 4 3.8752735393101867
98.939 4 1.7789351339778898
107.035 4 -0.5870779674858886
113.94 4 -12.214887452706172
121.323 4 -1.9723405403163907
126.522 4 5.3279547861735574
132.22299999999998 4 -9.916293025275262
139.624 4 9.385794248772406
145.725 4 -11.301555598105764
151.42600000000004 4 -0.8567526636173719
156.42700000000005 4 6.106449292708223
164.429 4 -6.636948069211079
173.33 4 1.5766791118792787
178.831 4 7.154618495374371
187.233 4 0.7981846053446136
193.834 4 4.7211867198777195
202.94 4 5.8367745965767375
212.22400000000002 4 -15.76390710490184
218.024 4 -4.608028337911656
223.62400000000002 4 -9.848874351242394
231.324 4 -6.569529395178207
237.825 4 2.4225922924468106
243.02599999999998 4 -5.1168481483148325
250.02700000000002 4 -6.2324360250138495
255.428 4 -3.3576031131468946
260.829 4 9.588050270871019
267.73 4 -4.2709349677473005
277.032 4 -2.6159976987853133
284.936 4 3.673017517211572
292.535 4 10.83847549563578
297.735 4 2.557429640512553
302.825 4 -0.5196592934530164
308.825 4 -5.251685496380575
314.325 4 -5.5887788665449305
320.425 4 -10.897043553908539
326.225 4 -1.2612647078146013
332.426 4 -2.9530910689496688
342.027 4 -5.319104170413447
347.62800000000016 4 11.886644698301929
353.12800000000016 4 -16.812076307567988
361.33 4 -5.6561975405778036
368.83099999999996 4 6.3087053148068355
378.733 4 1.7115164599450212
388.435 4 0.3262538871145173
396.236 4 -13.46531267747093
405.027 4 -7.34802390171287
411.727 4 13.137069923066687
418.327 4 12.02148204636767
424.42699999999996 4 4.923442741976333
433.42699999999996 4 -1.6352471701520335
441.027 4 8.202787698040517