4.0489999999999995 4 -1.0504615735381915
10.13 4 0.09310485072836183
16.632 4 -6.829574012510081
21.732 4 -0.257443798540927
27.13300000000001 4 -2.178707918394964
32.934 4 -4.191892514707686
40.336 4 -4.938950051475607
45.93 4 -1.1117418911773163
51.33 4 2.0756492882215225
57.03 4 -3.764743468389492
65.83 4 -2.2859484742634315
70.83 4 -2.8798052169335406
79.73 4 1.7557407977717965
87.43 4 -3.6575029125210237
96.53 4 -1.370370063987918
103.43 4 -0.30340403677027084
108.631 4 -3.429514898529985
115.33200000000001 4 -1.3090897463487927
122.934 4 -2.6211770441229385
129.935 4 -2.4986164088446894
137.931 4 2.518118413949498
144.531 4 -5.289498700744895
150.231 4 -0.6692727654493407
158.33100000000005 4 -3.73410330956993
167.231 4 -2.467976250025127
175.43099999999995 4 0.23098556541639215
181.43200000000002 4 2.4874782551299353
189.832 4 -0.5620322095808721
195.93200000000002 4 0.5662141352758998
201.43200000000002 4 0.1697052477772676
206.632 4 1.267311433814477
215.63299999999998 4 -6.844894091919862
223.235 4 -0.5926723684004349
230.636 4 -1.7668789514865502
236.732 4 0.9474029433647506
242.632 4 1.2979515926340386
252.533 4 -1.3550499845781365
258.733 4 -1.8894395867647988
267.633 4 0.5049338176367746
277.233 4 -0.5313920507613099
285.133 4 3.2651759507174196
290.633 4 -5.640047350014185
296.83299999999997 4 -6.097836555151942
306.133 4 -2.6518172029425013
311.934 4 -0.2727638779507089
319.735 4 -1.4316503816270423
325.336 4 -0.9585410970795043
330.837 4 -2.9870457728020092
338.434 4 -3.276314104432173
345.334 4 -4.892989813246263
350.834 4 2.090969367631303
356.034 4 -3.7187832301601484
362.634 4 -3.7034631507503675
370.034 4 -7.6225917875073455
379.735 4 -0.6539526860395597
387.235 4 -0.9279009382599419
392.935 4 -2.5752168058935956
399.135 4 -0.5773522889906535
408.435 4 -0.2114835603115841
417.535 4 -5.7166477470630905
425.337 4 1.7097805595424522
430.43699999999995 4 -3.0023658522117893
435.439 4 0.15438516836748617
441.035 4 -4.4811608463378505