4.048 4 -0.22680363972136464
11.731 4 -5.701327667653309
20.133 4 -2.513936488254471
29.834 4 0.9780431021843126
36.436 4 0.5202538970465556
42.331 4 -1.8741195073550188
51.931000000000004 4 -6.433065125011448
57.53100000000001 4 -2.102107521346057
63.731 4 2.4721581757201543
71.331 4 -1.7515588720767687
77.331 4 -5.33545893897424
84.831 4 -2.0714673625264948
92.632 4 -6.0518763169225975
101.73200000000001 4 2.868667063218787
106.932 4 1.3592319102731643
112.03200000000001 4 -7.241402979418495
117.53299999999999 4 -2.9410855345726654
123.03399999999999 4 -2.5598967264838146
130.636 4 0.5508940558661184
136.333 4 -1.4622905404466051
141.832 4 2.899307222038349
149.232 4 2.5027983345397162
155.333 4 -0.9738611764892857
161.033 4 -3.3222743426615167
168.833 4 -4.4658407669280695
175.333 4 0.535573976456337
181.033 4 -5.274178621335114
186.233 4 -2.925765455162884
194.333 4 -2.194027997804745
199.333 4 0.8861226257256263
207.233 4 1.3285917514536014
216.334 4 -1.705598633847425
223.035 4 -1.4163303022172613
230.43599999999998 4 1.6638203213131089
236.234 4 -2.5905368853033774
245.13400000000001 4 -1.4010102228074803
253.13400000000001 4 -0.6999129242689026
258.334 4 -0.1502032426724591
267.634 4 -1.0964218117675344
273.034 4 -5.686007588243528
280.434 4 -4.877669733836482
289.7340000000001 4 -2.2093480772145258
295.936 4 -0.9432210176697233
304.936 4 -4.115292117658781
310.435 4 -0.3187241161800518
317.435 4 -4.1765724352979055
323.236 4 -3.414194819120203
328.837 4 -1.9047596661745807
337.735 4 -4.054011800019656
346.635 4 1.740420718362015
354.235 4 -1.0811017323577543
361.13599999999997 4 -4.573081322796538
371.036 4 -4.084651958839219
377.13599999999997 4 1.31327167204382
384.036 4 -0.9891812558990671
389.036 4 -3.383554660300641
397.833 4 -4.527121084567193
402.936 4 0.993363181594094
409.036 4 -3.672822991930805
415.63599999999997 4 -3.6881430713405856
423.82 4 -2.667137282352283
429.421 4 -2.086787441936276
434.82199999999995 4 -4.1612523558881245
441.023 4 -0.18084340149202127