4.053999999999999 4 0.1590581649349434
9.032 4 10.021133061743065
14.633 4 -2.626181207454268
20.137 4 3.5494082412416352
25.537 4 11.413752747937671
31.237 4 9.701412413555886
37.021 4 5.695206317256483
46.122 4 6.733774762807024
51.223 4 -1.7700110402633742
58.123999999999995 4 8.480445689645695
67.426 4 0.09039698002117635
77.128 4 4.268256038604993
82.928 4 0.7641688688524226
90.53 4 11.19702387712114
97.932 4 8.594182783091576
104.53200000000001 4 2.3391868334066768
110.734 4 8.12639444900163
117.635 4 5.8776045956161305
126.039 4 1.586008443586433
133.52100000000002 4 11.448083340394554
138.622 4 10.124124839113716
147.423 4 -0.34306076161188503
153.525 4 0.47877881312212445
163.42600000000004 4 5.05576502088212
171.628 4 10.089794246656833
177.22799999999995 4 7.338885466724503
183.93 4 4.051527167788464
191.93400000000003 4 12.30425350758545
197.332 4 5.843274003159247
205.13299999999998 4 9.735743006012768
213.235 4 4.199594853691226
219.33599999999998 4 1.2662877953992515
225.924 4 8.377453912275044
235.023 4 4.62230727924906
240.925 4 1.8027373144029641
247.925 4 4.553646094335291
252.92700000000002 4 8.662843968005344
258.92900000000003 4 10.340853709930247
267.92900000000003 4 7.841004393271333
274.42900000000003 4 4.519315501878408
283.33099999999996 4 8.446115097188812
291.232 4 3.4120858714140994
298.633 4 6.950503633623556
308.235 4 0.41011762820835784
315.836 4 8.30879272736128
323.425 4 5.158756798252772
328.624 4 2.0194661852194953
334.725 4 0.5131094055790086
342.125 4 4.587976686792176
347.825 4 -3.1969613189148642
353.026 4 7.624275522454801
359.227 4 0.12472757247805966
364.42800000000005 4 6.517045891990493
369.92900000000003 4 7.875334985728217
375.53 4 10.911633821390843
381.031 4 9.77007359846965
389.93300000000005 4 2.4421786107773267
396.134 4 4.336917223518761
401.835 4 3.264018185511337
411.13599999999997 4 -2.0897316884505566
420.026 4 7.5556143375410345
433.32599999999996 4 5.193087390709656
441.027 4 4.302586631061879