4.044 4 
9.627 4 
19.328 4 
29.23 4 
34.931 4 
40.431999999999995 4 
46.533 4 
54.534 4 
60.43600000000001 4 
65.527 4 
70.727 4 
77.627 4 
85.227 4 
90.928 4 
97.02799999999999 4 
103.228 4 
110.82799999999999 4 
116.829 4 
123.73 4 
129.33100000000002 4 
137.232 4 
146.134 4 
153.735 4 
159.328 4 
164.329 4 
172.52900000000002 4 
177.729 4 
183.52900000000002 4 
192.829 4 
202.12900000000002 4 
209.829 4 
215.229 4 
220.23 4 
225.331 4 
234.233 4 
240.93400000000003 4 
248.335 4 
256.43 4 
261.63 4 
270.43 4 
279.43 4 
286.43 4 
294.83 4 
301.031 4 
310.131 4 
317.531 4 
325.332 4 
330.833 4 
336.534 4 
342.635 4 
348.436 4 
358.031 4 
364.631 4 
370.13199999999995 4 
375.63199999999995 4 
381.032 4 
390.13199999999995 4 
396.332 4 
403.73199999999997 4 
411.532 4 
418.032 4 
425.533 4 
432.134 4 
441.036 4 
