4.062 4 0.4095949301930357
13.129000000000001 4 -6.106620901301874
18.33 4 -7.345694059871156
24.432 4 -3.079915723702311
32.133 4 4.746350985185523
40.334 4 -1.3780370888372468
49.438 4 -3.0015501722078826
56.32100000000001 4 3.813352199923167
64.322 4 5.444253115964592
69.92399999999999 4 -5.565449873511661
75.824 4 7.302862853818515
82.525 4 -4.169645611953524
91.527 4 0.9507659579832488
99.02799999999999 4 -5.558062040840874
105.931 4 1.491936985773461
114.331 4 -5.095256564545092
120.53200000000001 4 -3.0873035563730964
128.13299999999998 4 -2.0685513869455274
134.334 4 -0.9152316125414606
140.935 4 1.876376910574816
150.623 4 -2.8448190692190254
158.423 4 -4.091280060459094
167.32299999999995 4 0.33122937869860714
173.324 4 3.272181172132955
179.125 4 -0.06059837877353491
187.227 4 -3.7852056871521667
192.828 4 -1.4490148076608866
197.929 4 -0.836866061047032
203.43 4 2.5742790413538854
208.831 4 2.033108013563673
218.43200000000002 4 -0.36667275208046224
223.933 4 -7.80849953616694
229.63400000000001 4 -0.6801349580581766
237.236 4 -2.311035874099601
246.12400000000002 4 -2.3820135929232418
252.72400000000002 4 -1.762477013638601
262.024 4 -5.016891013050662
267.724 4 -0.21732948176239208
275.32599999999996 4 -7.267328508376728
280.32599999999996 4 -0.8294782283762459
288.128 4 -4.240623330777164
293.629 4 -2.154304771110742
298.63 4 -9.902205928504149
303.731 4 -5.871524246818588
309.33099999999996 4 -3.934548957470237
319.233 4 -10.443376956294362
328.135 4 1.0217436768068895
334.236 4 1.5703025372678887
340.425 4 -10.521742507788787
347.426 4 -9.361034900713936
353.526 4 5.287522012975735
358.726 4 -5.64381542500609
363.926 4 -6.569426377597658
371.82599999999996 4 -3.471743481174454
378.327 4 0.6373037520055345
385.728 4 -11.219644638567857
391.23 4 2.7310101443427426
400.531 4 2.111473565058101
407.93300000000005 4 -3.706840135657738
416.73400000000004 4 -7.032231853893442
422.535 4 -4.781794358567376
427.939 4 -8.969207143241793
435.327 4 -6.726157480586514
441.027 4 -9.047572694736221