4.051 4 
13.732999999999999 4 
22.635 4 
30.432 4 
36.431999999999995 4 
42.632 4 
48.032 4 
54.132 4 
59.632 4 
64.732 4 
73.832 4 
81.333 4 
86.43299999999998 4 
94.333 4 
101.73299999999999 4 
107.333 4 
114.735 4 
120.836 4 
129.933 4 
137.533 4 
143.234 4 
151.334 4 
157.034 4 
163.534 4 
170.53400000000005 4 
175.53400000000005 4 
181.234 4 
191.13400000000001 4 
200.035 4 
206.93400000000003 4 
212.835 4 
218.33599999999998 4 
223.937 4 
230.535 4 
239.335 4 
245.135 4 
250.635 4 
259.035 4 
266.735 4 
274.935 4 
280.536 4 
288.13599999999997 4 
293.63599999999997 4 
302.536 4 
309.13599999999997 4 
314.336 4 
321.02099999999996 4 
329.022 4 
336.824 4 
346.125 4 
352.32599999999996 4 
358.12699999999984 4 
365.029 4 
371.13 4 
380.731 4 
390.033 4 
395.434 4 
401.63699999999994 4 
406.837 4 
414.421 4 
419.62199999999996 4 
428.624 4 
436.024 4 
441.026 4 
