4.05 4 
9.033 4 
17.835 4 
23.836 4 
30.03 4 
36.933 4 
44.331 4 
53.231 4 
58.935 4 
65.031 4 
70.631 4 
79.632 4 
89.53200000000002 4 
96.03200000000001 4 
104.03299999999999 4 
111.03399999999999 4 
116.735 4 
122.33200000000001 4 
129.032 4 
134.532 4 
143.632 4 
148.732 4 
154.533 4 
160.233 4 
165.233 4 
171.433 4 
181.033 4 
188.433 4 
197.333 4 
205.13400000000001 4 
210.937 4 
218.537 4 
223.933 4 
231.834 4 
237.93400000000003 4 
245.43400000000003 4 
253.63400000000001 4 
261.434 4 
269.034 4 
274.934 4 
281.034 4 
286.634 4 
291.834 4 
299.935 4 
305.135 4 
313.536 4 
319.038 4 
325.935 4 
331.435 4 
336.635 4 
345.735 4 
350.835 4 
360.13599999999997 4 
367.536 4 
376.836 4 
382.236 4 
388.836 4 
396.536 4 
402.036 4 
410.921 4 
418.522 4 
425.12300000000016 4 
434.824 4 
441.026 4 
