4.0489999999999995 4 
12.831 4 
20.430999999999997 4 
26.031999999999996 4 
31.631 4 
39.732 4 
44.832 4 
50.732 4 
60.431999999999995 4 
67.334 4 
73.53399999999998 4 
80.936 4 
87.93700000000004 4 
94.132 4 
99.633 4 
107.23299999999999 4 
113.03299999999999 4 
119.633 4 
124.833 4 
134.13299999999998 4 
142.13299999999995 4 
149.033 4 
154.534 4 
168.935 4 
176.83599999999996 4 
182.237 4 
187.63400000000001 4 
194.13400000000001 4 
200.234 4 
208.43400000000003 4 
215.13400000000001 4 
222.935 4 
232.035 4 
239.535 4 
246.935 4 
251.935 4 
259.535 4 
265.235 4 
274.13599999999997 4 
283.138 4 
288.635 4 
297.536 4 
303.13599999999997 4 
312.736 4 
322.63599999999997 4 
328.336 4 
337.431 4 
342.631 4 
351.533 4 
357.63699999999994 4 
362.837 4 
370.22 4 
375.721 4 
382.32199999999995 4 
388.423 4 
394.624 4 
402.425 4 
408.227 4 
413.93 4 
421.629 4 
427.63 4 
432.631 4 
441.032 4 
