4.0489999999999995 4 
10.232000000000001 4 
16.733 4 
24.535 4 
30.336 4 
39.229 4 
47.028999999999996 4 
54.528999999999996 4 
59.629 4 
65.229 4 
71.829 4 
77.029 4 
86.329 4 
95.23100000000001 4 
100.932 4 
109.73299999999999 4 
115.234 4 
122.635 4 
128.33 4 
133.83 4 
139.53 4 
146.23 4 
155.33 4 
164.93 4 
172.831 4 
179.43 4 
184.43099999999998 4 
192.03099999999998 4 
198.132 4 
203.233 4 
209.43400000000003 4 
219.33599999999998 4 
227.331 4 
233.232 4 
241.331 4 
246.532 4 
252.032 4 
257.032 4 
262.232 4 
269.632 4 
277.832 4 
283.33299999999997 4 
291.732 4 
301.034 4 
308.035 4 
315.633 4 
322.533 4 
328.1330000000001 4 
334.233 4 
343.93300000000005 4 
353.033 4 
359.13300000000015 4 
365.333 4 
372.733 4 
378.334 4 
385.233 4 
394.134 4 
399.935 4 
407.63599999999997 4 
413.036 4 
420.634 4 
429.634 4 
435.634 4 
441.034 4 
