4.048 4 -7.493978007907777
12.931 4 -4.191394870503408
21.730999999999998 4 -8.657909839920787
29.131 4 -2.052743565112041
37.231 4 3.341187788025036
42.731 4 2.2718621353293527
50.533 4 -10.749258055653488
56.534 4 7.902308936759739
66.235 4 -7.635887276883763
71.336 4 -4.380607229138053
80.232 4 -0.056001528696659086
85.83200000000002 4 1.1079303033163468
91.932 4 8.782422230820774
98.132 4 2.5083775836226616
103.83200000000001 4 2.0353466870360455
110.432 4 1.43905193092698
115.934 4 -16.332401767425214
122.03200000000001 4 2.366468314646677
127.73299999999999 4 -6.613864713846741
136.832 4 -10.891167324629475
142.333 4 13.201634110579494
150.533 4 6.785680194405395
155.734 4 4.552422709696704
161.235 4 -4.427910318796715
169.13299999999995 4 -0.7469024641230524
178.433 4 7.665793488466432
186.433 4 5.574445272733725
191.43400000000003 4 -11.865886798007836
196.43400000000003 4 0.41702936788995704
204.13400000000001 4 -6.424652355212095
212.53400000000002 4 -4.049485601527421
220.13400000000001 4 -4.5225164981140376
226.834 4 -3.2166753971250452
234.63400000000001 4 -8.79981910889677
244.234 4 6.454558566794764
251.135 4 1.3917488412683143
256.335 4 -2.2892590134053483
262.536 4 -2.9328568591730777
272.435 4 8.735119141162116
278.335 4 11.062982805188128
287.635 4 7.6184903988077695
293.035 4 -14.193750462033847
298.235 4 -2.383865192722671
304.835 4 -9.585326223640486
311.035 4 1.0133241239990243
318.63599999999997 4 5.38523291409908
324.435 4 -10.843864234970813
331.436 4 1.9880435973773842
340.336 4 -1.0307210020750182
347.936 4 -2.0054404754533808
353.536 4 5.716354541709712
362.537 4 -2.98015994883174
369.43800000000016 4 5.621748362392386
375.23900000000003 4 -10.938470414288137
380.63599999999997 4 -4.286001049820729
389.736 4 -3.453190845418354
395.32599999999996 4 3.577703236318343
401.027 4 9.94635406283378
408.528 4 -4.144091780844744
415.93300000000005 4 -3.5004939350770155
422.031 4 -4.096788691186084
428.532 4 1.1552333929750072
435.935 4 12.085005368225147
441.037 4 -17.4017274201209