4.046 4 2.5556806732813238
13.33 4 -7.683190366542425
18.831 4 4.4578165303793815
26.433000000000003 4 6.691074015088069
31.533 4 -11.960492977325156
39.435 4 -1.219933360709665
47.824 4 -15.215773025070867
55.225 4 -2.1000466547707015
60.926 4 3.293884698366374
65.928 4 9.899050973175118
71.824 4 -5.402629792175074
80.82600000000002 4 -0.9834179124163578
86.32700000000001 4 -0.794205553781711
95.228 4 -0.245213887331305
100.329 4 -13.029818630020841
108.13 4 -6.23543999657745
113.73100000000001 4 -3.3585846661010317
119.432 4 -3.3112815764423713
126.334 4 6.501861656453424
134.035 4 3.104672339731728
141.036 4 -4.23869796016207
147.626 4 -12.93521245070352
153.026 4 0.08590774027932557
160.626 4 7.760399667783752
170.52599999999995 4 -0.6522962848057281
178.02599999999995 4 0.13321082993798772
183.827 4 -5.2607205231990894
189.93 4 3.6250063259770053
199.03 4 -8.84712219855543
204.231 4 -1.2672364503683262
209.732 4 10.921073536212141
216.63299999999998 4 -14.051841193057864
225.937 4 13.248937200238153
230.93599999999998 4 -7.588584187225105
237.136 4 6.832983284064055
243.227 4 9.85174788351646
248.42700000000002 4 9.804444793857797
254.93 4 0.9660210343403621
261.628 4 4.2213010820860735
266.827 4 -9.916447851251114
275.728 4 -0.9361148227576956
285.328 4 -3.2639784867837074
290.932 4 -6.377349265553433
296.53 4 -6.7084708931640655
311.732 4 7.855005847101077
317.7340000000001 4 4.647028889014028
323.936 4 -1.1726302710510046
332.13599999999997 4 14.270959763275176
341.228 4 -7.730493456201086
346.931 4 -8.5160005709448
352.32800000000015 4 3.4830970570010207
358.129 4 8.97163458945542
364.72900000000004 4 -7.399371828590456
370.931 4 2.2245590456706905
378.329 4 -8.70521292957945
383.83 4 14.318262852933838
391.43 4 -8.468697481286142
400.332 4 -10.796561145312154
406.43300000000005 4 0.18051391959664986
416.134 4 -0.10330461835532123
432.931 4 1.0606272136576864
441.03 4 -2.431168282381332