4.045 4 
10.735999999999999 4 
19.627 4 
28.726999999999997 4 
34.827 4 
41.028 4 
50.931000000000004 4 
59.728 4 
66.729 4 
75.13 4 
82.73200000000001 4 
90.23299999999999 4 
95.734 4 
103.135 4 
109.729 4 
117.529 4 
123.529 4 
130.93 4 
137.829 4 
147.529 4 
153.72899999999996 4 
163.33 4 
168.933 4 
174.03099999999995 4 
179.732 4 
187.433 4 
192.937 4 
198.135 4 
203.53599999999997 4 
208.73 4 
213.93200000000002 4 
219.83 4 
225.43 4 
231.13 4 
238.731 4 
247.731 4 
253.831 4 
259.231 4 
266.83099999999996 4 
275.032 4 
282.83299999999997 4 
287.834 4 
293.535 4 
302.631 4 
308.132 4 
317.032 4 
322.532 4 
330.43199999999996 4 
336.032 4 
344.13199999999995 4 
360.032 4 
368.93199999999996 4 
375.033 4 
380.034 4 
386.235 4 
391.336 4 
397.833 4 
405.233 4 
412.13300000000004 4 
417.93300000000005 4 
427.233 4 
435.233 4 
441.034 4 
