4.063 4 
13.127 4 
18.327 4 
23.826999999999998 4 
30.826999999999998 4 
37.427 4 
46.227 4 
54.228 4 
61.63 4 
69.831 4 
76.033 4 
83.53399999999998 4 
93.435 4 
99.62799999999999 4 
105.02799999999999 4 
113.929 4 
120.029 4 
125.62899999999999 4 
133.72899999999998 4 
142.629 4 
149.22899999999996 4 
154.93 4 
160.031 4 
169.732 4 
175.433 4 
180.937 4 
187.035 4 
192.13 4 
199.93 4 
205.43 4 
214.73 4 
220.53 4 
225.53 4 
233.93099999999998 4 
239.53 4 
245.53 4 
251.13 4 
256.631 4 
261.832 4 
268.33299999999997 4 
275.73400000000004 4 
283.335 4 
289.531 4 
294.731 4 
302.431 4 
310.231 4 
317.832 4 
323.532 4 
332.63199999999995 4 
337.63199999999995 4 
343.43199999999996 4 
353.032 4 
360.43199999999996 4 
369.334 4 
376.235 4 
382.935 4 
391.934 4 
399.532 4 
408.833 4 
414.733 4 
420.833 4 
428.733 4 
435.63300000000004 4 
441.033 4 
