4.047 4 -0.1776059376346657
9.831 4 -0.3807441573562338
15.632 4 2.3144459972531184
20.733 4 -6.640501439103544
29.635 4 9.675738216925112
39.527 4 -12.175980476694797
45.026 4 0.4305933238233548
52.527 4 1.5321282617480394
58.427 4 -2.235577085111488
64.027 4 2.5175842169746856
69.027 4 4.37241714472994
74.527 4 -10.292127803265032
82.727 4 -7.68399688567921
87.928 4 -5.800144212249447
96.83 4 -2.293616576460507
102.531 4 -7.59693764865568
109.132 4 -5.713084975225917
116.833 4 -2.9598553292675467
125.935 4 12.457987608557993
132.136 4 -12.205000222369303
139.528 4 1.5901677530970586
145.128 4 -2.2065573394369773
151.828 4 6.111171089787153
157.22799999999995 4 8.777341498721995
165.628 4 -10.437226531637581
173.72799999999995 4 -4.756648765673783
179.329 4 -4.959786985395348
186.929 4 -1.4242396039318992
192.43 4 -1.0469829101632753
198.13099999999997 4 -2.988875074942057
205.93200000000002 4 -1.9453796283663918
212.033 4 -13.074377194897913
218.13400000000001 4 -4.090410012866742
227.43599999999998 4 2.285426251578609
237.02900000000002 4 -0.4968231400542722
242.229 4 -6.698540930452563
247.62900000000002 4 -11.24856401281717
255.43 4 -5.046846222418877
264.23 4 7.966004017542407
269.73 4 1.6191874987715673
278.63 4 5.212774371584037
284.63 4 -10.40820678596307
292.631 4 -8.553373858207816
298.332 4 3.2418624611307436
303.533 4 -0.23564542898368668
310.934 4 5.154734880235018
318.835 4 -3.0469145662910764
323.83099999999996 4 0.6337315435449211
331.231 4 -4.930767239720839
337.33099999999996 4 -2.06145861106443
343.931 4 3.357941443828783
350.83099999999996 4 -5.916223194947485
357.33099999999996 4 4.169278925008371
366.43199999999996 4 2.4595447256256664
373.33099999999996 4 7.009567807990272
379.531 4 9.733777708274133
385.73199999999997 4 4.19829867068288
392.73199999999997 4 1.416049279050001
401.733 4 -1.3081606212338608
411.035 4 -7.567917902981169
418.63199999999995 4 -4.727629019999273
423.73199999999997 4 5.125715134560507
433.43199999999996 4 -1.9743993740409023
441.032 4 6.053131598438134