4.048 4 
11.932 4 
18.133 4 
26.535 4 
33.438 4 
42.32100000000001 4 
51.422 4 
60.724 4 
68.425 4 
73.926 4 
81.727 4 
86.928 4 
94.329 4 
99.33 4 
108.133 4 
113.633 4 
123.535 4 
130.236 4 
138.023 4 
146.92600000000004 4 
152.023 4 
160.024 4 
166.52599999999995 4 
174.127 4 
179.128 4 
185.329 4 
190.93 4 
197.03099999999998 4 
204.632 4 
209.833 4 
216.43400000000003 4 
223.83599999999998 4 
231.424 4 
237.22400000000002 4 
242.62400000000002 4 
248.12400000000002 4 
254.324 4 
261.225 4 
267.127 4 
273.228 4 
278.329 4 
285.83 4 
295.132 4 
303.233 4 
308.934 4 
314.335 4 
322.525 4 
328.026 4 
334.026 4 
343.626 4 
349.726 4 
357.126 4 
362.827 4 
371.82800000000003 4 
377.029 4 
384.03 4 
389.631 4 
395.23199999999997 4 
401.834 4 
407.635 4 
417.327 4 
423.027 4 
431.92699999999996 4 
441.027 4 