4.045 4 
9.628 4 
19.328 4 
29.228 4 
34.928000000000004 4 
40.429 4 
46.53 4 
54.53100000000001 4 
60.433 4 
65.533 4 
70.734 4 
77.62899999999998 4 
85.229 4 
90.929 4 
97.029 4 
103.229 4 
110.829 4 
116.829 4 
123.729 4 
129.329 4 
137.23 4 
146.131 4 
153.732 4 
159.333 4 
164.334 4 
172.53 4 
177.73 4 
183.53 4 
192.83 4 
202.13 4 
209.831 4 
215.231 4 
220.231 4 
225.331 4 
234.231 4 
240.93099999999998 4 
248.332 4 
256.433 4 
261.634 4 
270.432 4 
279.432 4 
286.432 4 
294.832 4 
301.032 4 
310.132 4 
317.532 4 
325.332 4 
330.832 4 
336.533 4 
342.6330000000001 4 
348.43300000000005 4 
358.035 4 
364.63599999999997 4 
370.13300000000004 4 
375.63300000000004 4 
381.033 4 
390.13300000000004 4 
396.333 4 
403.733 4 
411.534 4 
418.034 4 
425.534 4 
432.134 4 
441.034 4 