4.0489999999999995 4 -2.4390098564794407
9.632 4 0.9646741650325019
18.534000000000002 4 -0.7641056988365544
24.635 4 -2.4580349917811777
29.836 4 1.1645246170869945
38.025 4 -0.38982932938738823
43.525 4 0.7267734423745358
48.625 4 -1.2843568141140422
57.025 4 0.8250988185622616
62.025 4 1.9417015903241857
67.626 4 -0.08845380146612936
75.42699999999998 4 -1.144781467643802
82.928 4 -0.8846559100050577
89.83 4 -0.03137839556091837
95.531 4 0.6474732014885474
101.73200000000001 4 1.5039504156117274
107.23299999999999 4 -0.6087049167436174
113.334 4 -1.1860314379263164
118.335 4 -0.9829812861927836
124.13600000000001 4 -0.865630774703321
132.126 4 -1.201856873549013
138.02700000000002 4 0.5269229903200436
143.826 4 1.0249492706167542
149.227 4 -1.6205829129597344
157.02700000000004 4 -0.32955422380313637
166.92700000000005 4 -0.6467551873470914
174.328 4 1.0661992408992687
181.02900000000002 4 -0.7482802632138577
190.731 4 -2.7181605494199212
199.732 4 -1.08450636205955
206.333 4 -0.4691295702733771
215.635 4 0.13042178589009978
223.22799999999998 4 -0.129703771748644
232.328 4 -1.6015577776579975
241.22799999999998 4 -0.4881547055751141
250.828 4 0.24777229737956308
257.828 4 -1.8014082297124896
266.628 4 -2.857735895890162
275.72900000000004 4 -0.25025398291714795
281.23 4 -0.14872890705038122
286.731 4 -2.318459645310937
292.332 4 -2.0615337873512334
299.933 4 -0.4088544646891248
306.434 4 -1.760158259429975
312.535 4 1.522975550913464
317.7290000000001 4 -1.960008711484467
326.629 4 -2.1408340282372222
332.629 4 -2.499284962063692
340.33 4 -1.5222575367720086
345.529 4 -1.6237826126387747
351.23 4 -0.20900401263463309
357.43 4 0.9868990000132802
370.63 4 -1.5635075070545237
376.83 4 0.11139665058836257
384.43199999999996 4 -2.518310097365429
390.13199999999995 4 -1.363657055000031
397.034 4 -1.8616833352967412
404.435 4 0.12722208621105935
412.33099999999996 4 1.8624013494381968
421.631 4 0.2699971323603403
429.031 4 -0.028178695881877935
441.031 4 -0.06942866616439258