4.053 4 -5.585438442343504
10.234 4 -1.3125439056374608
16.733 4 -1.8656751756631418
23.63300000000001 4 -2.9040857235494286
32.434 4 -1.5305060858138821
37.935 4 -1.1788853567953685
45.537 4 -0.18982972641684448
54.534 4 -1.0945817254610395
61.934 4 -8.18248752980325
67.634 4 -4.111103534104375
72.634 4 -5.953510810531273
81.935 4 -8.970032619174608
87.134 4 -6.15502135153844
94.834 4 -4.446272623953634
100.834 4 -0.5249988162661037
107.735 4 -5.2831726308327545
112.735 4 -4.915100262644986
121.635 4 -8.065280620130412
128.235 4 -0.993826454957456
133.735 4 0.8321291823001884
139.937 4 1.2680535426530306
145.838 4 -4.277665361284976
151.338 4 -3.6587275345822765
157.135 4 -7.629356259777571
166.03599999999997 4 0.4805084532816739
172.136 4 -1.9664304461667248
180.53599999999997 4 1.5024673619987068
187.53599999999997 4 -1.6641646346559744
192.93599999999998 4 -2.887634084380174
201.03599999999997 4 -0.08907445591326191
207.236 4 -5.266720991663499
216.333 4 -2.5689166337001694
224.237 4 -6.708152621564121
234.12 4 -1.6312613563174656
242.321 4 -1.4132991761410443
252.023 4 -2.1165406341780724
257.42400000000004 4 -7.294187169928311
266.32599999999996 4 -0.5085471770968497
273.72700000000003 4 -0.9773748157882007
279.228 4 -4.797893352972148
285.329 4 -4.479175902292143
291.43 4 0.6984706334580961
296.531 4 0.8156775431309331
302.231 4 -3.909592993097207
309.633 4 -3.825289361762879
315.2340000000001 4 -4.59638281196498
322.83799999999997 4 -4.261213722115721
328.538 4 -0.32348827525893675
336.022 4 -2.435258084858077
341.222 4 -6.506642080556954
348.82300000000015 4 -1.7813715443288132
356.824 4 -6.607397351060537
364.626 4 2.055598632024388
371.327 4 -2.015785363674489
376.42800000000005 4 -4.495627541461398
382.22900000000004 4 -1.563409364152391
388.83 4 -3.45721699357511
396.63199999999995 4 -3.089144625387341
405.93300000000005 4 -1.64771299548672
411.534 4 -2.318051175185239
416.736 4 -3.323558444733017
422.336 4 -3.037744272391521
431.923 4 -2.2337475438509102
441.023 4 -5.032307172317823