4.081 4 
9.731 4 
15.932 4 
21.133000000000006 4 
26.234 4 
34.335 4 
39.829 4 
48.928999999999995 4 
55.528999999999996 4 
61.32899999999999 4 
66.929 4 
73.12899999999998 4 
80.829 4 
87.729 4 
92.93 4 
98.63 4 
104.831 4 
113.73299999999999 4 
119.734 4 
127.335 4 
133.43 4 
139.53 4 
146.03 4 
151.43 4 
156.63 4 
164.231 4 
169.63099999999997 4 
174.731 4 
180.231 4 
185.731 4 
190.731 4 
197.731 4 
207.033 4 
212.533 4 
221.335 4 
228.032 4 
235.532 4 
243.43200000000002 4 
253.032 4 
262.332 4 
271.232 4 
277.032 4 
286.732 4 
294.332 4 
301.733 4 
311.634 4 
317.535 4 
325.33299999999997 4 
334.233 4 
341.1330000000001 4 
347.733 4 
355.733 4 
364.834 4 
373.034 4 
378.634 4 
383.634 4 
389.23400000000004 4 
398.23400000000004 4 
405.634 4 
414.036 4 
419.73699999999997 4 
427.534 4 
434.93699999999995 4 
441.035 4 
