4.0489999999999995 4 0.05313361168089248
9.631 4 0.007941231794192483
17.732 4 -5.669611915372568
25.531999999999996 4 -1.8921085472425139
32.032 4 5.798475328677701
39.732 4 0.030537421737538928
46.733000000000004 4 -27.02208328364332
53.635 4 -3.92773546593932
59.83600000000001 4 11.566413235617862
65.632 4 5.730686758847651
72.533 4 -11.663511721746232
77.633 4 -9.67307718293613
82.833 4 -1.9147047371858639
88.03299999999999 4 3.785444599924248
93.133 4 -3.656581186619113
102.73299999999999 4 -1.8017237874691103
111.833 4 -19.30890321777975
119.23299999999999 4 7.901890817204561
126.73299999999999 4 11.634201805447915
132.134 4 25.205704538025042
137.334 4 -13.405388171179485
143.034 4 -5.7148042952592695
150.635 4 -15.395822709989591
158.536 4 25.183108348081696
166.734 4 -21.208952996816453
172.93400000000003 4 -13.563561500782942
180.53400000000002 4 -3.8147545162225667
189.43400000000003 4 -15.486207469762995
198.335 4 19.437766631084884
204.93400000000003 4 23.23786618915829
209.935 4 2.0435681504909953
216.635 4 -11.437549822312729
222.735 4 -13.427984361122839
232.035 4 7.698525107714404
237.635 4 13.579443964371318
246.735 4 13.534251584484615
256.437 4 -17.273276299082944
262.538 4 17.492524472161477
269.936 4 3.9436179295277016
278.936 4 5.888860088451104
284.536 4 5.979244848224508
291.936 4 0.14351837145429425
297.336 4 2.088760530377699
306.63599999999997 4 17.469928282218127
312.63599999999997 4 -23.109002775853156
320.432 4 -1.9824933070159139
328.033 4 -15.328034140159538
336.4369999999999 4 -15.508803659706341
346.337 4 -13.473176741009539
352.921 4 -23.199387535626556
359.022 4 11.724586565221319
364.723 4 17.51512066210483
370.42400000000004 4 -7.705238834069376
375.42400000000004 4 -23.15419515573986
384.226 4 -1.7565314075824103
393.12800000000004 4 -2.050281876845964
398.62800000000004 4 -25.122033504606613
404.83 4 -5.6922081053159195
410.33099999999996 4 -1.7791275975257603
416.13199999999995 4 7.788909867487811
422.033 4 0.21130694128434602
427.534 4 -11.595723151916182
433.035 4 -9.60528861310608
441.039 4 15.456897553464671