4.069 4 -5.271434563083591
9.035 4 7.985095941069383
14.627 4 -10.739728488783527
20.127 4 3.165738706029976
25.526999999999997 4 10.719242903919348
31.226999999999997 4 5.830934641407688
37.027 4 4.325710032406529
46.126999999999995 4 3.566252439685056
51.227 4 -8.295574357527697
58.128 4 9.794003958106462
67.429 4 -7.95032107490309
77.131 4 0.25211981364681524
82.932 4 -2.3025552196699577
90.53299999999999 4 12.583411371986902
97.935 4 3.911505722309667
104.536 4 -2.7720199807972916
110.728 4 6.300399402535024
117.62799999999999 4 1.1220983084292255
126.02799999999999 4 -1.1978443443238769
133.528 4 12.058686159829097
138.628 4 12.003425708798623
147.429 4 -4.221984138767983
153.529 4 -3.117273263421901
163.429 4 0.017387433083146497
171.63099999999997 4 10.663982452888877
177.232 4 6.535131783098691
183.935 4 2.1162882817143656
191.93599999999998 4 14.502840291084926
197.335 4 -0.21734494748052224
205.12900000000002 4 7.170377897317439
213.23 4 -2.426766698172684
219.33 4 -3.352005643985568
225.93 4 5.775674190377221
235.03 4 3.7457243692182525
240.93099999999998 4 -3.062012812391429
247.93099999999998 4 1.066837857398757
252.93099999999998 4 6.590392234129163
258.931 4 10.13925724073107
267.931 4 5.48568135878308
274.432 4 -0.27260539851099086
283.334 4 8.454560702196712
291.235 4 -2.192034317609015
298.631 4 1.7020839716175056
308.231 4 -5.796159775241397
315.83099999999996 4 3.096787678557722
323.431 4 4.03571720081239
328.631 4 -4.926181280458983
334.731 4 -1.7778300075121525
342.13199999999995 4 2.406281113308503
347.832 4 -12.369164576287414
353.032 4 7.349849826850634
359.23199999999997 4 -6.61087781899334
364.43199999999996 4 5.43042090775261
369.93199999999996 4 6.825124614692826
375.533 4 11.768693328234956
381.034 4 8.509821153227186
389.936 4 1.2463097869319526
396.13300000000004 4 2.931006325466309
401.832 4 2.3510206622780334
411.13300000000004 4 -10.449735657189386
420.033 4 4.6709633150311385
427.833 4 -6.845610199557009
433.333 4 5.375160456722138
441.033 4 1.5915630695565612