4.048 4 -5.4418178660007595
12.931 4 -3.7459864400767096
21.730999999999998 4 -5.966935280315558
29.131999999999998 4 -2.575272428467459
37.233000000000004 4 0.32139280481075705
42.733999999999995 4 -0.2639642009938692
50.536 4 -7.167769087669723
56.532 4 2.4821020535597764
66.232 4 -5.351458478766019
71.332 4 -3.6255072570970555
80.232 4 -1.3141990296234667
85.83200000000002 4 -0.7890816153086675
91.932 4 3.1879382423440568
98.132 4 -0.4145631797184377
103.83200000000001 4 -0.11336522226930201
110.432 4 -0.9999201855230639
115.93299999999999 4 -9.943955137968285
122.03299999999999 4 -0.32420379248369624
127.73299999999999 4 -4.735981677216479
136.834 4 -7.077409700434981
142.335 4 5.439006878327818
150.533 4 1.9268648435000646
155.733 4 0.8163904233806409
161.233 4 -3.595387461352142
169.13299999999995 4 -2.1405144013874002
178.433 4 2.632701032284345
186.43400000000003 4 1.4318672249301807
191.43400000000003 4 -7.723006297729435
196.43400000000003 4 -1.6153969870726028
204.13400000000001 4 -4.856460860196133
212.53400000000002 4 -3.83634582731145
220.13400000000001 4 -3.5351478698623144
226.834 4 -3.1003898427822563
234.635 4 -5.876575893080816
244.237 4 2.13770341371446
251.13400000000001 4 -0.9698003897781495
256.335 4 -2.4246734497428903
262.535 4 -3.2811086172517383
272.435 4 3.2180580380889703
278.335 4 4.268292866718567
287.635 4 2.6628208280292585
293.035 4 -8.773241126359032
298.235 4 -2.3644338582530637
304.835 4 -6.642651673354923
311.036 4 -0.7288420238188413
318.635 4 1.5523464079098344
324.436 4 -7.107529496179896
331.436 4 -0.08324542652438804
340.337 4 -1.959795626917919
347.93800000000016 4 -2.6053922242123706
353.539 4 1.3415078376954392
362.536 4 -3.250988821506824
369.425 4 1.4017474291852663
375.226 4 -7.047289904690067
380.62699999999995 4 -3.6857468485868825
389.72900000000004 4 -2.949790864057689
395.33 4 0.17079382608618854
401.031 4 3.713055656658855
408.532 4 -3.776106235821623
415.935 4 -2.919671068312776
422.037 4 -3.8062260315665357
428.537 4 -0.8192014110535819
435.921 4 4.883769668268106
441.02099999999996 4 -10.52931214377291