4.051 4 
12.033 4 
17.633 4 
26.933000000000003 4 
32.634 4 
41.535 4 
49.133 4 
56.034 4 
62.534 4 
68.234 4 
77.03399999999998 4 
82.634 4 
88.134 4 
95.934 4 
101.53399999999999 4 
106.535 4 
115.634 4 
123.03399999999999 4 
128.134 4 
137.035 4 
144.437 4 
151.03799999999995 4 
156.435 4 
164.535 4 
172.135 4 
181.03599999999997 4 
187.935 4 
193.636 4 
199.736 4 
204.93599999999998 4 
213.33599999999998 4 
218.83599999999998 4 
224.83599999999998 4 
233.83599999999998 4 
240.02 4 
247.922 4 
257.02299999999997 4 
263.724 4 
269.225 4 
275.32599999999996 4 
280.72700000000003 4 
288.9290000000001 4 
294.43 4 
299.631 4 
304.631 4 
314.33299999999997 4 
320.134 4 
326.0370000000001 4 
333.721 4 
341.32099999999997 4 
347.423 4 
352.523 4 
358.324 4 
364.926 4 
370.126 4 
379.728 4 
385.92900000000003 4 
395.231 4 
402.63199999999995 4 
410.13300000000004 4 
417.936 4 
424.13599999999997 4 
434.023 4 
441.023 4 
