4.051 4 -14.083543145660517
9.132 4 -2.7058751514015773
15.333 4 10.684727036917852
23.134 4 0.4556721061883069
30.736 4 -18.083140872960023
39.633 4 18.440726548625324
45.133 4 3.4151194109934417
50.833 4 -11.367291783746918
58.232 4 -3.8544882149309734
67.333 4 -18.32633681585155
72.333 4 -19.29912058741767
78.533 4 4.631099125451086
84.133 4 -1.6657247289072084
93.03299999999999 4 2.266506347464042
98.93299999999999 4 -1.9762873227269884
107.03299999999999 4 -5.2462972213519015
113.934 4 -22.325934543151053
121.335 4 -6.1517143419897655
126.536 4 2.9287275252103813
132.237 4 -18.812728701634608
139.634 4 11.900706751375498
145.734 4 -19.718145822272476
151.434 4 -4.2735134497857805
156.434 4 6.022908131872012
164.43400000000003 4 -12.934930082131121
173.334 4 -1.2466994940523994
178.835 4 8.144304966967528
187.234 4 -4.340880100714034
193.835 4 5.117491011234148
202.935 4 6.995691903438133
212.235 4 -27.230949391088423
218.035 4 -8.448940469048562
223.636 4 -19.05592464452614
231.338 4 -13.178126025022653
237.835 4 1.6042851697177047
243.035 4 -12.515904847276317
250.03599999999997 4 -14.394105739480302
255.43599999999998 4 -7.057131462627637
260.836 4 11.171118922700913
267.735 4 -9.664920183506208
277.036 4 -9.732286834434461
284.936 4 2.9960941761386293
292.536 4 12.562927929121837
297.736 4 1.1178932839346425
302.836 4 -5.48949316424343
308.836 4 -12.029512961493257
314.337 4 -10.813533247035608
320.42 4 -21.177321479621654
326.221 4 -2.8143377924366044
332.421 4 -8.516307119976815
342.024 4 -11.786317018601725
347.624 4 14.684324764217351
353.126 4 -29.352346226183936
361.327 4 -10.57033730414408
368.82800000000003 4 5.293320303197427
378.73 4 -1.73309137983546
388.43199999999996 4 -2.6385085004733275
396.233 4 -23.717743549571978
405.035 4 -16.272306631684287
411.73800000000006 4 16.07613377063828
418.32099999999997 4 14.197932878434294
424.421 4 4.387903182559556
433.423 4 -7.367694056447415
441.024 4 10.265701802063042