4.0280000000000005 4 -9.06083653872875
9.627 4 -2.977809103877374
18.528 4 -2.3334431877067288
24.628 4 -7.969844044744123
29.829 4 -1.5913886880073074
38.03 4 -6.667173432459533
43.53100000000001 4 -2.182244531778185
48.632 4 -6.757892626016659
57.034 4 -3.538425216462543
62.034 4 0.9465036842188055
67.628 4 -2.538151916035041
75.428 4 -6.1972765134314916
82.928 4 -3.9850517942765253
89.82799999999996 4 -5.8111293979889265
95.529 4 -1.917056341078455
101.729 4 0.35564784044792797
107.229 4 -6.962601354344971
113.329 4 -8.114073310701018
118.329 4 -2.6288711095921675
124.12899999999999 4 -5.076044288261154
132.13 4 -2.924299031477606
138.031 4 -3.5686649476482515
149.233 4 -4.606147369233112
157.034 4 -5.841369129174635
174.33 4 -0.23520800332294955
181.03 4 -7.523217466930141
190.73 4 -10.182068763899089
199.73 4 -5.371472210146592
206.33 4 -6.401985241759804
215.63 4 -2.2427239941496024
223.231 4 -4.454948713304567
232.331 4 -5.69713986321774
241.232 4 -5.310992747775176
250.834 4 -4.689897172818588
257.835 4 -7.083560279087807
266.631 4 -10.742684876484255
275.731 4 -6.106557319874366
281.231 4 -3.363956219319939
292.332 4 -9.295784998242773
299.932 4 -5.576180938474904
306.432 4 -5.16676348181828
312.532 4 -0.7353446535366999
317.732 4 -6.553183897688347
326.632 4 -9.030596807543041
332.63199999999995 4 -9.886640842013652
340.333 4 -5.96232805391747
345.534 4 -8.704929154471895
351.235 4 -4.189760522604838
357.43199999999996 4 0.029980187376780876
362.533 4 0.9162639530330967
370.63300000000004 4 -7.879124851186997
376.833 4 -1.1517315001649742
384.43300000000005 4 -8.795648348029022
390.13300000000004 4 -6.49270443531693
397.033 4 -7.909364582372706
404.43300000000005 4 -6.3415057793883856
412.333 4 1.211691874918535
421.63300000000004 4 -1.6821078815644341
429.033 4 -1.712347612750143
434.434 4 -1.977535803449873
441.034 4 -3.62914441001967