4.052 4 
10.235 4 
19.936 4 
27.634 4 
33.334 4 
40.934 4 
50.233999999999995 4 
59.135 4 
66.635 4 
72.135 4 
77.235 4 
83.235 4 
91.035 4 
98.635 4 
105.535 4 
113.536 4 
122.538 4 
128.639 4 
135.636 4 
141.736 4 
147.325 4 
153.026 4 
160.636 4 
166.12900000000005 4 
174.33 4 
179.731 4 
185.532 4 
193.43400000000003 4 
202.237 4 
210.021 4 
216.521 4 
226.423 4 
231.62400000000002 4 
240.525 4 
249.627 4 
258.528 4 
263.92900000000003 4 
269.83 4 
278.232 4 
283.433 4 
289.634 4 
297.735 4 
302.83799999999997 4 
310.222 4 
319.522 4 
326.123 4 
332.225 4 
337.82599999999996 4 
347.42699999999996 4 
354.829 4 
360.329 4 
366.531 4 
371.531 4 
376.73199999999997 4 
383.333 4 
389.134 4 
395.836 4 
401.523 4 
407.023 4 
412.62300000000016 4 
421.723 4 
428.625 4 
433.626 4 
441.027 4 
