4.037 4 5.90357309395019
12.937999999999999 4 1.8397157878337973
21.836 4 -2.1035112370044144
27.436999999999998 4 -16.964111265671793
37.139 4 1.4551929100865202
46.224 4 -11.62605504503539
55.025 4 -8.836396653439008
60.826 4 -7.5094192196251806
69.22800000000001 4 -2.329698556870235
75.329 4 -3.8300847912560627
80.43 4 -6.725300221440084
85.631 4 -5.503879826213891
91.132 4 -4.614203789441157
96.833 4 -12.342322281236125
103.334 4 -12.010577922782666
109.037 4 -1.6662098399633196
117.137 4 -17.853787302444527
122.521 4 9.462277241041122
131.422 4 -6.167368543120807
137.123 4 5.345641415630914
144.724 4 0.5655168733137863
149.925 4 -10.789157527556476
157.52700000000004 4 -1.055499642350223
162.928 4 -4.16182914970952
172.229 4 -6.340777343692808
181.831 4 -1.7717668785509568
191.132 4 8.014669525949113
196.63299999999998 4 -15.84824790903324
201.734 4 -6.446334382280445
207.835 4 -9.062583973304825
214.02200000000002 4 3.0083576637661684
220.02200000000002 4 -13.126441279421218
229.923 4 2.450425985446892
237.324 4 0.06036371428832954
244.725 4 -7.177674861171723
250.928 4 -18.46449750005762
258.628 4 -11.120901886009932
264.528 4 -0.5503464833247671
272.03 4 -3.5511189520964237
277.031 4 -11.173680405303752
285.232 4 -4.056272111121882
292.2340000000001 4 -10.284004368531019
297.7340000000001 4 -4.109050630415703
304.63599999999997 4 -6.114590023826989
309.623 4 -4.335237950281521
317.52299999999997 4 -9.899481490783742
326.524 4 -3.671749233374608
332.124 4 -15.237537711420146
339.925 4 -5.224913987054255
346.82599999999996 4 9.183311401881486
352.92800000000005 4 -8.45187377569173
359.129 4 -10.562970207690658
367.13 4 3.340102022219626
376.231 4 -2.9404087544833297
381.43199999999996 4 -13.405407118580857
388.034 4 -2.503107357442235
394.735 4 -1.7189883592571382
400.236 4 -14.62682751380705
406.025 4 -12.236765242648485
413.425 4 6.793249130722924
420.025 4 2.95557914447235
427.825 4 5.6246072547905515
435.425 4 -16.40617958735252
441.026 4 1.0028182703548802