4.0489999999999995 4 
9.632 4 
16.333 4 
23.335 4 
29.936 4 
39.826 4 
49.526 4 
55.226000000000006 4 
60.226000000000006 4 
66.32600000000001 4 
74.42699999999998 4 
80.62899999999998 4 
89.53 4 
97.531 4 
106.53299999999999 4 
115.635 4 
123.036 4 
129.52700000000002 4 
137.928 4 
143.628 4 
152.928 4 
160.828 4 
166.328 4 
172.93 4 
178.52900000000002 4 
186.13 4 
195.032 4 
200.132 4 
207.03400000000002 4 
214.835 4 
223.62900000000002 4 
229.12900000000002 4 
236.729 4 
241.93 4 
247.729 4 
253.12900000000002 4 
258.629 4 
266.029 4 
271.22900000000004 4 
276.33 4 
282.23 4 
291.332 4 
296.933 4 
306.534 4 
312.635 4 
318.13 4 
324.33 4 
332.03 4 
338.93300000000005 4 
347.83099999999996 4 
352.83099999999996 4 
360.231 4 
368.031 4 
375.531 4 
381.33099999999996 4 
390.63300000000004 4 
396.834 4 
402.035 4 
408.035 4 
414.13199999999995 4 
421.73199999999997 4 
427.43199999999996 4 
432.832 4 
441.032 4 
