4.055 4 9.945909022010586
9.735 4 14.834367654342408
17.935 4 4.315549638823851
24.635 4 -1.7454568172961187
29.636 4 -7.806463273416084
35.23699999999999 4 -7.030450123986443
44.138999999999996 4 1.3585957804224469
53.835 4 5.6693086005038795
59.636 4 -8.780743760024976
65.736 4 5.255717726858014
70.936 4 10.540711033548337
77.13600000000002 4 11.71325885733648
84.936 4 4.876239251786875
90.53 4 2.1687213284268134
98.632 4 3.7036914279987316
104.133 4 12.291004669586872
110.334 4 3.5054240908194814
118.137 4 12.687539343945375
125.82 4 -4.685354476410157
133.421 4 -4.305876001339018
140.822 4 -0.5729089935079754
146.22299999999996 4 -0.19343051843683678
155.525 4 -4.883621813589408
163.42600000000004 4 7.816136910900915
173.028 4 2.332876267031338
181.93 4 7.040123761471274
189.53099999999998 4 6.065843274862382
195.332 4 3.30715675364023
204.433 4 1.556863117601698
210.43400000000003 4 4.695028113894987
216.338 4 6.247054412754269
223.72099999999998 4 -2.555582365300485
229.422 4 -13.074400380819046
235.122 4 5.471041263324628
244.22400000000002 4 4.496760776715736
250.725 4 -3.331595514730126
256.926 4 -1.167711005045729
263.527 4 -10.531037396063507
269.628 4 -5.478423825127161
274.72900000000004 4 -10.349826258171621
283.731 4 -2.159047690941983
288.931 4 -0.1763743191494731
294.332 4 1.194440841817923
299.834 4 -2.3232026295465067
305.334 4 1.9363415926728358
314.236 4 2.910622079281728
321.223 4 -9.358489572275364
328.1230000000001 4 -4.487087139230906
334.223 4 -1.9437241544753698
339.224 4 3.522480290106844
344.725 4 11.911526194515734
353.126 4 8.19561538597205
360.727 4 6.048787075575018
365.82800000000003 4 2.349932466318701
371.029 4 -4.668298277122793
377.63 4 -15.22122869121608
385.032 4 0.5825826309928059
394.934 4 -7.211661261878331
404.235 4 10.161232558477202
411.124 4 -4.090552464872405
418.624 4 0.7637937688846925
427.425 4 -13.272667717998296
433.025 4 7.0230675621839085
441.025 4 9.7646978841187