4.048 4 5.962110445478365
10.931 4 1.6932284158566988
16.432000000000002 4 3.030223838120331
21.833000000000002 4 7.8136435216577445
27.534000000000002 4 -0.466977097802296
34.435 4 5.241958349475649
43.53100000000001 4 4.830478690952547
51.931000000000004 4 6.21925388526166
60.832 4 -5.250396781339709
70.131 4 -2.7302406068539344
80.032 4 0.5100676636345574
85.83200000000002 4 -2.9358550489409065
90.83200000000001 4 -6.073356098385912
98.53200000000001 4 -2.010088510851217
103.632 4 1.7960356369001849
109.23200000000001 4 -1.2899364148484995
116.833 4 7.967979740397552
122.334 4 -0.7756495352819117
131.136 4 3.956241150559179
139.232 4 -1.1356001961086912
146.733 4 1.6929776415075404
155.833 4 3.8531831551665343
162.533 4 -1.2386581915013357
168.433 4 -0.004219215932030451
177.733 4 1.9503718556399923
185.13299999999998 4 6.167724887565337
190.733 4 5.550630786955264
196.833 4 4.110326594949829
205.833 4 3.2360890545564622
213.43400000000003 4 3.750375934123049
218.834 4 -0.8784567563253978
228.43599999999998 4 2.567465956250066
233.537 4 -0.827178532978234
239.234 4 -3.5016709262038157
244.43400000000003 4 -1.8044740687642458
249.43400000000003 4 -1.8557522921114087
255.234 4 3.647568713079564
263.434 4 4.52180625347293
268.634 4 -0.5185060954986183
273.834 4 5.756245229042236
280.035 4 8.636602838703947
287.035 4 -6.484835756909014
294.835 4 1.4873631994205683
302.235 4 1.0243545432011443
307.835 4 1.9501210812908347
316.735 4 0.4072604425910713
324.13599999999997 4 4.3677208090822806
333.038 4 1.5901704204640552
339.135 4 0.7672111034178517
347.036 4 2.310322516466772
353.13599999999997 4 4.933285911996032
359.13599999999997 4 1.3330269806807609
365.736 4 7.145020423351348
371.93 4 1.2814979829844386
379.536 4 1.384555978377083
389.231 4 0.04730978176429179
394.73199999999997 4 -3.3988637051603305
400.233 4 5.293487347171971
408.23699999999997 4 3.9559903762100213
414.837 4 -2.1644247295910253
420.52 4 -3.75881436598711
427.02099999999996 4 -3.2445274864205222
433.222 4 6.8363479858717335
441.024 4 4.984814909692354