4.053999999999999 4 0.4341301591412199
10.738 4 -0.8388150085027837
19.635 4 0.9166632345718186
28.735 4 -0.9517310216761254
34.835 4 1.1579297722871198
41.035 4 -2.3221576911248567
50.935 4 -4.175117436004189
59.736000000000004 4 -2.0808911534095573
66.736 4 -2.1938071665829004
75.13600000000002 4 0.11081663098980421
82.736 4 3.221287032144523
90.236 4 1.70707532678522
95.72 4 -5.915161167710178
103.12100000000001 4 -2.0963256647781714
109.72200000000001 4 5.300078803370542
117.523 4 0.6908312082251333
123.524 4 6.234275931494514
130.928 4 -1.6446616120847972
137.827 4 3.816736120748466
147.529 4 -1.7575776252581425
153.73 4 4.735498737503826
163.33100000000005 4 -3.708018871942202
168.93200000000004 4 -1.5008765761742282
174.033 4 -1.5317455989114555
179.734 4 2.28708990402055
187.438 4 -4.642216000066175
192.921 4 -9.733996670642185
198.12099999999998 4 1.7225098381538348
203.52200000000002 4 5.315513314739156
208.72299999999998 4 3.801301609379852
213.924 4 -5.6893291413634905
219.824 4 -4.980964039586205
225.425 4 -0.2433659198988396
231.12599999999998 4 2.86710448125588
238.72799999999998 4 -6.02807718088352
247.729 4 6.927206521903185
253.831 4 5.4284293279124975
259.231 4 4.027133635726538
266.83299999999997 4 -3.2563548192488296
275.034 4 -4.883482537781476
282.836 4 1.948341864500521
287.822 4 -7.993952938936196
293.522 4 1.5941593136118781
302.623 4 3.6883855962065093
308.123 4 3.236721543513137
317.025 4 -9.153982093406853
322.526 4 4.622582724330482
330.42699999999996 4 8.087235676373844
336.028 4 -1.5163110875428414
344.13 4 1.029579247745163
350.731 4 1.2399767627232352
360.032 4 -6.140993194056863
368.934 4 -0.5975484707874825
375.035 4 -0.7104644839608261
380.036 4 -2.4350737042982002
386.224 4 -6.382259731772163
391.324 4 -1.2750445498275411
397.824 4 4.607148212961868
405.224 4 7.394305085965173
412.125 4 -2.6609057306448864
417.926 4 -3.8363693964841596
427.228 4 1.0450137591137763
435.22900000000004 4 2.302524415389164
441.03 4 -1.8704936384314843