4.044 4 -4.303467960546146
12.935 4 -4.288033449177532
21.127 4 -3.6105373701374726
27.326999999999998 4 3.447119058491208
33.128 4 5.895527891974485
38.328 4 -0.8233804971341696
47.628 4 -1.629227100716184
57.328 4 -4.755132013239518
66.22800000000001 4 6.121359918321169
71.429 4 3.9296521339218105
80.33 4 4.381316186615181
86.031 4 -0.3408474217035691
94.833 4 -7.1881063353541785
102.934 4 -2.789256255186844
108.635 4 6.008443905147828
114.729 4 6.588458482383158
122.329 4 -3.143438806075488
130.129 4 4.961330763850511
135.72899999999998 4 -0.0020993821835393334
144.72899999999996 4 0.5779151950517898
150.129 4 -0.25880043126745367
156.829 4 -0.01753389355215429
163.72899999999996 4 -7.655204899416166
168.73 4 -2.4505082156668143
174.63 4 -4.400949462350875
179.731 4 -4.190551947372803
185.832 4 0.8037472213984769
192.433 4 2.4000059171938934
198.234 4 -1.9834096516048279
205.83599999999998 4 -4.062201422830845
212.03 4 -0.5821139594188685
218.03099999999998 4 8.200151689547187
225.83 4 -5.0938800527595465
233.731 4 2.9800204944292235
238.731 4 -6.60809175811885
244.231 4 1.6095938249804922
250.831 4 0.32121414596787456
256.431 4 5.187162790197197
262.131 4 -3.9338508982888887
269.631 4 5.880093380605871
278.732 4 -5.673894629994877
284.233 4 2.9954550057978375
291.634 4 -0.13044990672549606
301.236 4 0.44956467050983395
306.732 4 2.641272454909193
316.632 4 0.6753966968565193
324.032 4 -0.695029972592212
332.43199999999996 4 -1.6137925893475704
339.832 4 2.4308749399311216
349.13199999999995 4 8.780166266782519
357.13199999999995 4 -8.461051502998181
362.533 4 -2.8046907665554572
374.233 4 -1.8550591270628711
380.43300000000005 4 -5.802245154536833
386.034 4 1.737944349522449
391.535 4 -6.962274309007493
398.536 4 0.5624806836831757
403.63300000000004 4 0.6599621854879052
412.733 4 -7.413938361700866
420.334 4 -0.8079459857655555
433.334 4 -1.7421431138895276
441.034 4 4.720064226135212