4.046 4 
13.329 4 
18.829 4 
26.429000000000002 4 
31.529 4 
39.429 4 
47.82899999999999 4 
55.229 4 
60.93 4 
65.93 4 
71.83 4 
80.832 4 
86.333 4 
95.234 4 
100.335 4 
108.13 4 
113.73 4 
119.43 4 
126.331 4 
134.031 4 
141.031 4 
147.631 4 
153.031 4 
160.631 4 
170.53099999999995 4 
178.032 4 
183.833 4 
189.93400000000003 4 
199.03599999999997 4 
204.232 4 
209.732 4 
216.632 4 
225.93200000000002 4 
230.93200000000002 4 
237.132 4 
243.232 4 
248.43200000000002 4 
254.93200000000002 4 
261.632 4 
266.83299999999997 4 
275.733 4 
285.334 4 
290.935 4 
296.533 4 
304.33299999999997 4 
311.733 4 
317.733 4 
323.935 4 
332.134 4 
341.2340000000001 4 
346.935 4 
352.334 4 
358.134 4 
364.73400000000004 4 
370.934 4 
378.334 4 
383.835 4 
391.436 4 
400.335 4 
406.435 4 
416.135 4 
424.135 4 
432.935 4 
441.035 4 
