4.05 4 1.2974059738717996
13.334000000000001 4 3.5564334705549863
20.736 4 5.4624219650849755
26.322 4 2.7789034316234087
35.422 4 6.909248698267171
42.122 4 10.862019171091156
47.824 4 4.756343960778582
54.025 4 0.026043449023020138
61.62600000000001 4 5.956254451002178
69.727 4 7.296958424989779
77.229 4 8.003036429296174
84.23 4 -0.6085825206581896
92.031 4 6.309293453155374
98.03299999999999 4 7.649997427142977
103.833 4 5.003260203737185
108.834 4 3.9788139218470047
117.63600000000001 4 1.08516045548261
125.823 4 3.484981435929802
134.72299999999998 4 -3.114526260299976
140.22299999999998 4 11.002812654855166
147.825 4 3.591104195124397
157.726 4 -0.8208280390473792
163.127 4 -7.032626008554549
170.028 4 -3.679810780842363
176.23 4 0.13216620821761538
181.933 4 4.684891926153398
187.832 4 2.391193704900801
193.033 4 0.8729149370934195
199.13400000000001 4 11.602767899966963
207.135 4 -4.773598511871364
213.236 4 8.14382991306018
220.925 4 6.837796663641989
226.525 4 -1.2085377657699867
233.125 4 -7.879497496624949
239.225 4 -3.9267270238009653
253.426 4 5.744008932612988
260.028 4 8.849907917366572
265.028 4 -0.0800793101715751
270.529 4 7.190835665795185
277.031 4 7.862242945532167
283.935 4 3.9441431972775938
289.433 4 0.2729596919816215
298.334 4 -4.420559509718168
307.626 4 0.5913279695654081
316.526 4 -2.2676547722295757
321.726 4 2.744232707053997
331.426 4 -2.1268612884655704
338.827 4 -0.9616215228113854
344.027 4 -0.4331183123247717
351.62699999999984 4 3.8380204380829985
360.629 4 9.096824160325173
366.43 4 11.708890659161554
371.531 4 9.309069678714362
377.032 4 -2.7268165335773684
386.63300000000004 4 -6.079631761289554
394.535 4 -3.4328945378837616
399.936 4 -2.020738529270976
405.528 4 1.9320319435530093
411.228 4 -2.479900290618767
418.62800000000004 4 -0.22087279393558124
426.42800000000005 4 12.308845904273351
432.62800000000004 4 -4.526682268912762
441.028 4 9.202946919519771