4.051 4 
12.235 4 
18.436 4 
23.432 4 
28.932 4 
33.931999999999995 4 
40.032 4 
46.632 4 
52.132 4 
61.232 4 
66.932 4 
73.532 4 
81.433 4 
87.132 4 
94.03299999999999 4 
99.53299999999999 4 
106.035 4 
114.13600000000001 4 
123.03299999999999 4 
130.63299999999998 4 
136.433 4 
141.833 4 
151.134 4 
156.534 4 
162.434 4 
169.834 4 
176.53400000000005 4 
184.53400000000002 4 
193.43400000000003 4 
201.235 4 
207.33599999999998 4 
213.33700000000002 4 
218.838 4 
227.635 4 
232.835 4 
241.935 4 
249.535 4 
258.535 4 
264.13599999999997 4 
269.835 4 
275.036 4 
281.936 4 
290.836 4 
300.736 4 
310.337 4 
317.722 4 
322.836 4 
328.624 4 
336.325 4 
342.526 4 
347.727 4 
355.12800000000016 4 
362.73 4 
370.231 4 
379.533 4 
387.334 4 
393.537 4 
400.52099999999996 4 
406.121 4 
412.222 4 
420.62300000000016 4 
426.225 4 
431.325 4 
441.027 4 
