4.039 4 
13.13 4 
18.331 4 
24.432 4 
32.133 4 
40.335 4 
49.422 4 
56.321999999999996 4 
64.322 4 
69.923 4 
75.824 4 
82.52600000000002 4 
91.527 4 
99.02799999999999 4 
105.93 4 
114.331 4 
120.53200000000001 4 
128.13299999999998 4 
134.335 4 
140.924 4 
150.624 4 
158.424 4 
167.324 4 
173.325 4 
179.12599999999995 4 
187.227 4 
192.828 4 
197.929 4 
203.43 4 
208.831 4 
218.433 4 
223.93400000000003 4 
229.635 4 
237.225 4 
246.125 4 
252.725 4 
262.026 4 
267.726 4 
275.32599999999996 4 
280.327 4 
288.128 4 
293.629 4 
298.63 4 
303.731 4 
309.332 4 
319.2340000000001 4 
328.135 4 
334.227 4 
340.42699999999996 4 
347.42699999999996 4 
353.526 4 
358.727 4 
363.92699999999996 4 
371.827 4 
378.327 4 
385.72900000000004 4 
391.23 4 
400.531 4 
407.93300000000005 4 
416.73400000000004 4 
422.535 4 
427.92800000000005 4 
435.32800000000003 4 
441.028 4 
