4.0489999999999995 4 
12.232999999999999 4 
17.234 4 
25.335 4 
34.231 4 
42.632 4 
47.832 4 
55.431999999999995 4 
64.532 4 
71.932 4 
81.232 4 
86.73200000000001 4 
94.632 4 
102.23299999999999 4 
111.934 4 
117.635 4 
125.13600000000001 4 
131.333 4 
138.233 4 
147.033 4 
152.233 4 
161.13299999999995 4 
166.833 4 
172.234 4 
178.334 4 
185.734 4 
191.334 4 
197.834 4 
205.63400000000001 4 
214.735 4 
220.33599999999998 4 
225.437 4 
231.13400000000001 4 
240.03400000000002 4 
247.735 4 
254.635 4 
260.135 4 
266.335 4 
271.435 4 
278.435 4 
285.135 4 
294.135 4 
300.735 4 
308.13599999999997 4 
313.63599999999997 4 
319.137 4 
327.138 4 
332.539 4 
338.63599999999997 4 
344.436 4 
349.425 4 
355.026 4 
360.92699999999996 4 
366.728 4 
374.33 4 
380.33099999999996 4 
386.43199999999996 4 
396.334 4 
402.93699999999995 4 
409.13699999999994 4 
418.721 4 
426.522 4 
435.824 4 
441.025 4 
