4.039 4 2.89515471055482
10.927999999999999 4 -0.11679294114908867
16.428 4 -1.6959928340673018
21.82800000000001 4 3.890097005929424
27.528000000000002 4 -2.1392224505944126
34.428000000000004 4 1.3593480425647595
43.528999999999996 4 0.851028588645419
51.93 4 2.889730557438801
60.831 4 -7.72531229059114
70.133 4 -6.227474694413212
80.035 4 -3.193830430245228
85.829 4 -5.189139174110456
90.829 4 -8.74195119842982
98.529 4 -4.691668026423153
103.62899999999999 4 -0.6359607013004673
109.229 4 -3.1558613584330937
116.83 4 4.4038406129647845
122.33 4 -3.166709664665132
131.13 4 1.3864688081448557
139.23 4 -2.6421177513977336
146.73 4 -2.7017834356739447
155.83100000000005 4 -0.6793539262286208
162.533 4 -4.7079404857712115
168.43400000000003 4 -3.182982124013189
177.731 4 -0.12221709426510774
185.13099999999997 4 1.8568191902520619
190.731 4 2.3868352566354796
196.831 4 -0.6847780793446416
205.831 4 -0.14933785984520398
213.43099999999998 4 -0.16018616607724212
218.831 4 -2.647541904513753
228.43099999999998 4 -0.6522331606485254
233.53099999999998 4 -4.19962103185187
239.231 4 -6.211202235065156
244.43099999999998 4 -5.730003546725912
249.43099999999998 4 -4.177924419387794
255.232 4 0.35898159407413655
263.434 4 -0.17645862542530022
268.635 4 -3.172133817781151
273.832 4 1.3484997363327214
280.032 4 4.906735913768105
287.032 4 -9.250270652349162
294.832 4 -1.6634479153711874
302.232 4 -3.204678736477266
307.83299999999997 4 -2.707207588789964
316.733 4 -2.6746626700938485
324.133 4 1.8947882620641963
333.033 4 -2.182615675522566
339.1330000000001 4 -3.199254583361248
347.033 4 -0.6468090075325064
353.13300000000015 4 0.3318608284940403
359.134 4 -2.177191522406547
365.735 4 3.3872017051261034
371.936 4 -3.2101028895932844
379.534 4 -1.1442801552198079
389.23400000000004 4 -2.1500707568264508
394.73400000000004 4 -6.730369995216534
400.23400000000004 4 2.3922594097514986
408.23400000000004 4 -1.1985216863799986
414.834 4 -5.205411633458513
420.534 4 -6.205778081949137
427.034 4 -6.216626388181176
433.23400000000004 4 2.3597144910553842
441.034 4 1.3647721956807795