4.052 4 
10.735 4 
19.625 4 
28.725 4 
34.826 4 
41.026 4 
50.926 4 
59.727 4 
66.72800000000001 4 
75.13 4 
82.73100000000002 4 
90.23200000000001 4 
95.73299999999999 4 
103.135 4 
109.736 4 
117.527 4 
123.527 4 
130.928 4 
137.827 4 
147.52700000000004 4 
153.72799999999995 4 
163.329 4 
168.93099999999995 4 
174.03099999999995 4 
179.731 4 
187.433 4 
192.937 4 
198.135 4 
203.53599999999997 4 
208.72799999999998 4 
213.929 4 
219.829 4 
225.429 4 
231.12900000000002 4 
238.729 4 
247.729 4 
253.829 4 
259.22900000000004 4 
266.83 4 
275.032 4 
282.83299999999997 4 
287.834 4 
293.535 4 
302.63 4 
308.13 4 
317.03 4 
322.53 4 
330.43 4 
336.03 4 
344.13 4 
350.73 4 
360.031 4 
368.936 4 
375.033 4 
380.033 4 
386.23400000000004 4 
391.335 4 
397.83099999999996 4 
405.231 4 
412.131 4 
417.93199999999996 4 
427.23199999999997 4 
435.23199999999997 4 
441.032 4 
