4.042 4 
12.133 4 
17.233 4 
23.733 4 
29.533 4 
36.234 4 
41.63399999999999 4 
50.534 4 
56.034 4 
63.635 4 
71.036 4 
76.137 4 
84.035 4 
93.134 4 
99.334 4 
106.334 4 
112.935 4 
120.335 4 
127.935 4 
137.035 4 
142.235 4 
151.235 4 
159.435 4 
164.937 4 
170.137 4 
175.53799999999995 4 
181.239 4 
190.136 4 
195.636 4 
201.736 4 
206.727 4 
212.428 4 
219.02900000000002 4 
225.93 4 
235.632 4 
240.833 4 
247.03400000000002 4 
255.937 4 
263.72 4 
269.923 4 
275.722 4 
285.024 4 
291.125 4 
300.726 4 
306.628 4 
314.2290000000001 4 
320.23 4 
328.63199999999995 4 
334.1330000000001 4 
341.634 4 
346.635 4 
354.338 4 
363.62199999999996 4 
369.222 4 
376.62300000000016 4 
382.224 4 
391.026 4 
400.92900000000003 4 
406.629 4 
414.63 4 
420.231 4 
428.032 4 
434.934 4 
441.035 4 
