4.053 4 -1.8385564810588475
9.035 4 16.293150014020675
14.635 4 -7.951086761251035
20.135 4 6.626222254975388
25.535999999999998 4 19.34941515411677
31.237 4 14.713546357598368
37.038000000000004 4 9.579545222322956
46.136 4 10.249247848994166
51.236000000000004 4 -5.633152362991834
58.136 4 15.692075502515145
67.436 4 -3.4524741950639966
77.12899999999998 4 5.716321225224285
82.932 4 0.513691974783197
90.531 4 20.190688068702187
97.934 4 12.429926016922007
104.53299999999999 4 1.9217253432913006
110.73700000000001 4 13.305512989090264
117.637 4 7.931313450734966
126.021 4 2.024667516039824
133.52200000000002 4 20.156374011119347
138.623 4 18.7140265850284
147.424 4 -1.769928365893163
153.525 4 -0.25895282463653757
163.42700000000005 4 6.420337909478339
171.628 4 17.907067728025826
177.229 4 12.60149630483621
183.933 4 6.557594139809706
191.93400000000003 4 22.474308409378548
197.333 4 7.124354593732391
205.13400000000001 4 15.520505214600941
213.238 4 4.102403511219136
219.322 4 0.44506385961751516
225.922 4 13.27119893150742
235.023 4 8.102883738649172
240.924 4 1.183394601454407
247.925 4 6.488966024644021
252.926 4 14.043843730927158
258.927 4 17.872753670442986
267.92900000000003 4 12.53286818967053
274.43 4 5.682007167641445
283.33099999999996 4 14.885116645512571
291.233 4 3.3983868269650843
298.634 4 9.407974934408752
308.236 4 -1.8728705386416875
315.823 4 11.657281217502273
323.423 4 8.841214480486066
328.6230000000001 4 0.3421216868689916
334.724 4 0.5480060323660387
342.125 4 7.2959248816466
347.82599999999996 4 -9.496376360090505
353.027 4 13.374141104255944
359.228 4 -2.645515338061421
364.42900000000003 4 11.090520763579583
369.93 4 13.339827046673104
375.531 4 19.418043269282453
381.032 4 16.327464071603515
389.93300000000005 4 4.342601914299026
396.135 4 7.33023893922944
401.836 4 5.853577455555653
411.124 4 -7.212756019414145
420.025 4 11.760223390250793
427.825 4 -1.9414986538073693
433.325 4 9.648173337488643
441.026 4 6.523280082226864