4.888 3.16 0.0
13.072 3.059 1.0
18.896 2.336 1.0
25.088 2.645 1.0
30.885 2.649 1.0
37.176 3.059 1.0
43.396 2.235 1.0
52.49900000000001 2.032 2.0
57.38400000000001 2.647 1.0
65.399 2.2319999999999998 2.0
71.869 3.162 3.0
77.278 2.853 4.0
84.869 3.162 1.0
93.869 3.263 2.0
101.304 2.0269999999999997 3.0
107.68700000000001 2.645 1.0
113.667 3.2649999999999997 1.0
122.104 2.23 2.0
129.703 2.234 1.0
138.28300000000002 2.749 2.0
144.203 2.029 3.0
151.969 3.2640000000000002 1.0
159.964 3.4690000000000003 2.0
166.081 2.852 3.0
171.48799999999997 2.645 4.0
176.064 3.4690000000000003 1.0
183.514 1.7189999999999999 1.0
191.28099999999998 2.852 2.0
196.576 3.057 1.0
203.80700000000002 1.9260000000000002 2.0
207.882 2.851 3.0
213.376 3.057 1.0
226.981 2.9539999999999997 2.0
236.889 2.748 1.0
241.468 3.3659999999999997 2.0
248.38700000000003 2.647 1.0
257.80300000000005 2.131 2.0
265.19100000000003 2.543 1.0
271.391 2.543 2.0
278.22 1.5139999999999998 3.0
286.90500000000003 2.13 1.0
292.077 3.057 2.0
301.265 3.4699999999999998 3.0
308.092 2.543 4.0
321.38300000000004 2.852 5.0
329.8879999999999 2.749 1.0
335.1809999999999 2.956 2.0
342.676 2.959 1.0
349.017 1.6180000000000003 2.0
355.17499999999995 3.16 1.0
364.783 2.852 2.0
371.209 2.0269999999999997 3.0
377.991 2.645 4.0
384.206 2.03 1.0
392.082 2.9539999999999997 2.0
402.90599999999995 2.031 1.0
407.165 3.4690000000000003 2.0
415.784 2.852 1.0
421.178 3.058 1.0
430.503 1.517 2.0
436.688 2.234 1.0
441.96500000000003 3.058 2.0
