287.01800000000003 2.21 0.0
292.616 2.2119999999999997 1.0
299.515 2.213 2.0
305.389 2.94 1.0
315.17 0.859 2.0
320.747 1.483 3.0
326.11899999999997 2.2119999999999997 4.0
334.01899999999995 2.113 1.0
339.433 1.9010000000000002 1.0
4.577 3.471 0.0
12.867 3.263 1.0
17.659 3.572 2.0
24.467 3.263 1.0
29.854000000000003 3.676 2.0
36.864 3.3659999999999997 3.0
42.162 3.4690000000000003 4.0
50.958000000000006 3.573 1.0
56.25300000000001 3.778 1.0
63.852000000000004 3.779 1.0
71.56 3.471 1.0
76.558 3.574 2.0
84.66599999999998 3.367 3.0
93.56200000000001 3.573 1.0
99.762 3.574 2.0
106.756 3.575 3.0
113.36 3.572 4.0
120.86200000000001 3.4699999999999998 5.0
128.256 3.676 1.0
138.38600000000002 2.646 2.0
142.659 3.573 3.0
151.555 3.677 1.0
159.858 3.574 2.0
165.359 3.573 1.0
170.868 3.2649999999999997 2.0
176.063 3.4699999999999998 1.0
181.866 3.367 2.0
190.56199999999998 3.573 1.0
195.855 3.7809999999999997 1.0
202.058 3.675 1.0
207.366 3.367 2.0
212.75799999999998 3.675 1.0
219.666 3.367 2.0
226.56699999999998 3.3659999999999997 1.0
236.266 3.367 2.0
241.157 3.676 1.0
247.87300000000002 3.161 2.0
256.36100000000005 3.573 3.0
264.264 3.4699999999999998 1.0
270.36100000000005 3.573 1.0
276.16 3.574 2.0
285.46200000000005 3.573 3.0
291.46099999999996 3.675 4.0
301.059 3.675 1.0
307.269 3.365 2.0
314.56 3.675 1.0
320.765 3.4699999999999998 2.0
329.37 3.2649999999999997 1.0
334.459 3.676 1.0
342.372 3.263 2.0
347.062 3.573 1.0
354.86499999999995 3.4699999999999998 2.0
364.063 3.572 1.0
369.559 3.676 1.0
377.27 3.3659999999999997 2.0
382.561 3.675 3.0
391.361 3.676 4.0
401.365 3.574 1.0
406.96099999999996 3.675 1.0
414.94800000000004 3.676 2.0
420.54900000000004 3.676 3.0
428.34999999999997 3.677 1.0
435.461 3.4690000000000003 2.0
441.457 3.572 1.0
