287.01500000000004 2.2119999999999997 0.0
294.016 2.213 1.0
299.41200000000003 2.3169999999999997 1.0
306.21099999999996 2.42 2.0
310.79499999999996 2.836 1.0
319.52500000000003 2.008 2.0
328.53100000000006 2.006 3.0
334.96500000000003 1.173 4.0
340.769 3.152 5.0
6.123 1.9249999999999998 0.0
10.373000000000001 3.058 1.0
18.825 1.508 1.0
27.515 1.7189999999999999 2.0
35.793 2.342 1.0
42.116 1.5139999999999998 2.0
51.419 1.3110000000000004 3.0
56.391000000000005 2.44 4.0
65.8 1.9300000000000002 5.0
72.68599999999999 2.644 6.0
79.282 2.748 7.0
87.397 2.234 8.0
93.56200000000001 3.4690000000000003 9.0
103.101 1.73 1.0
112.628 1.307 2.0
118.29899999999999 2.234 1.0
122.166 3.368 1.0
129.189 2.5460000000000003 2.0
134.491 2.44 1.0
140.405 2.026 2.0
149.43200000000002 0.9989999999999997 1.0
155.839 0.6930000000000001 1.0
159.48600000000002 2.646 1.0
167.764 3.368 1.0
175.968 3.2640000000000002 1.0
186.391 2.542 1.0
192.97899999999998 2.9539999999999997 2.0
203.043 0.6889999999999996 3.0
213.095 2.338 4.0
221.472 3.263 1.0
227.48499999999999 2.851 1.0
233.57799999999997 2.955 2.0
242.078 2.855 1.0
248.39799999999997 2.235 1.0
255.026 1.307 2.0
258.16999999999996 3.1630000000000003 3.0
265.085 2.748 1.0
272.998 2.335 1.0
276.86 3.573 2.0
282.878 2.955 1.0
290.63500000000005 0.7989999999999999 2.0
294.094 2.44 3.0
301.595 2.339 1.0
308.99 2.544 1.0
317.072 3.263 2.0
323.58 2.956 3.0
333.69300000000004 2.441 4.0
340.10300000000007 2.131 1.0
346.978 2.957 2.0
356.88 2.955 3.0
364.38300000000004 2.852 1.0
371.489 2.646 2.0
376.364 3.572 3.0
382.96200000000005 3.573 4.0
391.788 2.647 5.0
396.466 3.4690000000000003 1.0
402.591 2.544 1.0
410.13599999999997 0.9989999999999997 1.0
413.176 3.16 1.0
419.39500000000004 2.441 2.0
424.06699999999995 3.4699999999999998 1.0
432.26800000000003 3.471 1.0
442.183 2.853 2.0
