4.576 3.4690000000000003 0.0
9.559999999999999 3.573 1.0
15.06 3.574 1.0
21.958000000000002 3.677 2.0
27.355999999999998 3.471 1.0
33.355 3.572 2.0
40.855 3.572 3.0
48.564 3.263 4.0
57.864 3.263 1.0
62.449999999999996 3.677 2.0
71.252 3.676 1.0
80.75 3.779 2.0
88.28 2.85 3.0
93.777 2.854 1.0
100.66000000000001 3.572 2.0
109.658 3.676 1.0
115.15899999999999 3.676 2.0
121.17099999999999 3.057 3.0
128.65200000000002 3.676 1.0
137.57 3.159 1.0
143.552 3.677 1.0
151.254 3.675 1.0
160.295 2.234 2.0
168.55300000000003 3.676 1.0
174.754 3.675 1.0
180.452 3.678 2.0
187.07 3.161 3.0
192.871 3.161 1.0
201.561 3.573 2.0
208.26500000000001 3.4699999999999998 1.0
214.176 3.16 1.0
219.55499999999998 3.675 1.0
227.554 3.676 2.0
233.561 3.4690000000000003 3.0
242.87 3.16 4.0
250.77100000000002 3.059 1.0
256.06 3.4699999999999998 2.0
262.55400000000003 3.676 3.0
269.557 3.573 1.0
277.668 3.2649999999999997 1.0
284.553 3.779 2.0
291.455 3.778 1.0
299.459 3.675 2.0
306.757 3.778 3.0
314.086 2.645 4.0
321.566 3.367 1.0
327.285 2.647 1.0
335.878 2.9539999999999997 1.0
340.86199999999997 3.4699999999999998 2.0
350.47099999999995 3.161 1.0
356.19 2.542 1.0
364.36799999999994 3.2640000000000002 2.0
369.76199999999994 3.4699999999999998 3.0
379.28099999999995 2.851 1.0
385.07499999999993 3.057 1.0
394.462 3.572 2.0
400.869 3.3659999999999997 3.0
408.982 2.851 4.0
414.56700000000006 3.3659999999999997 5.0
419.766 3.367 6.0
425.062 3.471 1.0
430.455 3.778 2.0
435.75800000000004 3.675 3.0
441.26 3.773 4.0
