4.887 3.162 0.0
11.279 2.952 1.0
15.96 3.471 2.0
21.962 3.4699999999999998 1.0
31.663999999999994 3.368 2.0
39.167 3.3659999999999997 3.0
48.99 2.544 4.0
55.873000000000005 3.263 1.0
62.08 2.852 2.0
67.16300000000001 3.4690000000000003 3.0
72.763 3.3689999999999998 1.0
78.161 3.5709999999999997 2.0
85.062 3.5709999999999997 3.0
90.46099999999998 3.572 4.0
101.082 2.851 5.0
110.58699999999999 2.646 1.0
116.56599999999999 3.367 2.0
122.38899999999998 2.644 1.0
126.46 3.573 1.0
132.97099999999998 3.162 1.0
139.368 3.3659999999999997 2.0
145.68099999999998 2.9539999999999997 3.0
150.967 3.4690000000000003 1.0
157.27999999999997 2.854 1.0
165.359 3.675 1.0
173.06 3.574 1.0
178.881 2.9530000000000003 2.0
183.56500000000003 3.4690000000000003 1.0
191.573 3.161 1.0
200.86100000000002 3.573 1.0
208.86700000000002 3.367 1.0
216.37 3.2649999999999997 1.0
222.264 3.471 1.0
228.072 3.1630000000000003 1.0
235.47299999999998 3.162 1.0
240.768 3.367 1.0
245.667 3.4690000000000003 1.0
251.385 2.852 1.0
258.86699999999996 3.471 2.0
264.863 3.572 3.0
271.866 3.4690000000000003 1.0
277.47099999999995 3.4699999999999998 1.0
284.763 3.572 2.0
290.464 3.472 1.0
299.983 2.853 1.0
308.281 2.955 2.0
315.572 3.2640000000000002 3.0
324.161 3.572 4.0
333.264 3.572 1.0
340.06899999999996 3.367 2.0
345.752 3.368 1.0
351.64399999999995 3.677 2.0
360.05100000000004 3.472 1.0
367.482 2.542 2.0
374.65599999999995 3.3689999999999998 1.0
382.459 3.368 2.0
391.86500000000007 3.263 1.0
397.679 2.85 1.0
403.776 2.9539999999999997 2.0
411.67599999999993 2.956 3.0
421.395 2.338 4.0
429.784 2.75 5.0
434.464 3.574 6.0
441.86199999999997 3.159 1.0
