6.6419999999999995 1.408 0.0
17.988 2.645 1.0
24.116999999999997 1.6150000000000002 1.0
28.695000000000004 2.438 1.0
35.317 1.616 1.0
41.894000000000005 2.44 2.0
47.803000000000004 2.1319999999999997 3.0
53.82300000000001 1.513 4.0
58.798 2.235 1.0
66.982 2.851 1.0
72.703 2.13 2.0
81.087 2.646 1.0
88.99199999999999 2.441 2.0
98.60999999999999 1.924 1.0
105.202 2.2319999999999998 1.0
110.606 2.028 2.0
118.646 0.6880000000000002 1.0
124.392 2.542 1.0
131.598 2.3369999999999997 1.0
139.295 2.643 1.0
146.095 2.44 2.0
152.72 1.516 1.0
159.586 2.749 1.0
169.61700000000002 1.6180000000000003 1.0
177.923 1.512 1.0
183.92000000000002 1.5150000000000001 2.0
197.805 2.1319999999999997 3.0
204.54500000000002 0.8900000000000001 4.0
209.42999999999998 1.205 5.0
217.195 2.441 6.0
225.20700000000002 2.028 1.0
232.608 2.0269999999999997 1.0
244.095 2.541 2.0
253.99699999999999 2.541 3.0
259.886 2.853 4.0
269.505 2.131 1.0
278.88800000000003 2.3369999999999997 1.0
286.584 2.543 2.0
292.28999999999996 2.338 3.0
299.112 1.717 1.0
308.001 2.13 2.0
313.39 2.543 3.0
320.985 2.748 1.0
326.584 2.75 1.0
332.808 2.029 1.0
339.981 2.44 1.0
346.57 2.751 2.0
353.42099999999994 1.4010000000000002 3.0
357.478 2.545 1.0
363.773 2.851 1.0
373.241 0.7839999999999998 2.0
382.21599999999995 1.5110000000000001 3.0
389.61400000000003 1.6139999999999999 1.0
394.489 2.443 2.0
400.895 2.235 1.0
409.89199999999994 2.54 1.0
419.504 2.029 2.0
428.12899999999996 1.2060000000000004 1.0
431.78999999999996 2.646 1.0
437.59999999999997 1.822 1.0
441.758 3.2640000000000002 1.0
