5.4030000000000005 2.647 0.0
14.591000000000001 2.543 1.0
19.072000000000003 3.263 1.0
25.776000000000003 2.647 2.0
32.859 3.2640000000000002 1.0
42.192 2.131 1.0
51.806 1.6180000000000003 1.0
57.265 3.06 2.0
64.85400000000001 3.472 1.0
71.078 2.851 2.0
76.462 3.3659999999999997 3.0
83.57600000000001 2.9539999999999997 4.0
93.19200000000001 2.339 1.0
99.97299999999998 3.06 2.0
107.29 2.646 1.0
115.69 2.645 1.0
121.878 2.646 1.0
128.757 3.368 1.0
135.474 2.851 2.0
141.25500000000002 3.676 3.0
152.597 2.028 1.0
160.602 1.8239999999999998 1.0
167.963 3.365 2.0
174.375 2.9539999999999997 3.0
180.381 2.749 1.0
188.584 2.647 1.0
193.775 3.057 2.0
199.59799999999998 2.338 3.0
204.58200000000002 2.852 4.0
209.675 3.16 1.0
219.265 3.161 2.0
224.871 3.058 1.0
230.98 2.646 1.0
239.401 1.8250000000000002 1.0
246.65499999999997 3.471 2.0
254.391 2.336 3.0
262.868 3.16 4.0
268.259 3.4699999999999998 1.0
276.375 2.955 1.0
282.40599999999995 1.9249999999999998 1.0
289.281 2.851 1.0
295.29499999999996 2.338 1.0
299.369 3.2649999999999997 1.0
304.884 2.851 1.0
310.79400000000004 2.542 2.0
320.27200000000005 2.955 1.0
328.76099999999997 3.3659999999999997 1.0
334.964 3.2640000000000002 2.0
341.369 3.059 1.0
348.369 3.059 1.0
354.16 3.368 2.0
359.361 3.367 3.0
364.87500000000006 3.058 1.0
373.49199999999996 2.339 1.0
379.58299999999997 2.749 1.0
386.469 3.2640000000000002 2.0
392.17600000000004 3.058 1.0
401.169 3.367 2.0
409.07800000000003 2.851 3.0
417.46400000000006 3.2649999999999997 1.0
423.367 3.162 1.0
428.76700000000005 3.162 2.0
436.375 2.9539999999999997 3.0
441.767 3.262 4.0
