4.887 3.16 0.0
11.191 2.439 1.0
20.169 3.162 1.0
31.616999999999997 1.616 1.0
35.565999999999995 3.368 1.0
40.861000000000004 3.574 1.0
46.958 3.572 2.0
55.574 2.956 3.0
60.859 3.572 4.0
66.264 3.266 5.0
71.672 3.058 1.0
80.015 1.616 2.0
85.96600000000001 3.2649999999999997 3.0
92.082 2.851 4.0
98.281 2.75 1.0
104.48100000000001 2.75 1.0
111.87400000000001 2.957 1.0
117.87800000000001 2.9539999999999997 2.0
124.36599999999999 3.367 3.0
129.863 3.471 4.0
137.86800000000002 3.367 5.0
148.001 2.131 6.0
154.467 3.2649999999999997 1.0
160.482 2.85 2.0
165.06799999999998 3.2640000000000002 3.0
173.371 3.161 4.0
179.289 2.443 5.0
184.37 3.162 6.0
193.363 3.4690000000000003 1.0
202.663 3.4690000000000003 2.0
210.364 3.4690000000000003 3.0
216.585 2.648 1.0
221.27700000000002 2.956 1.0
226.379 2.955 2.0
235.896 2.34 3.0
243.21599999999998 1.7200000000000002 1.0
249.276 3.057 1.0
257.58 2.853 2.0
262.37 3.263 1.0
271.99300000000005 2.441 2.0
280.58200000000005 2.852 3.0
287.687 2.747 4.0
295.88 2.9539999999999997 1.0
302.699 2.335 2.0
312.10400000000004 2.03 1.0
319.301 2.233 1.0
326.174 3.161 1.0
331.676 3.16 1.0
337.375 3.162 1.0
343.268 3.367 1.0
348.862 3.573 1.0
359.596 2.439 1.0
365.269 3.3659999999999997 2.0
370.45799999999997 3.677 3.0
376.371 3.2640000000000002 1.0
381.77200000000005 3.263 1.0
390.974 3.161 2.0
397.485 2.851 1.0
404.266 3.4690000000000003 2.0
413.40500000000003 2.13 1.0
419.081 2.955 1.0
426.583 2.9530000000000003 1.0
433.18199999999996 2.955 1.0
441.57099999999997 3.468 2.0
