5.004 3.044 0.0
11.501 2.73 1.0
20.783 3.149 2.0
28.692000000000004 2.941 1.0
34.498000000000005 2.836 2.0
41.997 2.939 3.0
52.012 2.2119999999999997 1.0
60.809 2.316 1.0
68.724 1.9010000000000002 2.0
74.33 1.795 1.0
79.428 1.798 2.0
85.63900000000001 1.588 3.0
93.44099999999999 1.5869999999999997 1.0
100.002 2.628 1.0
107.417 2.113 1.0
116.147 1.3849999999999998 2.0
123.38799999999999 3.146 1.0
131.15099999999998 1.484 1.0
138.566 1.0699999999999998 1.0
144.239 1.487 2.0
149.42499999999998 1.9010000000000002 1.0
155.747 1.279 2.0
162.312 2.315 3.0
168.53599999999997 1.5899999999999999 1.0
176.113 2.213 2.0
187.523 2.005 1.0
196.569 0.8599999999999999 2.0
204.227 2.004 1.0
211.299 2.733 1.0
219.25600000000003 1.278 2.0
229.156 1.279 3.0
234.359 1.2769999999999997 1.0
243.25 1.278 2.0
251.517 2.11 3.0
260.10499999999996 2.4219999999999997 4.0
265.718 2.2119999999999997 1.0
271.614 2.213 1.0
281.473 0.7549999999999999 2.0
291.41700000000003 2.2119999999999997 1.0
305.347 1.4849999999999999 1.0
312.335 1.8980000000000001 1.0
320.488 3.0469999999999997 1.0
328.54699999999997 1.589 1.0
334.22200000000004 2.0069999999999997 2.0
339.927 1.9019999999999997 1.0
348.48800000000006 2.941 1.0
356.72 2.109 2.0
361.495 2.835 1.0
368.211 2.318 1.0
373.318 2.2119999999999997 1.0
379.348 1.3819999999999997 1.0
384.806 2.523 1.0
391.22999999999996 1.9010000000000002 2.0
397.722 2.109 1.0
403.841 1.6910000000000003 1.0
408.718 2.316 1.0
413.281 3.354 1.0
423.626 2.11 1.0
429.587 3.043 2.0
435.419 2.211 3.0
443.444 1.5869999999999997 1.0
