211.373 3.5629999999999997 0.0
218.868 3.667 1.0
225.2 2.731 2.0
232.369 3.46 3.0
238.98999999999998 2.941 4.0
246.179 3.251 1.0
254.066 3.564 1.0
262.283 3.147 2.0
269.467 3.5629999999999997 1.0
4.571000000000001 3.457 0.0
10.463000000000001 3.665 1.0
18.163 3.665 2.0
26.163999999999998 3.666 3.0
34.087 3.144 4.0
39.68 3.3520000000000003 1.0
44.571000000000005 3.5620000000000003 1.0
50.69 3.144 2.0
55.978 3.457 1.0
66.19399999999999 2.935 1.0
71.56099999999999 3.668 1.0
79.40299999999999 2.726 1.0
84.17699999999999 3.3520000000000003 1.0
92.785 3.144 2.0
97.473 3.456 3.0
103.77699999999999 3.3520000000000003 1.0
111.983 3.247 2.0
116.97300000000001 3.457 1.0
125.19 3.04 2.0
133.57 3.5620000000000003 1.0
139.29 3.043 2.0
144.085 3.249 1.0
153.399 2.936 2.0
158.477 3.3529999999999998 1.0
165.478 3.3520000000000003 1.0
171.978 3.3520000000000003 1.0
177.68400000000003 3.146 2.0
185.00199999999998 2.728 1.0
192.12099999999998 2.31 2.0
200.171 3.56 3.0
208.18699999999998 3.144 1.0
213.77799999999996 3.3529999999999998 1.0
223.69 3.041 1.0
232.69 3.143 1.0
238.59599999999998 2.937 1.0
245.88799999999998 3.247 2.0
251.17299999999997 3.458 1.0
257.67100000000005 3.561 1.0
263.77500000000003 3.457 2.0
270.582 3.25 3.0
276.892 3.04 4.0
284.6 2.832 1.0
290.592 3.04 1.0
299.388 3.144 1.0
305.49600000000004 2.936 2.0
312.99199999999996 3.04 3.0
322.78700000000003 3.145 4.0
328.81399999999996 2.519 5.0
335.98600000000005 3.248 6.0
344.473 3.5620000000000003 7.0
352.81100000000004 2.622 8.0
361.08500000000004 3.248 9.0
365.76800000000003 3.665 1.0
376.32 2.4130000000000003 1.0
381.09800000000007 2.835 2.0
386.28800000000007 3.145 1.0
391.784 3.249 1.0
399.778 3.456 1.0
405.79 3.144 2.0
413.087 3.247 3.0
420.677 3.457 4.0
429.67300000000006 3.561 5.0
436.291 3.144 6.0
441.682 3.354 1.0
