274.821 2.109 0.0
279.56800000000004 3.46 1.0
288.462 3.668 1.0
296.585 3.0460000000000003 1.0
302.087 3.045 1.0
308.28799999999995 3.045 1.0
313.973 3.5620000000000003 2.0
319.781 3.354 1.0
326.78900000000004 2.94 2.0
4.587 3.456 0.0
10.563 3.664 1.0
19.066 3.5620000000000003 1.0
27.172 3.458 1.0
33.079 3.3520000000000003 1.0
38.57 3.5620000000000003 1.0
45.468 3.665 2.0
53.471 3.5629999999999997 1.0
61.48500000000001 2.936 2.0
70.90599999999999 2.415 3.0
77.156 3.666 4.0
82.46900000000001 3.354 5.0
88.963 3.561 1.0
98.375 3.25 2.0
104.159 3.667 3.0
113.47999999999999 3.248 1.0
122.26 3.77 1.0
127.761 3.77 1.0
136.762 3.77 2.0
144.877 3.457 3.0
154.556 3.666 1.0
160.569 3.3529999999999998 1.0
168.06500000000003 3.457 1.0
174.756 3.666 1.0
183.762 3.5620000000000003 2.0
193.357 3.668 1.0
199.178 3.248 1.0
204.57000000000002 3.457 2.0
210.18 3.248 1.0
217.988 3.042 1.0
222.97099999999998 3.56 2.0
229.067 3.665 1.0
237.272 3.561 2.0
244.67000000000002 3.564 3.0
251.259 3.564 4.0
256.259 3.665 5.0
265.161 3.5629999999999997 1.0
270.25800000000004 3.666 2.0
278.458 3.666 1.0
284.673 3.3520000000000003 1.0
290.065 3.561 1.0
299.26800000000003 3.459 1.0
304.368 3.56 1.0
312.068 3.5620000000000003 1.0
317.16499999999996 3.666 2.0
323.475 3.457 3.0
329.97200000000004 3.561 1.0
335.561 3.773 1.0
340.668 3.667 2.0
345.863 3.5620000000000003 3.0
355.26800000000003 3.457 4.0
360.559 3.666 1.0
368.15999999999997 3.665 1.0
377.759 3.666 1.0
383.86 3.666 2.0
390.275 3.3520000000000003 1.0
395.66 3.668 1.0
402.56200000000007 3.667 2.0
408.06 3.77 1.0
413.561 3.77 2.0
419.875 3.457 1.0
426.37600000000003 3.457 1.0
433.96999999999997 3.665 1.0
441.568 3.458 2.0
