4.785 3.2649999999999997 0.0
11.789 2.4419999999999997 1.0
17.77 3.061 2.0
23.488999999999997 2.543 1.0
29.599000000000004 2.234 1.0
36.785999999999994 2.648 2.0
46.101 2.234 1.0
51.668000000000006 3.1630000000000003 1.0
57.370000000000005 3.161 1.0
63.985 2.646 2.0
69.484 2.647 1.0
75.172 3.06 2.0
80.367 3.2649999999999997 1.0
90.19100000000002 2.541 2.0
97.27300000000001 3.059 1.0
102.65800000000002 3.574 2.0
107.65900000000002 3.573 1.0
113.962 3.4699999999999998 2.0
119.16600000000001 3.3659999999999997 3.0
125.383 2.75 4.0
130.674 3.16 1.0
140.477 3.059 1.0
148.16899999999998 3.2640000000000002 1.0
157.376 2.957 2.0
162.48 2.853 1.0
171.278 2.955 1.0
177.55899999999997 3.574 1.0
188.28500000000003 2.749 2.0
193.89600000000002 2.338 3.0
198.866 3.368 1.0
205.25900000000001 3.675 1.0
214.292 2.4419999999999997 2.0
221.06900000000002 3.2649999999999997 1.0
227.29 2.544 1.0
232.579 2.956 1.0
238.38499999999996 2.651 2.0
243.375 3.162 3.0
248.779 2.955 4.0
258.19599999999997 2.338 1.0
265.29 2.644 2.0
270.168 3.367 1.0
279.88800000000003 2.647 1.0
287.072 3.263 2.0
293.702 2.233 3.0
302.79400000000004 2.441 1.0
308.505 2.13 1.0
317.082 2.853 1.0
323.389 2.646 1.0
331.097 2.339 1.0
338.411 1.9260000000000002 2.0
344.21200000000005 1.9260000000000002 3.0
352.301 2.235 1.0
360.50699999999995 2.129 1.0
367.388 2.748 1.0
372.384 2.852 1.0
380.996 2.44 1.0
388.814 1.6150000000000002 2.0
393.262 3.368 3.0
401.48900000000003 2.542 4.0
408.70699999999994 1.9249999999999998 1.0
416.77799999999996 2.959 1.0
424.99699999999996 2.44 1.0
433.85699999999997 3.1630000000000003 1.0
442.476 2.5460000000000003 2.0
