5.727 2.311 0.0
15.129000000000001 2.0 1.0
19.913 2.416 2.0
24.79 3.041 3.0
38.705 2.728 4.0
47.81699999999999 2.417 5.0
56.64 1.5819999999999999 1.0
62.583 3.039 2.0
71.09400000000001 2.728 3.0
77.92099999999999 2.102 4.0
85.32000000000001 2.204 1.0
95.321 2.105 1.0
100.69000000000001 2.937 2.0
107.13099999999999 1.8969999999999998 3.0
116.765 1.165 1.0
122.554 1.4769999999999999 1.0
128.673 0.9589999999999996 2.0
135.631 2.102 3.0
144.22 2.415 1.0
150.59699999999998 2.626 1.0
156.09 2.833 1.0
160.774 3.249 2.0
171.30700000000002 2.417 3.0
177.52800000000002 1.8960000000000004 4.0
182.198 2.727 1.0
188.296 2.73 1.0
193.815 2.312 2.0
201.825 2.103 3.0
207.224 2.205 1.0
216.106 2.625 2.0
222.841 1.6910000000000003 1.0
226.494 3.039 2.0
235.31000000000003 2.624 3.0
241.11 2.415 1.0
248.15200000000002 1.3730000000000002 1.0
253.128 1.9969999999999999 1.0
259.561 1.0639999999999996 2.0
262.99199999999996 2.833 3.0
269.702 2.623 1.0
278.56100000000004 1.1639999999999997 1.0
285.32699999999994 1.999 2.0
291.007 2.52 3.0
296.105 2.623 4.0
303.91 2.519 1.0
311.606 2.625 1.0
318.998 2.834 2.0
325.118 2.415 1.0
335.361 1.2739999999999996 2.0
339.83299999999997 1.7930000000000001 1.0
344.801 2.625 2.0
354.818 2.209 3.0
361.69599999999997 2.731 4.0
371.224 2.103 1.0
377.60299999999995 2.624 1.0
385.13699999999994 1.79 1.0
394.65700000000004 1.2710000000000004 2.0
400.488 3.042 1.0
411.03999999999996 1.7910000000000004 2.0
415.693 3.04 1.0
422.418 2.416 2.0
430.00600000000003 2.729 3.0
436.89700000000005 2.731 4.0
442.401 2.627 5.0
