4.686 3.367 0.0
11.074 3.061 1.0
17.989 2.647 2.0
22.369999999999997 3.367 1.0
27.566000000000003 3.572 2.0
34.082 2.854 1.0
40.763999999999996 3.572 2.0
46.260000000000005 3.676 3.0
51.557 3.779 1.0
57.361000000000004 3.675 1.0
66.563 3.2649999999999997 2.0
71.565 3.2640000000000002 1.0
80.361 3.3689999999999998 1.0
88.682 2.75 1.0
97.26799999999999 3.2649999999999997 1.0
103.86500000000001 3.572 1.0
109.27 3.367 1.0
115.954 3.3659999999999997 2.0
123.45100000000001 3.4699999999999998 3.0
130.969 2.9539999999999997 1.0
138.762 3.162 1.0
145.56900000000002 2.956 1.0
151.168 3.058 1.0
159.683 2.645 1.0
167.869 3.3600000000000003 1.0
176.16799999999998 3.263 2.0
181.859 3.573 1.0
190.46699999999998 3.3659999999999997 2.0
196.67100000000002 3.263 3.0
202.37800000000001 3.057 4.0
207.56500000000003 3.057 5.0
216.668 2.9539999999999997 6.0
223.95999999999998 3.263 1.0
231.669 2.955 1.0
237.254 3.471 1.0
243.56699999999998 3.059 1.0
253.881 2.647 2.0
259.46500000000003 3.2640000000000002 1.0
268.673 2.957 1.0
278.48400000000004 2.748 2.0
285.87 3.263 3.0
291.988 2.646 4.0
298.292 2.543 1.0
307.272 2.851 2.0
312.762 3.161 1.0
320.76800000000003 2.955 2.0
326.369 2.955 3.0
332.281 2.543 4.0
340.08799999999997 2.338 1.0
346.473 2.854 2.0
351.254 3.574 3.0
358.001 2.028 1.0
363.779 2.851 1.0
371.38599999999997 2.646 2.0
380.985 2.748 1.0
388.48600000000005 2.748 2.0
393.977 2.958 1.0
399.75600000000003 3.368 2.0
409.26000000000005 3.164 1.0
418.467 3.058 2.0
426.268 3.057 1.0
431.779 2.646 1.0
436.67699999999996 2.749 1.0
441.86699999999996 3.16 1.0
