5.196999999999999 2.852 0.0
13.482999999999999 2.75 1.0
19.478 2.956 1.0
24.788 2.646 1.0
29.568 3.368 2.0
34.659 3.266 3.0
41.482 2.543 4.0
47.773 2.852 1.0
53.169 2.956 1.0
62.578 2.647 1.0
67.45700000000001 3.4690000000000003 2.0
74.882 2.645 1.0
83.5 1.928 1.0
89.10099999999998 2.028 2.0
94.972 3.058 1.0
101.605 1.9260000000000002 1.0
107.69300000000001 2.339 2.0
115.077 3.057 3.0
123.875 3.16 1.0
131.775 2.851 2.0
137.883 2.544 1.0
142.666 3.16 2.0
152.276 2.851 1.0
157.77700000000002 2.75 1.0
163.782 2.645 2.0
170.976 2.851 3.0
177.98399999999998 2.544 4.0
185.879 2.651 1.0
194.785 2.646 2.0
202.588 2.645 1.0
210.335 0.9980000000000002 2.0
214.07000000000002 3.2649999999999997 1.0
221.21800000000002 1.617 2.0
228.46599999999998 3.162 1.0
234.492 2.336 2.0
243.59 2.338 1.0
251.087 2.441 1.0
259.879 2.649 2.0
265.586 2.542 3.0
272.21299999999997 1.6150000000000002 1.0
276.794 2.235 1.0
283.184 2.748 1.0
292.289 2.543 1.0
301.675 3.058 2.0
311.68899999999996 2.646 1.0
320.009 1.7200000000000002 1.0
324.285 2.544 2.0
331.216 1.4130000000000003 3.0
337.991 2.338 4.0
344.808 1.721 1.0
349.59700000000004 2.1319999999999997 1.0
356.379 2.75 1.0
364.59900000000005 2.131 2.0
371.48 2.75 1.0
380.67900000000003 2.852 1.0
388.788 2.544 2.0
395.608 1.9249999999999998 1.0
401.681 2.853 1.0
407.591 2.544 2.0
412.86400000000003 3.3659999999999997 3.0
421.776 2.854 4.0
427.584 2.647 5.0
432.89 2.44 1.0
443.104 1.927 2.0
