214.86900000000003 3.5629999999999997 0.0
221.072 3.46 1.0
226.77499999999998 3.3579999999999997 1.0
231.776 3.356 1.0
237.392 2.941 2.0
243.48899999999998 3.044 3.0
253.50300000000001 2.73 4.0
259.893 2.94 1.0
268.68 3.255 1.0
4.321 3.7720000000000002 0.0
9.962 3.667 1.0
19.766000000000002 3.5629999999999997 1.0
29.470000000000002 3.459 1.0
38.363 3.667 2.0
44.188 3.044 3.0
51.066 3.667 4.0
58.065999999999995 3.668 1.0
64.267 3.668 1.0
71.072 3.458 1.0
76.374 3.5629999999999997 2.0
84.262 3.668 1.0
90.471 3.459 1.0
95.67 3.46 2.0
104.565 3.565 1.0
111.265 3.565 2.0
117.664 3.667 3.0
122.661 3.67 4.0
132.172 3.459 5.0
137.878 3.354 1.0
143.372 3.5629999999999997 1.0
151.278 3.356 2.0
156.46699999999998 3.668 3.0
162.687 3.149 1.0
170.06699999999998 3.564 1.0
176.06199999999998 3.669 2.0
183.86999999999998 3.461 3.0
191.764 3.668 1.0
200.875 3.357 1.0
206.671 3.461 1.0
215.46900000000002 3.5629999999999997 2.0
221.771 3.461 1.0
227.583 3.149 1.0
235.57600000000002 3.356 1.0
243.071 3.4619999999999997 1.0
253.183 3.252 2.0
260.58099999999996 3.252 3.0
265.68 3.254 1.0
270.867 3.566 1.0
276.381 3.252 1.0
281.377 3.356 2.0
290.268 3.565 1.0
297.56600000000003 3.667 2.0
305.99 3.043 3.0
311.166 3.667 1.0
316.77 3.564 1.0
321.977 3.356 1.0
328.669 3.564 1.0
337.779 3.355 1.0
345.76300000000003 3.7720000000000002 1.0
352.57199999999995 3.564 1.0
360.39 3.147 1.0
366.384 3.25 1.0
372.583 3.251 2.0
378.37 3.565 3.0
387.478 3.356 1.0
395.15700000000004 3.577 2.0
400.973 3.5620000000000003 1.0
406.877 3.3579999999999997 1.0
412.58299999999997 3.252 2.0
421.78 3.355 3.0
428.367 3.668 4.0
433.766 3.669 1.0
441.369 3.666 2.0
