286.0 2.732 0.0
291.209 2.524 1.0
296.808 2.525 1.0
302.375 3.459 2.0
308.67900000000003 3.356 3.0
314.48 3.356 1.0
321.982 3.251 2.0
328.09999999999997 2.733 1.0
335.603 2.731 2.0
4.699999999999999 3.357 0.0
10.664 3.564 1.0
19.582 3.0460000000000003 1.0
27.376 3.252 2.0
32.86600000000001 3.5620000000000003 3.0
38.981 3.147 1.0
45.565000000000005 3.565 2.0
53.36200000000001 3.669 1.0
60.87 3.5620000000000003 2.0
69.667 3.667 3.0
77.583 3.252 1.0
82.68599999999999 3.15 1.0
89.07 3.459 2.0
98.78999999999999 2.839 3.0
104.26499999999999 3.564 1.0
113.997 2.732 1.0
122.569 3.46 1.0
128.275 3.254 1.0
137.172 3.3579999999999997 2.0
145.079 3.251 3.0
154.771 3.461 1.0
160.474 3.461 2.0
168.07500000000002 3.459 3.0
175.60199999999998 2.834 4.0
183.87199999999999 3.459 5.0
193.36499999999998 3.666 6.0
198.96800000000002 3.4619999999999997 1.0
204.46699999999998 3.564 1.0
209.868 3.5629999999999997 2.0
217.46499999999997 3.566 3.0
223.278 3.253 1.0
229.26999999999998 3.461 1.0
237.686 3.146 2.0
244.98 3.251 3.0
251.375 3.458 4.0
256.78799999999995 3.148 1.0
265.171 3.564 2.0
270.58 3.356 3.0
278.983 3.149 1.0
284.366 3.666 2.0
289.96500000000003 3.667 1.0
299.37300000000005 3.359 2.0
304.579 3.356 1.0
311.964 3.668 1.0
317.476 3.356 2.0
323.681 3.252 3.0
330.281 3.252 4.0
335.665 3.668 1.0
341.08200000000005 3.251 1.0
346.07800000000003 3.355 2.0
355.17100000000005 3.5629999999999997 1.0
361.19300000000004 3.042 2.0
368.16700000000003 3.669 3.0
377.973 3.461 1.0
384.38599999999997 3.148 2.0
390.277 3.357 3.0
396.5 2.834 1.0
403.398 2.836 1.0
408.376 3.458 1.0
414.29 3.044 1.0
420.29 3.044 1.0
426.16700000000003 3.667 2.0
434.488 3.146 1.0
441.468 3.566 2.0
