5.635999999999999 2.418 0.0
11.404000000000002 2.732 1.0
19.493 2.835 1.0
24.489 2.939 1.0
31.090000000000003 2.938 2.0
37.309000000000005 2.419 3.0
43.904 2.524 1.0
50.34 1.588 1.0
55.723 2.005 1.0
62.14 1.588 1.0
69.78599999999999 3.043 1.0
75.798 2.733 2.0
82.695 2.8369999999999997 3.0
89.53899999999999 1.694 4.0
98.235 1.9 1.0
105.991 3.045 1.0
115.505 2.524 1.0
121.481 3.148 2.0
130.116 2.213 1.0
135.771 3.459 1.0
141.578 3.251 1.0
148.093 2.836 2.0
156.241 1.589 3.0
164.282 3.148 1.0
172.61599999999999 2.215 2.0
179.291 2.941 1.0
189.21499999999997 2.318 2.0
196.5 2.835 1.0
204.726 2.004 2.0
211.487 3.043 3.0
216.792 2.939 4.0
221.583 3.147 1.0
227.41 2.421 1.0
232.69099999999997 2.94 1.0
238.40699999999998 2.424 2.0
247.893 2.838 1.0
257.697 2.734 2.0
266.49499999999995 2.836 3.0
275.033 1.8989999999999996 1.0
280.702 2.732 1.0
288.90700000000004 2.527 1.0
295.52799999999996 2.108 2.0
301.341 1.6910000000000003 3.0
306.39700000000005 2.835 4.0
315.404 2.628 5.0
322.88800000000003 3.044 1.0
331.467 3.565 1.0
338.341 1.6910000000000003 2.0
344.87799999999993 3.254 1.0
351.11 2.523 1.0
358.191 2.941 1.0
365.793 2.94 1.0
377.813 2.42 2.0
383.181 3.254 1.0
390.029 2.0069999999999997 1.0
394.487 3.0460000000000003 1.0
403.82800000000003 2.106 1.0
411.98 3.253 2.0
420.831 2.003 3.0
425.39900000000006 2.835 1.0
430.285 3.149 2.0
436.906 2.028 3.0
444.053 0.9810000000000003 1.0
