4.884 3.144 0.0
12.461000000000002 3.668 1.0
18.085 3.145 1.0
23.962 3.769 1.0
29.971999999999998 3.56 1.0
36.462 3.771 1.0
42.071999999999996 3.5620000000000003 2.0
51.487 3.04 1.0
56.88 3.146 1.0
65.83500000000001 1.7910000000000004 2.0
72.714 2.313 3.0
76.66799999999999 3.459 4.0
84.57000000000001 3.457 5.0
93.566 3.561 1.0
100.18100000000001 3.146 2.0
106.663 3.666 1.0
113.26400000000001 3.666 1.0
120.769 3.5620000000000003 2.0
128.579 3.3529999999999998 1.0
137.369 3.665 2.0
142.568 3.667 3.0
151.76999999999998 3.458 1.0
160.283 3.145 2.0
165.47 3.458 3.0
170.77399999999997 3.354 1.0
175.861 3.667 1.0
181.66599999999997 3.5620000000000003 2.0
191.189 2.939 1.0
196.38000000000002 3.249 1.0
202.27 3.459 1.0
207.065 3.665 2.0
212.86999999999998 3.561 1.0
219.678 3.354 2.0
226.578 3.355 1.0
236.386 3.249 2.0
241.372 3.457 3.0
247.677 3.3529999999999998 1.0
256.469 3.46 2.0
264.68600000000004 3.043 1.0
270.474 3.456 2.0
276.168 3.5620000000000003 1.0
285.364 3.666 2.0
291.566 3.564 3.0
300.958 3.7720000000000002 4.0
306.861 3.77 5.0
314.56600000000003 3.666 6.0
321.089 3.144 7.0
329.281 3.354 1.0
334.779 3.3520000000000003 2.0
342.06899999999996 3.5620000000000003 1.0
347.69199999999995 2.939 1.0
355.18399999999997 3.147 2.0
364.38 3.251 3.0
369.878 3.3529999999999998 4.0
377.79699999999997 2.834 5.0
382.67 3.561 6.0
391.679 3.3529999999999998 1.0
401.26399999999995 3.668 1.0
406.8589999999999 3.773 2.0
414.96700000000004 3.666 3.0
420.982 3.252 4.0
428.37 3.665 1.0
435.37199999999996 3.56 2.0
441.26800000000003 3.77 3.0
