5.726000000000001 2.3169999999999997 0.0
10.166 3.359 1.0
17.467 3.459 1.0
27.910999999999998 2.315 2.0
35.373 3.254 1.0
41.178000000000004 3.25 1.0
48.49199999999999 2.8369999999999997 2.0
55.197 2.733 1.0
63.946 1.5860000000000003 2.0
67.772 3.461 3.0
74.011 2.423 1.0
79.382 3.253 1.0
89.211 2.316 1.0
98.50000000000001 2.627 1.0
102.768 3.459 2.0
111.97100000000002 3.356 1.0
117.57199999999999 3.2560000000000002 2.0
126.709 2.318 3.0
131.169 3.3579999999999997 1.0
137.17499999999998 3.354 1.0
143.51200000000003 2.42 1.0
148.279 3.251 1.0
161.67399999999998 3.459 2.0
171.50400000000002 2.73 3.0
177.37800000000001 3.357 4.0
183.293 3.044 5.0
192.653 1.0750000000000002 6.0
198.264 3.565 1.0
209.205 2.524 2.0
216.70100000000002 2.628 1.0
226.29700000000003 2.732 2.0
231.69400000000002 2.835 1.0
238.30900000000003 2.42 2.0
242.789 2.941 3.0
247.57700000000003 3.357 4.0
253.47 3.5620000000000003 1.0
258.982 3.251 2.0
264.46999999999997 3.564 1.0
272.108 2.627 1.0
278.38 3.25 2.0
284.21 2.42 1.0
292.84000000000003 1.5899999999999999 1.0
299.969 3.461 2.0
306.195 2.835 3.0
312.868 3.5629999999999997 1.0
321.497 2.734 1.0
326.871 3.46 2.0
334.20300000000003 2.731 3.0
341.798 2.733 1.0
350.89 2.942 2.0
357.969 3.565 3.0
365.107 2.628 1.0
372.277 3.459 1.0
379.516 2.316 1.0
387.062 3.669 1.0
395.20899999999995 2.523 1.0
399.566 3.565 2.0
404.97999999999996 3.252 1.0
410.87899999999996 3.253 2.0
417.516 2.316 3.0
425.897 2.835 4.0
432.981 3.251 1.0
441.46799999999996 3.564 2.0
