5.929 2.103 0.0
11.713000000000001 2.519 1.0
21.308000000000003 2.624 2.0
28.695999999999998 2.936 1.0
34.29 3.042 2.0
43.037 1.8960000000000004 3.0
51.60999999999999 2.624 1.0
60.405 2.728 1.0
68.321 2.312 2.0
73.821 2.312 1.0
78.711 2.522 2.0
85.026 2.207 3.0
92.51299999999999 2.52 1.0
100.322 2.311 1.0
106.91099999999999 2.622 1.0
115.84799999999998 1.685 2.0
123.39099999999999 3.143 1.0
130.32199999999997 2.312 1.0
138.153 1.4810000000000003 1.0
143.419 2.315 2.0
148.817 2.518 1.0
153.89000000000001 3.146 2.0
163.784 0.8530000000000002 3.0
167.61700000000002 2.517 1.0
176.229 2.105 2.0
180.904 2.83 1.0
186.598 2.936 1.0
196.791 0.6439999999999997 1.0
204.443 1.7919999999999998 1.0
211.517 2.518 2.0
217.911 2.624 3.0
228.541 1.8939999999999997 4.0
233.32299999999998 2.312 1.0
242.017 2.518 1.0
251.013 2.623 2.0
260.001 2.52 3.0
266.23400000000004 1.6880000000000002 1.0
272.346 1.4769999999999999 1.0
281.26599999999996 0.9580000000000002 2.0
285.216 2.209 1.0
291.834 1.7919999999999998 2.0
300.146 1.5819999999999999 1.0
304.517 2.312 2.0
311.92 2.31 1.0
321.01099999999997 2.521 2.0
328.339 1.7939999999999996 3.0
333.926 2.311 4.0
339.62899999999996 2.208 1.0
348.897 2.523 1.0
357.64599999999996 1.1749999999999998 2.0
361.69699999999995 2.625 3.0
372.898 2.626 1.0
378.101 2.624 1.0
384.59799999999996 2.728 1.0
391.22999999999996 1.8969999999999998 2.0
398.03700000000003 1.7910000000000004 1.0
404.046 1.483 1.0
409.34499999999997 1.685 1.0
414.00699999999995 2.624 1.0
423.422 2.311 1.0
431.362 1.2719999999999998 2.0
434.801 2.834 3.0
442.607 2.416 1.0
