4.693 3.355 0.0
12.667 3.564 1.0
22.682 3.149 1.0
27.764999999999997 3.667 1.0
35.976 3.357 1.0
41.868 3.666 2.0
47.067 3.668 3.0
52.777 3.459 4.0
58.059000000000005 3.7720000000000002 5.0
67.264 3.667 6.0
75.56099999999999 3.771 1.0
82.36500000000001 3.567 1.0
89.165 3.667 1.0
95.07300000000001 3.459 1.0
100.671 3.461 2.0
107.47099999999999 3.5620000000000003 3.0
114.677 3.355 4.0
120.373 3.459 5.0
126.88599999999998 3.147 1.0
134.373 3.461 1.0
139.77 3.565 1.0
145.48499999999999 3.251 1.0
151.078 3.355 2.0
158.779 3.254 3.0
166.37800000000001 3.355 4.0
173.671 3.4619999999999997 5.0
183.19699999999997 2.836 6.0
192.481 3.252 7.0
197.682 3.251 8.0
205.691 3.043 1.0
215.17600000000002 3.458 2.0
222.88600000000002 3.148 1.0
229.69600000000003 2.938 2.0
234.687 3.148 1.0
241.30899999999997 2.627 1.0
247.177 3.46 2.0
253.696 2.939 1.0
259.184 3.15 1.0
268.613 2.522 1.0
273.385 3.25 2.0
280.432 2.003 3.0
286.892 3.043 4.0
295.58299999999997 3.252 1.0
301.621 2.314 1.0
310.824 2.2119999999999997 2.0
317.992 3.044 3.0
326.111 2.525 4.0
332.107 2.628 5.0
339.606 2.731 1.0
347.774 3.564 2.0
357.489 3.147 3.0
363.9 2.836 1.0
371.50899999999996 2.627 2.0
380.69599999999997 2.731 1.0
386.79200000000003 2.836 2.0
391.379 3.25 3.0
397.31 2.42 4.0
401.875 3.356 5.0
408.27399999999994 3.458 1.0
417.623 2.211 2.0
423.109 2.628 3.0
427.48499999999996 3.252 1.0
432.97299999999996 3.148 1.0
442.602 2.419 2.0
