5.63 2.42 0.0
9.675 3.357 1.0
18.792 3.042 1.0
24.273 3.5620000000000003 1.0
31.096999999999998 2.939 2.0
38.192 2.732 3.0
45.696 2.628 1.0
53.767 3.458 1.0
59.776999999999994 3.148 2.0
65.775 3.251 3.0
71.27199999999999 3.355 4.0
80.584 3.044 5.0
90.383 3.147 1.0
96.57300000000001 3.458 1.0
104.67799999999998 3.355 2.0
111.98799999999999 3.0460000000000003 1.0
118.415 2.32 2.0
122.877 3.459 1.0
130.085 2.941 1.0
135.276 3.25 2.0
145.207 2.419 3.0
149.578 3.148 4.0
155.169 3.357 1.0
161.701 2.525 2.0
165.872 3.355 3.0
173.006 2.4219999999999997 4.0
181.67300000000003 3.356 5.0
189.593 2.838 6.0
197.769 3.5629999999999997 1.0
206.50600000000003 2.628 1.0
211.785 3.15 2.0
218.97299999999998 3.5629999999999997 1.0
225.089 2.839 1.0
232.573 3.254 2.0
239.50600000000003 2.421 3.0
247.21699999999998 2.211 1.0
254.375 3.252 2.0
261.968 3.46 1.0
269.67 3.3579999999999997 2.0
276.09499999999997 2.836 1.0
282.402 2.629 2.0
287.27299999999997 3.3579999999999997 3.0
294.65999999999997 1.1719999999999997 4.0
301.307 2.627 1.0
305.781 3.354 1.0
314.593 2.943 2.0
319.67199999999997 3.357 3.0
327.308 2.629 4.0
332.283 3.146 5.0
337.898 2.731 6.0
346.58200000000005 3.147 7.0
351.575 3.254 8.0
360.564 3.565 9.0
368.279 3.25 1.0
377.889 2.941 2.0
383.291 2.94 1.0
389.58 3.252 2.0
397.178 3.356 1.0
402.99100000000004 3.044 2.0
411.99 2.941 3.0
420.10999999999996 2.42 4.0
426.085 3.045 5.0
435.577 3.253 1.0
441.56899999999996 3.461 1.0
