4.484 3.5620000000000003 0.0
13.165 3.665 1.0
20.660999999999998 3.77 1.0
26.261999999999997 3.77 1.0
32.071000000000005 3.5620000000000003 1.0
40.901 2.833 2.0
45.263000000000005 3.5620000000000003 3.0
51.683 3.042 1.0
61.900999999999996 2.524 2.0
67.66 3.665 1.0
74.486 3.04 1.0
81.25999999999999 3.665 1.0
88.26 3.666 1.0
94.35700000000001 3.77 2.0
100.48099999999998 3.147 3.0
108.187 3.042 1.0
114.09400000000001 2.937 2.0
120.902 2.73 3.0
128.084 0.7489999999999997 4.0
135.087 3.0469999999999997 1.0
143.5 2.626 2.0
149.984 3.042 1.0
154.965 3.5620000000000003 2.0
164.89 2.937 1.0
170.30200000000002 2.625 1.0
177.474 3.3529999999999998 2.0
183.395 2.832 3.0
188.066 3.561 4.0
194.565 3.5629999999999997 1.0
200.668 3.561 2.0
209.7 2.731 1.0
215.674 3.458 2.0
223.267 3.666 1.0
232.786 3.249 2.0
240.486 3.042 1.0
248.51 2.418 1.0
252.156 3.7720000000000002 1.0
260.59000000000003 2.938 1.0
266.812 2.416 1.0
275.397 2.731 1.0
283.67 3.459 1.0
289.483 3.145 1.0
298.07399999999996 3.456 1.0
303.67499999999995 3.456 1.0
313.17100000000005 3.561 2.0
323.802 2.832 3.0
329.81399999999996 2.521 1.0
338.18100000000004 3.248 1.0
343.90000000000003 2.729 2.0
352.28 3.25 3.0
359.213 2.417 1.0
364.93399999999997 1.8960000000000004 2.0
370.97900000000004 3.251 3.0
376.68800000000005 3.042 4.0
383.395 2.935 1.0
389.17900000000003 3.251 1.0
395.485 3.145 2.0
403.805 2.626 3.0
409.18899999999996 3.043 4.0
414.369 3.564 1.0
421.969 3.666 2.0
428.486 3.145 3.0
433.589 3.042 1.0
441.571 3.46 1.0
