4.800999999999999 3.253 0.0
9.573 3.459 1.0
16.936 1.697 1.0
20.573 3.564 1.0
26.179 3.3579999999999997 2.0
31.881999999999998 3.355 1.0
37.561 3.46 2.0
46.974 3.148 3.0
53.012 2.211 4.0
58.66499999999999 3.459 1.0
68.796 2.63 1.0
78.084 3.044 1.0
83.676 3.252 2.0
91.272 3.258 3.0
98.682 3.25 1.0
106.73400000000001 1.798 2.0
111.378 3.356 1.0
118.27900000000001 3.356 1.0
126.788 3.251 2.0
134.05900000000003 3.4619999999999997 1.0
139.163 3.459 1.0
149.315 2.108 2.0
154.27200000000002 3.253 1.0
164.382 3.044 2.0
172.063 3.565 3.0
177.76799999999997 3.46 1.0
184.471 3.459 2.0
192.37000000000003 3.564 1.0
197.87 3.4619999999999997 1.0
205.98399999999998 3.149 2.0
215.33200000000002 1.903 3.0
220.91799999999998 2.418 1.0
226.672 3.252 2.0
235.873 3.15 1.0
242.191 2.734 1.0
248.88000000000002 3.045 2.0
253.883 3.044 3.0
259.675 3.254 1.0
268.468 3.461 2.0
275.38700000000006 3.042 3.0
284.07699999999994 3.254 1.0
291.77000000000004 3.4619999999999997 1.0
298.966 3.667 1.0
309.81600000000003 2.419 1.0
316.689 3.147 1.0
324.17400000000004 3.251 1.0
329.267 3.357 2.0
336.303 2.4219999999999997 1.0
343.083 3.042 2.0
348.157 3.668 3.0
353.56600000000003 3.46 4.0
361.638 1.589 1.0
365.07400000000007 3.354 1.0
370.776 3.153 1.0
376.17299999999994 3.357 2.0
382.924 2.1069999999999998 3.0
391.09700000000004 2.836 4.0
396.67400000000004 3.46 1.0
402.683 3.152 2.0
413.861 1.275 3.0
423.16700000000003 0.859 4.0
434.282 3.044 1.0
441.984 3.043 2.0
