5.935 2.109 0.0
9.872 3.5629999999999997 1.0
17.707 2.628 1.0
26.503 2.732 1.0
35.090999999999994 3.045 2.0
40.696999999999996 2.939 3.0
49.277 3.459 4.0
55.27400000000001 3.5620000000000003 5.0
64.362 3.357 6.0
72.797 2.524 7.0
79.082 2.94 8.0
87.931 1.6919999999999997 9.0
94.187 2.8369999999999997 10.0
104.275 0.5510000000000002 1.0
111.10200000000002 2.835 2.0
117.27799999999999 3.251 1.0
122.172 3.3579999999999997 1.0
128.481 3.25 2.0
135.972 0.9649999999999999 3.0
139.285 3.148 1.0
147.496 2.938 2.0
153.70299999999997 2.835 3.0
160.444 1.693 1.0
175.86700000000002 3.355 2.0
185.56799999999998 3.3579999999999997 1.0
192.98600000000002 2.939 2.0
202.24 1.487 3.0
206.37900000000002 3.148 1.0
214.88 0.5489999999999999 2.0
221.063 3.667 3.0
227.184 3.147 1.0
233.594 2.939 2.0
242.41600000000003 2.523 1.0
248.215 2.42 1.0
253.60399999999998 2.732 2.0
266.85699999999997 0.9660000000000002 3.0
271.96599999999995 3.357 4.0
277.068 3.355 5.0
282.676 3.148 1.0
288.04900000000004 3.376 1.0
293.17 3.356 1.0
300.574 3.356 2.0
308.174 3.355 3.0
316.871 3.46 4.0
325.255 1.2769999999999997 5.0
339.60400000000004 2.63 1.0
347.831 2.109 1.0
356.77700000000004 3.0460000000000003 1.0
363.87 3.354 1.0
372.226 1.8980000000000001 2.0
376.36400000000003 3.564 3.0
383.27 3.255 4.0
390.86299999999994 3.564 5.0
397.09400000000005 2.835 1.0
401.67 3.459 1.0
408.295 2.835 1.0
414.222 2.108 2.0
418.37 3.4619999999999997 1.0
424.90200000000004 2.6310000000000002 1.0
432.37800000000004 3.356 1.0
442.721 2.315 2.0
