4.888999999999999 3.161 0.0
11.190999999999999 2.543 1.0
20.110999999999997 1.8239999999999998 2.0
27.741 0.895 1.0
31.708000000000006 1.9249999999999998 2.0
36.382000000000005 2.851 3.0
46.516000000000005 1.617 4.0
55.909 1.9249999999999998 1.0
61.605999999999995 2.028 2.0
68.012 1.722 3.0
72.083 2.851 4.0
78.386 2.748 5.0
87.833 1.1010000000000004 6.0
93.124 1.4100000000000001 7.0
100.608 2.0269999999999997 1.0
105.793 2.3409999999999997 1.0
112.925 1.4100000000000001 2.0
119.489 2.647 3.0
129.149 0.6880000000000002 4.0
136.229 1.2060000000000004 1.0
142.806 2.029 2.0
148.30900000000003 1.9260000000000002 3.0
156.99099999999999 2.544 4.0
166.641 0.7939999999999996 5.0
174.905 2.13 1.0
184.52399999999997 1.412 2.0
190.99399999999997 2.542 1.0
196.79299999999998 2.543 2.0
206.92 1.516 1.0
213.43899999999996 0.9969999999999999 1.0
226.431 1.307 2.0
232.012 1.4100000000000001 3.0
237.91799999999998 1.205 1.0
245.683 2.542 1.0
253.312 1.4139999999999997 2.0
260.024 0.9039999999999999 3.0
265.398 2.13 4.0
272.021 1.616 1.0
276.083 2.647 1.0
286.632 1.1 1.0
291.726 1.2069999999999999 1.0
297.335 0.9989999999999997 2.0
302.116 1.721 3.0
306.483 2.854 4.0
316.193 2.028 1.0
323.091 2.131 2.0
330.71200000000005 1.411 3.0
336.299 1.9249999999999998 1.0
341.404 1.8210000000000002 2.0
346.698 2.028 3.0
353.965 3.162 1.0
361.67100000000005 3.058 2.0
368.521 1.3080000000000003 3.0
374.132 0.8989999999999996 1.0
378.469 3.162 2.0
387.212 1.8210000000000002 1.0
396.699 2.2359999999999998 1.0
405.98699999999997 2.235 1.0
412.78399999999993 2.338 2.0
419.46 3.162 1.0
428.57200000000006 2.852 1.0
433.76099999999997 3.2640000000000002 2.0
441.76 3.266 3.0
