5.0920000000000005 2.935 0.0
10.661 3.566 1.0
19.171 3.456 1.0
27.066 3.5620000000000003 2.0
32.973 3.456 3.0
38.778000000000006 3.3520000000000003 1.0
45.57 3.561 2.0
53.471 3.561 1.0
60.87 3.5629999999999997 2.0
69.877 3.458 3.0
77.373 3.455 1.0
82.474 3.354 2.0
89.071 3.457 3.0
98.06599999999999 3.5620000000000003 1.0
104.26499999999999 3.5629999999999997 1.0
113.68599999999999 3.042 1.0
122.466 3.5620000000000003 1.0
128.07 3.459 1.0
136.97 3.56 2.0
145.08499999999998 3.247 3.0
154.566 3.667 1.0
160.27 3.665 2.0
168.27800000000002 3.251 3.0
174.869 3.56 4.0
184.077 3.252 5.0
193.46800000000002 3.561 6.0
199.285 3.145 1.0
204.678 3.3520000000000003 1.0
210.39100000000002 3.039 1.0
217.574 3.456 1.0
223.177 3.3529999999999998 1.0
229.274 3.456 1.0
237.374 3.457 2.0
244.774 3.459 3.0
251.482 3.3520000000000003 4.0
256.375 3.56 1.0
265.273 3.457 2.0
270.577 3.354 3.0
279.09 3.041 4.0
284.575 3.456 1.0
289.965 3.666 1.0
299.692 3.039 2.0
304.36899999999997 3.5620000000000003 1.0
311.96599999999995 3.665 1.0
317.27 3.561 2.0
323.578 3.3529999999999998 3.0
330.39 3.142 1.0
335.666 3.666 2.0
340.877 3.456 1.0
346.08200000000005 3.3520000000000003 2.0
355.59000000000003 3.145 1.0
360.881 3.351 2.0
368.166 3.666 3.0
377.97399999999993 3.458 1.0
383.971 3.561 2.0
390.38199999999995 3.25 1.0
396.189 3.144 2.0
402.672 3.561 1.0
408.586 3.247 1.0
413.87600000000003 3.457 1.0
420.086 3.247 1.0
426.273 3.56 2.0
434.177 3.456 1.0
441.786 3.248 2.0
