5.71 2.338 0.0
10.774000000000001 2.957 1.0
16.071 3.161 1.0
22.407 2.026 2.0
32.12 1.617 1.0
38.695 2.025 2.0
47.160000000000004 3.161 3.0
55.787000000000006 2.336 1.0
61.381 2.543 1.0
66.259 3.2649999999999997 1.0
75.775 2.851 2.0
85.78599999999999 2.542 3.0
94.792 2.438 4.0
104.098 2.233 1.0
110.01100000000001 1.721 1.0
115.26599999999999 3.367 1.0
122.195 2.439 1.0
128.482 2.853 2.0
136.98000000000002 2.542 3.0
141.66 3.262 4.0
151.897 2.026 5.0
160.075 2.749 1.0
164.868 3.058 2.0
172.927 1.0989999999999998 1.0
176.16000000000003 3.367 1.0
183.46099999999998 3.4699999999999998 1.0
191.572 3.058 2.0
199.791 2.44 3.0
204.78600000000003 2.646 4.0
213.899 2.335 5.0
218.68600000000004 2.748 1.0
226.466 3.057 1.0
235.403 1.7200000000000002 2.0
240.47099999999998 2.852 1.0
246.902 1.9210000000000003 2.0
251.879 2.645 3.0
258.264 3.161 1.0
264.685 2.441 2.0
273.885 2.543 1.0
279.474 3.0549999999999997 2.0
285.981 2.749 1.0
291.395 2.336 1.0
296.378 2.9539999999999997 2.0
303.08399999999995 2.749 3.0
308.873 3.161 1.0
314.779 3.056 2.0
323.621 1.6150000000000002 3.0
327.871 2.9539999999999997 1.0
335.678 2.647 2.0
343.28000000000003 2.645 1.0
351.577 2.748 1.0
358.591 2.335 2.0
365.77099999999996 2.956 1.0
374.08600000000007 2.542 2.0
380.069 3.161 3.0
390.51399999999995 1.617 1.0
396.62199999999996 1.4100000000000001 2.0
405.186 2.75 3.0
412.026 1.4089999999999998 1.0
419.82899999999995 0.9969999999999999 1.0
427.52 1.306 2.0
430.56199999999995 3.2640000000000002 3.0
436.662 3.2640000000000002 1.0
441.865 3.161 1.0
