5.718999999999999 2.315 0.0
13.815999999999999 2.419 1.0
22.084999999999997 3.041 2.0
28.57 3.456 3.0
34.183 3.043 1.0
39.078 3.248 2.0
44.78600000000001 2.94 3.0
51.974999999999994 3.252 4.0
63.23199999999999 1.895 5.0
72.22900000000001 1.999 1.0
78.173 3.457 2.0
89.02000000000001 2.311 1.0
94.09400000000001 2.938 2.0
102.319 2.315 3.0
109.151 1.5839999999999996 1.0
114.01400000000001 2.313 2.0
121.207 2.521 3.0
131.975 0.8530000000000002 4.0
135.59199999999998 2.936 5.0
143.279 0.7489999999999997 1.0
146.486 3.042 1.0
153.72599999999997 2.002 1.0
160.379 3.249 1.0
167.455 1.2739999999999996 1.0
171.49900000000002 2.73 1.0
181.62199999999999 2.209 2.0
191.044 1.6889999999999996 3.0
196.01500000000001 2.419 4.0
201.594 3.041 1.0
209.871 0.8580000000000001 2.0
214.81400000000002 2.415 1.0
220.686 3.143 2.0
227.86300000000003 1.1660000000000004 1.0
234.454 1.275 1.0
239.02 2.209 1.0
243.782 3.247 1.0
252.63100000000003 1.9980000000000002 1.0
262.246 1.6839999999999997 1.0
266.505 2.625 2.0
271.898 2.832 1.0
278.941 1.79 2.0
282.979 3.3529999999999998 1.0
290.99600000000004 2.938 1.0
299.487 0.548 2.0
303.086 3.144 1.0
312.303 2.727 1.0
321.30400000000003 2.727 2.0
326.788 3.042 3.0
334.59 3.041 4.0
344.829 2.102 5.0
352.62 2.311 1.0
357.308 2.623 2.0
363.72599999999994 2.105 1.0
372.734 1.9969999999999999 2.0
378.275 3.457 1.0
389.07 1.0639999999999996 1.0
395.01500000000004 2.52 1.0
403.02299999999997 2.209 1.0
408.335 1.8969999999999998 1.0
414.726 2.106 2.0
421.31699999999995 2.415 3.0
428.804 2.728 1.0
436.48699999999997 3.145 2.0
442.615 2.417 3.0
