4.885 3.16 0.0
10.861 3.3659999999999997 1.0
20.355 3.572 2.0
28.159 3.4690000000000003 1.0
34.58 2.749 2.0
43.417 1.513 3.0
51.996 2.2359999999999998 1.0
60.693000000000005 2.44 1.0
68.709 1.9260000000000002 2.0
74.108 2.028 1.0
79.40500000000002 1.823 2.0
84.993 2.235 3.0
92.69099999999999 2.3369999999999997 1.0
99.05599999999998 3.572 1.0
106.264 3.2640000000000002 1.0
114.16199999999999 3.367 2.0
122.75099999999999 3.778 1.0
129.158 3.471 1.0
136.778 2.852 1.0
142.364 3.367 1.0
148.066 3.266 2.0
153.45899999999997 3.574 3.0
162.29899999999998 2.336 4.0
167.283 2.852 1.0
174.757 3.573 2.0
180.672 3.058 1.0
186.266 3.2640000000000002 1.0
194.166 3.2640000000000002 1.0
202.862 3.368 1.0
210.456 3.574 2.0
216.855 3.675 1.0
227.887 2.543 2.0
232.98499999999999 2.645 1.0
241.98700000000002 2.545 2.0
250.57600000000002 3.058 3.0
259.478 3.057 4.0
265.08299999999997 2.853 1.0
271.39199999999994 2.439 1.0
279.277 2.9539999999999997 2.0
284.37399999999997 3.057 1.0
290.883 2.748 2.0
298.67199999999997 3.059 1.0
303.66999999999996 3.161 2.0
310.762 3.4699999999999998 1.0
320.269 3.263 1.0
327.283 2.849 1.0
333.277 2.955 1.0
338.774 3.058 2.0
348.788 2.646 1.0
355.87899999999996 2.956 2.0
361.067 3.2649999999999997 1.0
367.476 3.057 1.0
372.886 2.647 1.0
377.366 3.367 2.0
384.79100000000005 2.542 3.0
389.66400000000004 3.4690000000000003 4.0
397.391 2.4419999999999997 1.0
402.16700000000003 3.3659999999999997 1.0
408.182 2.851 1.0
413.059 3.574 1.0
422.161 3.572 1.0
429.06100000000004 3.572 2.0
434.16400000000004 3.4690000000000003 3.0
441.667 3.367 1.0
