5.417999999999999 2.626 0.0
12.978 3.249 1.0
22.785999999999998 3.041 2.0
28.593 2.834 3.0
36.183 3.144 4.0
42.066 3.461 1.0
47.27 3.458 2.0
52.981 3.248 3.0
58.478 3.3520000000000003 4.0
67.369 3.5620000000000003 1.0
76.91799999999999 2.415 2.0
82.374 3.56 3.0
89.88799999999999 2.94 4.0
95.797 2.731 1.0
100.98399999999998 3.144 2.0
107.98799999999999 3.04 3.0
114.98499999999999 3.043 1.0
120.36899999999999 3.459 1.0
126.88199999999999 3.146 1.0
134.576 3.252 1.0
140.287 3.041 1.0
145.79299999999998 2.935 1.0
150.869 3.56 2.0
159.722 2.309 1.0
166.481 3.251 1.0
174.093 3.04 1.0
183.202 2.833 1.0
192.793 2.936 2.0
198.722 2.207 3.0
205.89700000000002 2.832 4.0
215.485 3.144 1.0
223.407 2.623 1.0
229.381 3.249 2.0
234.685 3.145 1.0
240.994 2.936 2.0
247.378 3.252 1.0
253.588 3.042 1.0
258.768 3.5629999999999997 1.0
268.406 2.727 1.0
273.488 3.146 1.0
278.874 3.561 1.0
286.264 3.666 2.0
296.62399999999997 2.207 3.0
300.577 3.354 1.0
309.575 3.456 1.0
317.469 3.5620000000000003 1.0
325.48699999999997 3.144 1.0
332.001 2.73 1.0
339.80799999999994 2.523 2.0
348.289 3.042 3.0
357.17599999999993 3.456 4.0
363.483 3.25 1.0
372.442 1.6919999999999997 2.0
380.39099999999996 3.041 1.0
388.2579999999999 1.3739999999999997 2.0
393.56999999999994 1.0619999999999998 3.0
396.585 3.147 4.0
401.98299999999995 3.249 5.0
408.37699999999995 3.355 1.0
416.895 2.937 2.0
424.561 1.1710000000000003 1.0
429.147 1.5860000000000003 2.0
432.88200000000006 3.251 3.0
442.098 2.935 1.0
