271.87199999999996 3.459 0.0
277.783 3.149 1.0
284.97499999999997 3.357 2.0
290.684 3.251 3.0
299.269 3.566 1.0
307.673 3.5629999999999997 2.0
315.89199999999994 2.939 1.0
324.478 3.253 1.0
333.68199999999996 3.149 1.0
4.578 3.4699999999999998 0.0
10.453 3.778 1.0
18.854 3.779 2.0
27.165 3.4690000000000003 3.0
32.554 3.8810000000000002 1.0
38.352 3.779 2.0
45.454 3.677 1.0
53.666000000000004 3.365 1.0
60.859 3.572 1.0
69.655 3.676 1.0
77.36200000000001 3.4690000000000003 2.0
82.361 3.4699999999999998 3.0
88.754 3.778 4.0
98.06 3.572 1.0
104.569 3.263 2.0
113.05799999999999 3.675 1.0
122.461 3.573 1.0
128.066 3.4690000000000003 1.0
136.85600000000002 3.676 2.0
144.45 3.882 3.0
154.558 3.675 1.0
160.363 3.573 1.0
167.754 3.779 2.0
174.551 3.882 1.0
183.658 3.675 1.0
193.356 3.677 1.0
198.654 3.779 1.0
204.254 3.779 1.0
209.65600000000003 3.778 2.0
217.56500000000003 3.4690000000000003 3.0
223.066 3.4690000000000003 1.0
229.16199999999998 3.574 2.0
237.053 3.7809999999999997 3.0
244.45600000000002 3.778 1.0
250.953 3.8810000000000002 1.0
256.67400000000004 3.263 1.0
265.264 3.4699999999999998 1.0
270.26 3.677 1.0
278.35699999999997 3.778 2.0
284.153 3.882 1.0
289.85699999999997 3.778 1.0
299.06000000000006 3.674 2.0
304.67199999999997 3.2640000000000002 3.0
311.96 3.675 4.0
317.26 3.575 1.0
323.367 3.572 2.0
329.76 3.778 3.0
335.456 3.882 4.0
340.65999999999997 3.675 5.0
345.65799999999996 3.778 6.0
354.95799999999997 3.778 1.0
360.455 3.7809999999999997 2.0
368.058 3.778 3.0
377.657 3.779 4.0
383.86 3.676 5.0
389.96 3.676 1.0
395.45200000000006 3.8810000000000002 2.0
402.45799999999997 3.778 1.0
408.161 3.675 2.0
413.661 3.676 3.0
419.541 3.779 4.0
426.24699999999996 3.574 5.0
433.84399999999994 3.778 6.0
441.351 3.673 1.0
