279.275 3.357 0.0
285.277 3.355 1.0
292.965 3.668 2.0
299.082 3.252 3.0
304.283 3.252 4.0
311.473 3.46 1.0
320.09999999999997 2.733 1.0
325.102 2.731 2.0
331.669 3.5629999999999997 1.0
5.505 2.542 0.0
11.96 3.4690000000000003 1.0
18.578 2.852 2.0
24.807000000000002 1.822 3.0
33.186 2.544 4.0
38.675000000000004 2.955 1.0
44.897000000000006 2.233 1.0
52.179 2.751 2.0
62.519 1.411 1.0
66.375 3.056 1.0
72.496 2.336 1.0
77.27600000000001 3.157 2.0
83.486 2.648 1.0
87.765 3.4699999999999998 1.0
94.186 2.75 1.0
102.114 1.717 2.0
105.87100000000001 3.16 1.0
112.771 3.16 2.0
122.99600000000001 2.235 1.0
127.79000000000002 2.441 2.0
135.077 2.9539999999999997 3.0
143.876 3.057 1.0
151.27400000000003 3.057 2.0
157.287 2.646 1.0
164.47400000000002 3.058 2.0
170.085 2.647 3.0
175.289 2.544 1.0
183.47000000000003 3.2649999999999997 1.0
193.37500000000003 3.057 1.0
199.796 2.436 2.0
205.06500000000003 3.367 3.0
213.988 2.544 1.0
219.986 2.647 1.0
227.279 2.9539999999999997 1.0
235.279 2.9539999999999997 2.0
242.97299999999998 3.16 3.0
250.672 3.161 4.0
257.272 3.161 1.0
266.19399999999996 2.439 2.0
276.401 2.133 3.0
282.801 2.235 4.0
291.49300000000005 2.441 1.0
297.385 2.749 1.0
306.47 3.2640000000000002 1.0
312.18100000000004 2.9530000000000003 2.0
319.806 2.028 1.0
326.48 2.9539999999999997 1.0
331.17100000000005 3.263 1.0
337.886 2.748 1.0
346.17 3.2640000000000002 1.0
355.98400000000004 2.75 2.0
361.485 2.75 1.0
367.085 2.852 2.0
373.196 2.339 1.0
379.514 1.822 2.0
385.779 3.058 3.0
393.294 2.541 1.0
399.393 2.543 1.0
406.61100000000005 1.924 1.0
415.504 2.131 1.0
421.978 3.058 2.0
427.375 3.16 3.0
436.599 2.3369999999999997 4.0
442.081 2.955 1.0
