5.208 2.853 0.0
11.681000000000001 2.5460000000000003 1.0
19.006999999999998 1.722 1.0
25.811 1.819 1.0
33.989 2.4419999999999997 2.0
39.388 2.544 1.0
46.783 2.75 2.0
56.199 2.336 3.0
63.69 2.235 4.0
69.28399999999999 2.34 5.0
74.389 2.235 1.0
83.279 2.647 2.0
88.88799999999999 2.2359999999999998 1.0
102.38500000000002 2.4419999999999997 1.0
109.286 2.4419999999999997 1.0
114.289 2.44 1.0
122.67699999999999 2.9530000000000003 2.0
129.686 2.545 1.0
134.573 3.16 2.0
141.081 2.852 3.0
147.602 2.233 4.0
152.382 2.9539999999999997 1.0
158.479 2.646 2.0
166.865 3.16 1.0
173.995 2.13 2.0
181.365 3.16 1.0
189.29 2.235 1.0
194.79300000000003 2.134 2.0
202.07299999999998 2.955 1.0
209.50900000000001 1.7200000000000002 1.0
217.99 2.34 1.0
225.482 2.75 2.0
235.075 3.058 1.0
244.204 2.131 1.0
253.892 2.134 1.0
258.787 2.6390000000000002 2.0
269.43 0.8969999999999998 3.0
274.463 3.2640000000000002 4.0
280.581 2.646 5.0
292.163 3.2640000000000002 1.0
298.396 2.1319999999999997 1.0
303.47800000000007 2.751 2.0
311.294 2.336 1.0
317.098 2.133 2.0
325.214 1.6180000000000003 3.0
329.98900000000003 2.544 4.0
337.90200000000004 2.133 1.0
343.414 1.822 1.0
350.797 2.03 1.0
359.004 1.8239999999999998 2.0
365.36400000000003 3.2640000000000002 3.0
372.88800000000003 2.44 4.0
378.81300000000005 1.6150000000000002 5.0
384.099 2.129 1.0
391.723 1.105 1.0
397.882 2.747 1.0
407.182 2.748 2.0
412.78000000000003 2.751 1.0
418.28999999999996 2.4419999999999997 1.0
423.07000000000005 3.263 2.0
433.08 2.855 3.0
442.485 2.544 1.0
