4.583 3.461 0.0
10.878 3.356 1.0
16.287 3.148 2.0
22.081 3.355 1.0
31.567999999999998 3.459 2.0
39.068 3.459 3.0
48.378 3.149 4.0
55.770999999999994 3.356 1.0
62.195 2.732 2.0
67.168 3.46 3.0
73.186 2.942 1.0
78.478 3.251 1.0
85.276 3.355 1.0
90.78000000000002 3.252 2.0
100.67899999999999 3.254 3.0
110.19 3.044 1.0
116.57900000000001 3.357 2.0
122.297 2.731 1.0
126.98599999999999 3.043 1.0
133.08499999999998 3.043 1.0
139.37199999999999 3.356 1.0
145.273 3.356 1.0
151.282 3.147 1.0
157.18499999999997 2.943 1.0
165.982 3.0460000000000003 1.0
173.27100000000002 3.3579999999999997 1.0
179.097 2.733 2.0
183.77899999999997 3.252 1.0
191.479 3.253 1.0
201.07800000000003 3.356 1.0
208.774 3.461 1.0
216.27300000000002 3.356 1.0
222.582 3.148 1.0
228.084 3.146 1.0
235.376 3.254 1.0
241.607 2.523 2.0
245.878 3.252 3.0
251.18599999999998 3.044 1.0
259.286 3.044 2.0
264.97299999999996 3.458 3.0
271.87199999999996 3.459 1.0
277.783 3.149 1.0
284.97499999999997 3.357 2.0
290.684 3.251 1.0
299.269 3.566 1.0
307.673 3.5629999999999997 2.0
315.89199999999994 2.939 3.0
324.478 3.253 4.0
333.68199999999996 3.149 1.0
340.078 3.354 2.0
345.98599999999993 3.146 1.0
351.97499999999997 3.357 1.0
360.068 3.463 2.0
367.091 2.941 1.0
374.779 3.253 2.0
382.579 3.253 1.0
391.57 3.564 2.0
397.28000000000003 3.255 1.0
403.069 3.667 2.0
411.175 3.458 3.0
420.377 3.356 4.0
429.279 3.254 5.0
434.571 3.4619999999999997 6.0
442.19800000000004 2.835 1.0
5.5089999999999995 2.543 1.0
12.377 3.058 1.0
19.073 3.263 1.0
27.967 3.2649999999999997 2.0
33.858 3.574 3.0
41.767999999999994 3.2640000000000002 1.0
48.263 3.3689999999999998 2.0
57.965 3.367 1.0
63.669 3.1630000000000003 1.0
4.787 3.2649999999999997 1.0
10.357999999999999 3.676 1.0
15.859000000000002 3.675 1.0
25.664 3.4699999999999998 1.0
35.461 3.573 1.0
41.858 3.676 1.0
48.062 3.573 2.0
56.27 3.3659999999999997 1.0
61.065 3.572 1.0
4.611000000000001 3.4699999999999998 1.0
9.951 3.7800000000000002 1.0
16.36 3.572 1.0
21.457000000000004 3.676 1.0
26.765 3.4690000000000003 1.0
34.969 3.3659999999999997 2.0
40.154 3.675 3.0
49.25299999999999 3.676 1.0
55.854 3.675 2.0
4.578 3.4699999999999998 1.0
10.453 3.778 1.0
18.854 3.779 2.0
27.165 3.4690000000000003 1.0
32.554 3.8810000000000002 1.0
38.352 3.779 2.0
45.454 3.677 3.0
53.666000000000004 3.365 4.0
60.859 3.572 1.0
