5.1979999999999995 2.851 0.0
10.68 2.75 1.0
17.269 3.162 2.0
26.884999999999998 2.646 1.0
33.273 2.958 2.0
40.987 2.646 3.0
45.673 3.16 1.0
52.205 2.129 1.0
60.178000000000004 3.058 1.0
67.39300000000001 2.338 1.0
73.596 2.235 1.0
78.281 2.75 1.0
83.47800000000001 3.0540000000000003 1.0
89.07800000000002 2.9539999999999997 2.0
94.96900000000001 3.263 3.0
103.574 3.058 4.0
112.49900000000001 2.233 5.0
116.96300000000001 3.4690000000000003 6.0
127.602 2.13 7.0
133.584 2.748 1.0
140.486 2.747 2.0
147.38899999999998 2.746 3.0
152.769 3.367 1.0
158.382 2.851 1.0
164.17799999999997 2.955 2.0
170.29699999999997 2.336 3.0
174.677 2.956 4.0
182.48899999999998 2.644 1.0
191.82 1.513 2.0
199.373 3.26 1.0
207.381 2.852 1.0
213.07799999999997 2.955 1.0
221.493 2.44 1.0
227.10600000000002 2.028 2.0
232.293 2.441 1.0
240.98900000000003 2.545 1.0
254.57199999999997 3.3659999999999997 1.0
260.787 2.747 1.0
268.477 3.057 1.0
274.57200000000006 3.162 2.0
282.329 1.205 3.0
287.871 3.2640000000000002 1.0
293.898 2.3369999999999997 1.0
300.628 1.307 1.0
304.874 3.161 2.0
309.976 3.059 3.0
316.707 2.028 1.0
322.39599999999996 2.439 2.0
337.476 3.059 3.0
347.304 2.1319999999999997 1.0
352.47599999999994 3.161 1.0
359.10900000000004 2.13 2.0
365.977 3.059 1.0
374.78 3.161 2.0
385.087 2.439 1.0
393.00399999999996 2.1319999999999997 1.0
399.884 2.645 1.0
410.50399999999996 1.927 1.0
418.628 1.2039999999999997 1.0
425.194 2.439 1.0
435.61699999999996 1.7200000000000002 2.0
441.755 3.2649999999999997 3.0
