5.317 2.75 0.0
13.486 2.748 1.0
19.581999999999997 2.853 1.0
24.583 2.852 1.0
29.876000000000005 3.057 2.0
34.877 3.056 3.0
41.079 2.9539999999999997 4.0
47.574000000000005 3.059 1.0
53.385000000000005 2.748 1.0
62.895 2.338 1.0
67.97800000000001 2.955 2.0
74.783 2.75 1.0
82.89099999999999 2.543 2.0
88.591 2.543 1.0
95.49 2.544 1.0
102.639 0.895 1.0
108.21199999999999 1.822 2.0
114.973 3.162 3.0
124.081 2.955 1.0
132.29799999999997 2.336 2.0
137.786 2.648 1.0
143.083 2.751 2.0
153.62199999999999 1.513 1.0
158.60999999999999 1.9249999999999998 1.0
164.099 2.336 2.0
172.425 1.4100000000000001 3.0
178.714 1.8210000000000002 4.0
185.47899999999998 3.056 5.0
195.1 2.335 1.0
203.0 2.235 1.0
209.40900000000002 1.9260000000000002 2.0
214.279 3.057 1.0
220.60099999999997 2.235 2.0
229.197 2.441 1.0
233.98800000000003 2.851 2.0
244.204 1.7200000000000002 1.0
251.598 1.927 1.0
259.777 2.75 2.0
266.30699999999996 1.8210000000000002 3.0
271.597 2.2319999999999998 1.0
278.032 0.9980000000000002 1.0
283.49 2.4419999999999997 1.0
292.906 1.9260000000000002 1.0
304.04600000000005 0.6910000000000003 2.0
312.307 2.03 1.0
320.206 1.5139999999999998 1.0
324.999 1.823 2.0
330.07900000000006 2.544 1.0
339.22200000000004 1.1019999999999999 1.0
345.63 0.895 1.0
350.008 1.718 2.0
356.275 2.852 1.0
364.185 2.543 1.0
371.47900000000004 2.751 1.0
380.678 2.853 1.0
389.305 2.028 2.0
394.889 2.645 1.0
403.84400000000005 0.6910000000000003 1.0
407.59400000000005 2.544 2.0
412.957 3.2649999999999997 3.0
421.87399999999997 2.748 4.0
428.714 1.509 5.0
433.091 2.233 1.0
