5.397 2.646 0.0
13.591999999999999 2.335 1.0
20.512 1.616 1.0
27.881 2.648 1.0
35.916 1.5139999999999998 2.0
43.276 3.056 1.0
52.891 2.543 1.0
62.499 2.2359999999999998 1.0
69.78 2.646 2.0
75.382 2.544 3.0
83.59400000000001 2.133 4.0
88.58800000000001 2.339 1.0
95.99100000000001 2.336 1.0
100.269 3.058 2.0
109.17000000000002 2.957 3.0
115.39299999999999 2.235 1.0
124.574 2.956 2.0
131.89499999999998 2.336 3.0
139.69500000000002 2.3369999999999997 4.0
148.082 2.852 5.0
153.492 2.543 1.0
161.493 2.543 1.0
167.471 3.057 2.0
175.481 2.647 3.0
182.028 1.1 1.0
186.784 2.544 1.0
192.078 2.851 2.0
198.071 2.957 1.0
205.77399999999997 2.854 2.0
210.874 2.9539999999999997 1.0
217.576 2.853 1.0
225.083 2.748 1.0
232.37500000000003 3.057 1.0
238.586 2.647 2.0
243.37 3.2640000000000002 1.0
249.17999999999998 2.955 1.0
256.412 1.924 2.0
264.02500000000003 1.2039999999999997 1.0
268.276 2.853 2.0
274.47800000000007 2.751 3.0
278.961 3.368 1.0
287.082 2.748 2.0
296.388 2.742 3.0
305.408 1.822 4.0
310.284 2.647 1.0
316.097 2.233 2.0
324.195 2.336 1.0
329.695 2.3369999999999997 1.0
335.904 2.13 1.0
350.981 2.749 1.0
357.96999999999997 3.161 1.0
363.56699999999995 3.2640000000000002 2.0
372.56699999999995 3.2640000000000002 3.0
385.487 2.544 4.0
390.881 2.75 1.0
396.585 2.646 1.0
409.29499999999996 2.336 1.0
418.58099999999996 2.75 2.0
424.491 2.541 1.0
442.59400000000005 2.441 1.0
