5.297000000000001 2.749 0.0
10.674 2.9539999999999997 1.0
20.681 2.647 2.0
30.275 2.955 3.0
36.696999999999996 2.234 1.0
43.33 1.1019999999999999 1.0
47.476 3.057 1.0
55.37 3.164 1.0
61.581 2.854 2.0
66.58200000000001 2.9539999999999997 3.0
71.773 2.956 1.0
86.272 2.957 2.0
91.973 2.956 3.0
99.824 1.205 1.0
104.17 3.06 1.0
112.493 2.3369999999999997 1.0
117.98 2.85 2.0
124.464 3.266 1.0
131.09500000000003 2.2359999999999998 1.0
137.968 3.2640000000000002 2.0
147.17899999999997 2.955 3.0
154.26500000000001 3.4699999999999998 1.0
160.687 2.649 2.0
166.509 1.822 3.0
174.29399999999998 2.237 4.0
178.878 2.853 5.0
184.67699999999996 2.854 1.0
193.464 3.367 2.0
203.07399999999998 3.057 3.0
210.46499999999997 3.3659999999999997 4.0
215.761 3.4699999999999998 1.0
221.688 2.543 1.0
227.302 2.029 2.0
235.482 2.75 1.0
241.98 2.956 2.0
250.41 1.9249999999999998 1.0
257.37100000000004 3.061 2.0
262.574 3.058 1.0
271.271 3.161 2.0
280.476 2.956 3.0
287.373 3.059 4.0
295.67 3.162 1.0
301.56199999999995 3.4699999999999998 2.0
312.002 2.131 1.0
318.06100000000004 3.472 2.0
326.481 2.852 3.0
332.495 2.338 1.0
338.3 2.234 1.0
343.47499999999997 3.16 1.0
349.686 2.75 1.0
361.135 0.8980000000000001 1.0
365.885 2.749 1.0
371.385 2.749 2.0
376.884 2.75 3.0
382.387 2.647 1.0
391.59000000000003 2.544 2.0
397.481 2.853 1.0
404.47100000000006 3.263 1.0
413.609 1.9249999999999998 2.0
418.668 3.3659999999999997 1.0
426.785 2.75 1.0
432.97499999999997 3.16 2.0
444.145 0.891 1.0
