4.7780000000000005 3.251 0.0
13.891 2.939 1.0
21.805000000000003 2.627 1.0
27.407 2.626 2.0
32.593 3.041 3.0
41.30800000000001 2.416 4.0
45.573 3.251 5.0
51.891 2.833 6.0
62.322 2.102 1.0
68.17999999999999 3.144 1.0
75.417 2.1069999999999998 1.0
81.571 3.355 2.0
88.36500000000001 3.5620000000000003 3.0
94.98299999999999 3.145 4.0
101.41799999999999 2.211 1.0
108.708 2.522 2.0
114.92500000000001 2.1069999999999998 1.0
120.38499999999999 3.248 2.0
126.001 2.833 3.0
134.977 3.148 1.0
143.184 2.941 1.0
151.65200000000002 1.3730000000000002 1.0
155.58700000000002 2.939 2.0
165.202 2.624 1.0
169.885 3.041 1.0
177.89 2.936 2.0
182.978 3.249 3.0
188.16899999999998 3.459 4.0
194.88000000000002 3.249 1.0
202.43599999999998 1.7939999999999996 2.0
210.01299999999998 2.418 1.0
215.468 3.665 2.0
223.26700000000002 3.667 1.0
233.298 2.729 2.0
239.86100000000002 3.666 1.0
248.50900000000001 2.418 1.0
252.365 3.5620000000000003 1.0
260.484 3.043 1.0
266.18600000000004 3.041 1.0
275.812 2.315 1.0
283.77299999999997 3.355 2.0
289.483 3.146 3.0
298.486 3.044 4.0
303.98499999999996 3.146 5.0
313.9 2.833 1.0
323.28 3.355 1.0
328.76500000000004 3.5629999999999997 1.0
337.7610000000001 3.667 2.0
343.06600000000003 3.5620000000000003 1.0
352.588 2.94 1.0
358.17 3.458 2.0
364.20300000000003 2.626 1.0
371.60400000000004 2.625 1.0
376.58400000000006 3.145 1.0
383.28700000000003 3.042 2.0
390.531 1.8989999999999996 1.0
396.31699999999995 2.314 2.0
403.0810000000001 3.3520000000000003 3.0
408.879 3.354 1.0
415.101 2.833 2.0
422.482 3.147 1.0
429.108 2.521 2.0
433.173 3.457 3.0
441.57199999999995 3.458 1.0
