5.082000000000001 2.956 0.0
11.982000000000001 2.955 1.0
17.273 3.2640000000000002 1.0
26.365000000000002 2.955 1.0
34.955 3.467 1.0
41.154 3.4690000000000003 1.0
46.559 3.2649999999999997 1.0
53.359 3.3659999999999997 1.0
60.279 2.5469999999999997 2.0
69.07 3.058 1.0
74.461 3.368 2.0
82.36399999999999 3.266 1.0
88.385 2.747 2.0
93.17500000000001 2.957 1.0
102.98 2.854 1.0
110.17 3.2649999999999997 2.0
115.76 3.262 3.0
122.15400000000001 3.368 4.0
128.668 2.854 5.0
134.664 3.059 1.0
143.171 2.9539999999999997 2.0
151.96800000000002 3.058 1.0
161.27200000000002 2.855 1.0
166.56699999999998 3.061 1.0
175.678 2.852 1.0
180.87099999999998 3.16 2.0
188.977 2.855 3.0
196.37500000000003 3.059 4.0
206.192 2.543 1.0
211.557 3.266 1.0
220.392 2.031 2.0
226.968 2.855 3.0
233.775 2.749 4.0
239.071 2.9539999999999997 5.0
247.37499999999997 2.751 6.0
252.66400000000002 3.263 7.0
259.471 3.057 1.0
265.968 3.161 1.0
271.375 2.955 1.0
276.57099999999997 3.16 2.0
282.06199999999995 3.4699999999999998 3.0
289.062 3.471 4.0
297.582 2.853 5.0
303.48999999999995 2.646 1.0
311.596 2.029 1.0
316.164 3.161 1.0
321.159 3.266 1.0
330.65799999999996 3.367 2.0
341.074 2.852 3.0
347.06999999999994 3.057 1.0
355.579 2.749 1.0
362.09000000000003 2.339 1.0
370.37699999999995 2.9539999999999997 2.0
376.48199999999997 2.75 1.0
383.973 3.26 1.0
389.375 3.059 1.0
394.775 3.06 1.0
404.385 2.441 1.0
410.191 2.235 1.0
414.568 2.958 2.0
421.55899999999997 3.367 3.0
429.165 3.162 1.0
434.78 2.5469999999999997 1.0
442.381 2.646 2.0
