130.713 2.316 0.0
136.32 2.21 1.0
142.294 2.8369999999999997 1.0
151.188 3.044 1.0
160.499 2.835 1.0
169.60999999999999 2.626 2.0
179.29500000000002 2.834 1.0
186.79399999999998 2.734 2.0
194.491 2.8369999999999997 1.0
6.327 1.721 0.0
12.614 1.617 1.0
17.777 2.956 1.0
25.785000000000004 2.749 1.0
32.307 2.028 1.0
41.194 2.029 2.0
48.787000000000006 2.2359999999999998 1.0
56.084 2.439 2.0
60.772999999999996 2.851 1.0
67.708 1.517 1.0
73.284 2.542 2.0
78.176 2.851 1.0
89.01999999999998 1.3080000000000003 2.0
96.789 2.441 3.0
101.976 2.955 1.0
110.67599999999999 3.057 2.0
116.17499999999998 3.058 1.0
123.473 3.162 1.0
129.691 2.645 2.0
135.177 2.647 3.0
141.392 2.1319999999999997 1.0
146.96099999999998 3.263 2.0
156.779 2.545 1.0
166.177 2.751 1.0
174.388 2.439 1.0
181.089 2.339 1.0
185.473 2.956 1.0
193.282 2.748 1.0
199.89699999999996 2.234 1.0
204.277 2.955 2.0
210.47799999999998 2.955 3.0
221.40800000000002 1.927 4.0
228.988 2.338 1.0
234.269 2.957 2.0
242.165 3.161 3.0
247.26299999999998 3.263 4.0
253.069 2.957 1.0
258.277 2.749 2.0
263.064 3.162 1.0
270.158 3.4690000000000003 1.0
278.875 2.9539999999999997 2.0
284.067 3.263 3.0
294.01099999999997 1.7200000000000002 1.0
302.283 2.75 2.0
309.693 2.3409999999999997 3.0
316.37 3.2649999999999997 4.0
323.36699999999996 3.16 1.0
330.61599999999993 1.5110000000000001 1.0
335.16799999999995 3.059 2.0
344.86699999999996 3.06 1.0
354.279 2.748 2.0
359.86600000000004 3.262 3.0
367.29900000000004 2.029 4.0
374.39300000000003 2.336 5.0
379.579 2.751 1.0
385.864 3.367 2.0
395.90000000000003 2.233 1.0
401.599 2.336 2.0
408.268 3.367 1.0
413.771 3.2649999999999997 1.0
422.495 2.134 2.0
430.88100000000003 2.748 1.0
436.982 2.647 2.0
443.413 1.616 3.0
