5.401 2.645 0.0
13.97 2.959 1.0
22.467 3.2640000000000002 1.0
27.661 3.4699999999999998 1.0
36.492000000000004 2.541 2.0
40.764 3.4699999999999998 1.0
48.982 2.853 1.0
58.571999999999996 2.957 1.0
64.586 2.543 2.0
69.676 2.853 3.0
76.964 3.2649999999999997 4.0
84.092 2.3369999999999997 1.0
88.973 2.958 1.0
96.882 2.648 2.0
105.979 2.851 3.0
111.178 2.852 1.0
120.804 2.13 1.0
125.67300000000002 3.059 1.0
131.992 2.441 2.0
138.006 2.028 1.0
146.695 2.441 2.0
155.691 2.44 1.0
161.309 1.822 1.0
168.39499999999998 2.2359999999999998 1.0
175.897 2.134 1.0
180.894 2.3369999999999997 2.0
187.172 3.059 1.0
197.19799999999998 2.133 2.0
202.68099999999998 2.75 1.0
211.569 3.162 2.0
219.98 2.955 3.0
229.186 2.647 1.0
236.475 3.16 1.0
242.069 3.367 1.0
250.082 2.75 2.0
258.287 2.545 1.0
263.08299999999997 2.749 1.0
269.091 2.441 2.0
276.668 3.2649999999999997 3.0
282.994 2.438 4.0
288.39000000000004 2.643 1.0
293.76800000000003 3.2649999999999997 1.0
302.09 2.543 2.0
307.374 3.159 1.0
314.193 2.44 1.0
319.589 2.544 2.0
325.687 2.647 1.0
331.66900000000004 3.3659999999999997 1.0
341.578 3.058 2.0
349.19 2.344 3.0
354.983 2.75 1.0
363.301 2.233 1.0
371.089 2.545 1.0
376.482 2.852 2.0
382.083 2.751 1.0
388.88200000000006 2.852 1.0
394.184 2.65 2.0
400.58000000000004 2.854 3.0
407.671 3.1630000000000003 4.0
417.675 3.059 5.0
422.469 3.3659999999999997 6.0
429.589 2.746 7.0
435.779 3.16 1.0
442.599 2.439 2.0
