5.1 2.943 0.0
13.087 2.838 1.0
19.287 2.838 1.0
28.206 2.319 1.0
34.589 2.8369999999999997 2.0
43.178999999999995 3.148 1.0
52.074 3.355 1.0
61.372 3.3579999999999997 1.0
69.7 2.731 2.0
75.825 2.1069999999999998 1.0
82.48100000000001 3.252 1.0
88.516 2.419 1.0
95.602 2.734 1.0
100.49100000000001 2.836 2.0
108.979 3.147 3.0
114.376 3.251 4.0
124.276 3.251 5.0
131.079 3.148 1.0
138.46300000000002 3.564 2.0
147.99 2.938 3.0
154.026 2.004 4.0
160.88400000000001 3.147 5.0
167.27800000000002 3.254 6.0
175.50699999999998 2.626 7.0
180.81900000000002 2.315 8.0
186.291 3.044 9.0
192.09999999999997 2.836 10.0
198.296 2.732 11.0
205.897 2.731 1.0
211.198 2.63 1.0
217.07399999999998 3.354 1.0
224.782 3.0460000000000003 2.0
232.073 3.355 3.0
238.602 2.627 4.0
243.69000000000003 2.939 5.0
248.878 3.252 1.0
254.97699999999998 3.354 1.0
261.66900000000004 3.5629999999999997 1.0
268.40099999999995 2.732 2.0
274.50100000000003 2.733 3.0
279.188 3.147 1.0
286.583 3.253 2.0
296.18800000000005 2.941 3.0
304.39300000000003 2.836 4.0
309.678 3.254 1.0
315.494 2.835 2.0
324.215 2.315 3.0
329.60699999999997 2.423 4.0
335.195 2.835 1.0
344.17 3.46 1.0
350.065 3.666 1.0
358.08899999999994 3.043 2.0
363.89500000000004 2.938 1.0
372.272 3.5629999999999997 1.0
377.365 3.67 1.0
384.779 3.252 2.0
390.17299999999994 3.458 3.0
396.289 2.942 1.0
402.26599999999996 3.565 2.0
408.277 3.354 3.0
418.07699999999994 3.254 1.0
423.675 3.356 1.0
432.368 3.5629999999999997 2.0
441.781 3.251 3.0
4.796 3.266 1.0
10.361 3.367 1.0
15.666 3.162 1.0
22.562000000000005 3.266 2.0
28.166000000000004 3.162 3.0
35.458000000000006 3.471 4.0
42.269 3.161 5.0
49.869 3.263 1.0
55.863 3.4699999999999998 2.0
4.893999999999999 3.16 4.0
11.991 2.747 5.0
20.681 2.9539999999999997 6.0
30.089 2.646 7.0
36.189 2.646 8.0
42.69799999999999 2.3369999999999997 9.0
52.392 2.543 10.0
61.091 2.645 11.0
68.193 2.543 1.0
5.6049999999999995 2.439 1.0
14.084 2.851 2.0
22.273999999999997 2.853 3.0
28.988999999999997 2.338 4.0
33.657000000000004 3.471 5.0
40.606 1.722 1.0
49.188 2.44 1.0
58.782000000000004 2.5460000000000003 1.0
67.168 3.06 2.0
4.782 3.2640000000000002 1.0
13.583 2.545 2.0
18.067999999999998 3.161 3.0
24.875999999999998 2.853 4.0
31.294 2.235 1.0
36.656 3.573 2.0
42.674 2.955 3.0
51.679 2.851 4.0
56.769000000000005 3.262 1.0
