208.01500000000001 2.315 0.0
216.689 2.941 1.0
224.082 3.148 1.0
233.911 2.42 2.0
242.085 3.148 1.0
251.895 2.939 2.0
259.415 2.421 1.0
267.48199999999997 3.148 1.0
276.99899999999997 2.732 2.0
5.2989999999999995 2.748 0.0
11.597 2.032 1.0
20.477 2.852 1.0
29.665 3.2649999999999997 2.0
38.664 3.367 1.0
43.967999999999996 3.2640000000000002 2.0
51.574 3.16 1.0
58.778999999999996 2.956 1.0
64.973 2.957 2.0
71.265 3.2649999999999997 1.0
77.28200000000001 2.648 1.0
84.359 3.572 2.0
91.384 2.5460000000000003 3.0
96.279 2.852 1.0
105.481 2.65 1.0
111.568 3.263 1.0
118.581 2.75 1.0
123.37400000000001 2.957 2.0
132.984 2.647 1.0
138.276 2.956 1.0
144.594 2.3409999999999997 2.0
151.474 3.161 3.0
156.976 3.16 4.0
163.90200000000002 1.9289999999999998 5.0
171.089 2.543 1.0
177.288 2.444 2.0
184.27599999999998 3.056 3.0
191.96300000000002 3.4690000000000003 4.0
200.865 3.367 1.0
207.793 2.339 2.0
215.973 3.059 1.0
223.1 2.1319999999999997 2.0
228.084 2.649 3.0
235.88000000000002 3.057 4.0
244.198 2.336 1.0
253.17 3.266 2.0
260.87699999999995 2.956 3.0
268.345 0.589 1.0
271.067 3.3659999999999997 1.0
276.47299999999996 3.16 2.0
281.47 3.263 1.0
290.775 3.058 2.0
297.86600000000004 3.368 3.0
306.385 2.649 1.0
311.776 3.058 2.0
317.48 2.854 1.0
322.686 2.648 2.0
328.96700000000004 3.2670000000000003 3.0
338.382 2.752 4.0
346.37300000000005 3.162 1.0
352.97599999999994 3.161 1.0
360.372 3.162 1.0
366.88599999999997 2.749 1.0
372.469 3.3659999999999997 2.0
378.66999999999996 3.266 1.0
387.674 3.161 2.0
395.575 3.16 3.0
401.786 2.749 1.0
406.969 3.266 2.0
413.291 2.544 3.0
422.383 2.752 1.0
429.489 2.5469999999999997 1.0
434.27599999999995 3.16 1.0
441.67 3.3659999999999997 1.0
