288.714 2.319 0.0
294.2 2.834 1.0
301.796 2.838 1.0
307.488 3.0460000000000003 2.0
314.32099999999997 2.315 1.0
319.195 2.942 2.0
326.01800000000003 2.316 1.0
332.008 3.043 2.0
341.38 3.254 3.0
5.398 2.645 0.0
10.969 3.266 1.0
19.474 3.161 1.0
27.679000000000002 2.956 2.0
33.171 3.2640000000000002 1.0
38.562 3.573 2.0
46.387 2.748 1.0
53.358999999999995 3.676 2.0
61.58500000000001 2.851 3.0
69.763 3.574 1.0
77.971 2.851 2.0
83.502 2.3369999999999997 3.0
89.684 2.852 4.0
98.155 3.4699999999999998 1.0
105.48800000000001 2.338 2.0
113.36099999999999 3.367 1.0
122.353 3.676 1.0
128.986 2.544 1.0
136.959 3.573 2.0
144.658 3.675 3.0
154.665 3.572 1.0
161.29000000000002 2.647 1.0
168.87300000000002 2.647 2.0
174.74699999999999 3.675 3.0
184.05899999999997 3.2640000000000002 4.0
193.96800000000002 3.057 1.0
198.755 3.671 1.0
204.763 3.2640000000000002 1.0
210.266 3.162 2.0
217.97000000000003 3.059 3.0
223.575 2.955 1.0
229.777 2.9539999999999997 2.0
237.775 3.058 3.0
245.794 2.44 1.0
250.336 4.499 1.0
255.424 4.499 1.0
265.87 2.852 1.0
271.07200000000006 2.852 1.0
278.756 3.367 2.0
284.451 3.573 1.0
290.465 3.16 1.0
299.874 2.853 2.0
304.66400000000004 3.2649999999999997 3.0
312.569 3.06 4.0
318.39 2.44 1.0
323.362 3.572 1.0
330.47299999999996 3.059 1.0
336.997 2.3369999999999997 2.0
341.276 3.058 1.0
346.79 2.645 1.0
355.458 3.2649999999999997 1.0
360.96000000000004 3.263 2.0
368.149 3.675 1.0
377.85100000000006 3.573 1.0
384.674 2.851 2.0
391.08299999999997 2.543 1.0
395.858 3.4690000000000003 2.0
403.06700000000006 3.162 1.0
408.04900000000004 3.7800000000000002 2.0
414.27299999999997 3.057 3.0
420.378 2.9539999999999997 1.0
427.189 2.644 1.0
434.37 3.2640000000000002 2.0
442.183 2.853 1.0
