4.773 3.262 0.0
13.775 3.16 1.0
21.665999999999997 3.471 2.0
27.556 3.778 3.0
33.356 3.778 1.0
38.865 3.4690000000000003 2.0
48.06199999999999 3.572 1.0
58.071 3.2640000000000002 2.0
66.559 3.676 3.0
72.169 3.266 1.0
80.761 3.574 2.0
86.565 3.4699999999999998 3.0
95.366 3.4690000000000003 1.0
103.36200000000001 3.573 2.0
109.164 3.471 3.0
114.956 3.7800000000000002 1.0
123.384 2.9539999999999997 2.0
130.46 3.676 1.0
136.267 3.4690000000000003 1.0
145.16299999999998 3.573 1.0
151.077 3.059 2.0
157.768 3.059 1.0
164.266 3.4699999999999998 2.0
169.879 2.851 1.0
175.77699999999996 2.854 2.0
180.05599999999998 3.675 3.0
186.25799999999998 3.574 4.0
192.86100000000002 3.573 5.0
199.591 2.646 1.0
206.882 2.955 1.0
212.653 3.368 2.0
218.347 3.675 3.0
226.35199999999998 3.471 1.0
234.663 3.061 1.0
239.46099999999998 3.2640000000000002 1.0
244.654 3.572 1.0
251.77 3.057 1.0
256.855 3.573 2.0
262.86600000000004 3.263 3.0
270.364 3.266 1.0
279.262 3.4699999999999998 1.0
285.073 3.16 1.0
292.577 3.057 1.0
302.592 2.646 1.0
307.86899999999997 2.853 1.0
317.152 3.4699999999999998 2.0
324.85799999999995 3.165 3.0
332.955 3.4699999999999998 1.0
340.253 3.573 2.0
349.761 3.367 1.0
357.762 3.367 2.0
363.36999999999995 3.16 3.0
369.662 3.3689999999999998 1.0
375.37899999999996 2.853 1.0
381.273 3.16 1.0
386.668 3.3659999999999997 2.0
391.85900000000004 3.676 3.0
399.363 3.16 4.0
404.56300000000005 3.06 1.0
413.15000000000003 3.573 2.0
421.267 3.057 3.0
426.851 3.574 1.0
433.85499999999996 3.471 1.0
441.351 3.676 1.0
