6.539 1.513 -5.149803864013996
16.499000000000002 2.336 -4.956983627731141
28.381999999999998 2.955 -8.52513857912134
49.975 3.16 -7.290696836410526
56.07 3.2649999999999997 -11.032455372808876
68.878 3.058 -2.6424870729264778
84.013 1.823 -4.764163390190445
102.384 2.852 -8.891562401551585
110.28200000000001 2.854 -4.93776697518896
118.79299999999999 1.927 -3.896145466993073
124.50300000000001 1.6180000000000003 -3.8769288144564156
129.585 2.2359999999999998 -2.6232704183411424
142.074 2.851 -5.998605134486932
169.067 3.162 -4.069749051484748
174.566 3.2640000000000002 -6.924273013668352
196.094 2.439 -5.130587210744686
210.681 3.057 -6.750669428495953
237.472 2.852 -5.284974144334691
246.478 2.748 -7.2714801839077445
255.68 2.647 -3.6841085771605946
267.99300000000005 2.2359999999999998 -5.0921539053988765
294.379 2.855 -3.008910894164012
308.05899999999997 3.2640000000000002 -10.145220798360368
314.56899999999996 2.9539999999999997 -6.712236123489133
321.493 2.029 -2.5848371153029466
330.291 2.1319999999999997 -2.604053765512673
361.12600000000003 1.1030000000000002 -7.445083766882195
375.50899999999996 1.923 -2.2376299428754534
398.78 2.855 -7.618687350365913
406.583 2.441 -8.332318342558686
424.79 2.234 -4.552126499423036
429.776 2.748 -2.777657350310509
