4.882 3.161 -6.702293315150256
13.363 3.572 -5.865553263319439
21.87 3.2649999999999997 -5.645089016155761
39.276 3.059 -0.5795317631669998
48.266999999999996 3.368 -1.6734801046202377
58.17300000000001 3.1630000000000003 -6.849269481514829
95.561 3.2640000000000002 -10.967854558167916
103.35300000000001 3.574 -3.714400621620901
122.859 3.4699999999999998 -4.661372797552502
150.461 3.676 -0.395811557512496
164.149 3.572 -11.951570773817041
169.24999999999997 3.471 -3.60416849784585
174.94600000000003 3.676 -5.902297303156312
180.355 3.368 -6.665549274113239
198.962 3.2640000000000002 -2.620452280475662
206.46 3.367 -5.792065181023988
212.55900000000003 3.4699999999999998 0.33069637118677264
226.98 2.851 -6.959501604154689
239.46800000000002 3.2649999999999997 -9.947394297746534
262.754 3.368 -4.918581085858484
279.459 3.2649999999999997 -7.979961863757822
324.56199999999995 3.4699999999999998 0.2939523274178034
332.86000000000007 3.573 -0.8367400521172879
357.55100000000004 3.572 -13.045519114304671
363.052 3.471 -4.551140675369743
374.652 3.572 -1.7469681881167136
381.26300000000003 3.162 -8.853445956873468
392.05699999999996 3.4699999999999998 -10.894366473850878
413.46700000000004 3.263 -11.04134263975439
420.86199999999997 3.4699999999999998 0.25720828930464085
433.863 3.471 -1.7102241440877044
