22.583 2.748 4.323983193203805
28.682 2.749 2.763744328242489
61.986000000000004 2.545 -2.4869940930914285
70.619 1.512 0.35673339841827756
76.61399999999999 1.718 -6.890960447464996
84.10600000000001 1.9249999999999998 2.3403582946869355
89.40100000000001 2.131 3.9405887397308295
94.674 3.058 1.9169722621613265
102.142 0.7919999999999998 -6.097510486398013
107.52400000000002 1.2080000000000002 0.7534583784755502
121.21300000000001 1.6189999999999998 -7.3010159547662035
140.69199999999998 2.4419999999999997 -0.8734331189630655
145.69 2.645 4.377305300629386
162.503 2.03 -4.880674497262431
176.79399999999998 2.339 3.160469307200521
183.58999999999997 2.443 -4.073894010983148
216.892 2.4419999999999997 2.3670193492905094
221.77300000000002 3.161 3.9805803228709977
234.389 2.645 2.380349875070025
243.121 1.5150000000000001 -3.6638385025290723
248.626 1.5110000000000001 -2.473663566698357
256.122 1.512 3.1737998352260974
263.648 0.5860000000000003 2.327027766836681
291.012 1.9249999999999998 -1.6935441342090338
296.63000000000005 1.4049999999999998 0.3300723453057033
309.228 1.307 1.53357780888325
325.207 1.928 -6.507565993754925
334.641 0.8939999999999997 -9.311301906547095
343.221 1.616 1.9569638436954366
350.51800000000003 1.7200000000000002 0.766788904445839
373.21799999999996 1.7189999999999999 3.530533233214076
393.507 1.822 1.1235223024980214
407.692 2.339 -2.8837190718125156
413.58000000000004 2.9530000000000003 -1.2834886272864392
