6.123 1.9249999999999998 -4.483949517715886
18.825 1.508 -8.914576927444065
27.515 1.7189999999999999 -1.2568275743703514
35.793 2.342 -3.267113523846725
42.116 1.5139999999999998 -2.8570580184727272
51.419 1.3110000000000004 -0.0799831653586383
56.391000000000005 2.44 4.350644245556788
65.8 1.9300000000000002 1.9702943700745792
72.68599999999999 2.644 -2.0636080597223034
79.282 2.748 -3.6771690300120623
87.397 2.234 -1.270158099486508
112.628 1.307 1.1501833562563444
129.189 2.5460000000000003 2.7237527466695126
134.491 2.44 -2.897049600083687
140.405 2.026 -6.494235467917237
149.43200000000002 0.9989999999999997 1.9303027891028723
175.968 3.2640000000000002 3.9672497950813077
186.391 2.542 -1.653552553258462
192.97899999999998 2.9539999999999997 -0.490038669602878
221.472 3.263 0.3167418168853568
248.39799999999997 2.235 1.1768444120507406
255.026 1.307 0.3434028707134546
265.085 2.748 2.750413802150139
272.998 2.335 -1.6802136075147578
282.878 2.955 -7.697740932904012
333.69300000000004 2.441 1.5469083364509841
340.10300000000007 2.131 4.747369226614835
346.978 2.957 2.777074857773038
391.788 2.647 -4.497280047760223
402.591 2.544 1.5735693904253274
410.13599999999997 0.9989999999999997 -4.8940050239682815
419.39500000000004 2.441 3.543863759974061
442.183 2.853 1.5602388646003098
