4.888 3.159 -6.739122863113783
10.365 3.263 -12.883854949944123
22.467 3.161 -11.298274065931823
30.292 2.3369999999999997 -6.679360497381188
37.272999999999996 3.057 -10.30708396004941
63.38999999999999 2.645 -6.699281289056388
74.562 3.367 -8.641819923310537
100.96000000000001 3.4690000000000003 -9.018698466256852
111.766 3.2640000000000002 -5.47065815736327
120.567 3.263 -13.557928879974066
129.46300000000002 3.367 -9.970046995013073
137.367 3.2640000000000002 -8.027508357184013
151.362 3.572 -14.84631437222613
166.468 3.263 -11.615390243242476
215.97099999999998 3.16 -10.287163172181474
221.56699999999998 3.2640000000000002 -8.978856887895198
231.37199999999999 3.159 -13.220891914606051
243.374 3.059 -6.422006686549415
249.967 3.367 -8.958936100920452
264.571 3.161 -6.025207359252988
278.98699999999997 2.545 -4.736821864237257
286.591 2.441 -5.133621191541078
300.2 2.1319999999999997 -5.747932757481747
305.281 2.851 -6.382165111264953
322.589 2.544 -6.996476675677863
330.39000000000004 2.543 -6.759043651258252
355.9 2.336 -4.14243108531302
362.869 3.2640000000000002 -9.633010030893125
370.02000000000004 1.513 -4.102589509707508
380.583 2.751 -8.998777674706234
388.70000000000005 2.234 -5.728011970307309
415.166 3.468 -13.875045055993537
