5.609999999999999 2.439 -12.58665956127794
14.685999999999998 2.445 -7.3733552173368935
19.378999999999998 2.952 -10.327004746686006
24.78 3.051 -9.989967782852602
32.5 2.331 -4.75674265235771
38.577999999999996 2.853 -7.690471394516559
47.894000000000005 2.3369999999999997 -4.3997848979014575
77.07900000000001 2.9539999999999997 -6.065048937023325
106.07800000000002 2.9539999999999997 -7.650629819478856
135.088 2.645 -9.295973065985125
143.67799999999997 2.955 -4.419705687662849
150.588 2.645 -4.162351874649765
155.772 3.161 -15.50046751682197
161.07999999999998 2.9530000000000003 -4.499388838743294
182.185 2.75 -8.324703746746527
188.28799999999998 2.748 -9.672851603691441
193.591 2.543 -7.710392181194615
215.67700000000002 3.057 -10.94131631403781
221.371 3.1630000000000003 -4.459547262603747
226.37300000000002 3.161 -14.212082021105969
235.39100000000002 2.543 -5.073858827780977
241.30100000000002 2.233 -7.413196793626143
258.607 2.0269999999999997 -5.053938038867627
263.498 2.3369999999999997 -11.258432490013176
296.296 2.439 -6.104890511200012
318.674 3.161 -12.249622596841172
324.376 3.16 -12.22970180973279
361.686 2.75 -5.787774335121443
377.693 2.543 -6.045128147285619
383.758 3.1630000000000003 -8.304782959705037
409.664 3.161 -10.624200136972053
415.977 2.749 -7.393276004003758
421.567 3.261 -10.267242384668638
430.39300000000003 2.336 -6.084969724080805
