4.887 3.16 -10.898310424086494
11.191 2.439 -0.5480486153404917
31.616999999999997 1.616 0.5963479114164897
55.574 2.956 -4.503940283549593
60.859 3.572 -8.086815283477646
80.015 1.616 1.2180423500179116
104.48100000000001 2.75 -4.653625702918987
111.87400000000001 2.957 -9.75391389592372
124.36599999999999 3.367 -9.231211810893821
137.86800000000002 3.367 -5.648336810461746
154.467 3.2649999999999997 0.8703722167818383
179.289 2.443 -1.1950895912879846
184.37 3.162 -5.275320145038018
193.363 3.4690000000000003 -4.255262505984852
202.663 3.4690000000000003 -1.9664694524195048
210.364 3.4690000000000003 1.6164055488278952
216.585 2.648 -8.733856256797234
221.27700000000002 2.956 -8.98253403399342
243.21599999999998 1.7200000000000002 -2.6135104251754675
262.37 3.263 0.9947111080466876
287.687 2.747 -3.757906952773536
295.88 2.9539999999999997 -4.7779645932813235
326.174 3.161 -6.942418757065207
337.375 3.162 -2.9865270915937563
359.596 2.439 -2.3394861163365785
376.371 3.2640000000000002 -3.8568993098386026
390.974 3.161 -0.27402430867454214
397.485 2.851 -0.7967263909876925
404.266 3.4690000000000003 -6.544055560320897
419.081 2.955 -4.628279171394631
426.583 2.9530000000000003 -0.6723875056310911
441.57099999999997 3.468 1.1190499953039794
