5.401999999999999 2.647 -3.6591828883348843
13.977 2.955 -3.1498233144886774
20.57 3.263 -4.906678729778114
45.589 2.542 -3.004351257399178
52.781000000000006 2.75 -1.6321058306137453
58.489000000000004 2.542 -3.3889612463385896
65.66799999999999 3.263 -10.738410727899604
101.89600000000002 2.336 -3.0147124938963503
110.69000000000001 2.4419999999999997 -6.55950703250082
115.073 3.16 -1.88160499938019
122.987 2.647 -2.6301025045342556
149.894 2.338 -4.542791212871479
168.49699999999999 2.336 -8.836083256636893
175.787 2.646 -5.800648289895699
181.897 2.2359999999999998 -6.684256615996176
201.12099999999998 1.512 -3.129100841315919
212.276 2.957 -4.033431641789057
222.523 1.512 -5.416038300888991
257.79600000000005 2.438 -9.854802402388572
271.194 2.44 -3.264211662499398
281.512 1.823 -2.3702420999756098
289.118 1.617 -9.345442827252011
315.295 2.44 -6.185258278945647
328.03000000000003 1.306 -2.0063545845539132
353.70500000000004 2.131 -5.041789549263974
376.39 2.646 -8.337084920276823
385.219 1.617 -6.05014745946442
389.079 2.852 -5.031428314324993
397.702 2.233 -7.06886660455217
414.181 2.955 -8.212335335138402
434.61199999999997 1.4100000000000001 -4.158181222493795
442.48 2.543 -9.97955198626473
