42.285 2.647 -1.871243763738669
51.279 2.9539999999999997 -9.09594365954303
59.663999999999994 3.4699999999999998 -7.4534765920312145
68.29500000000002 2.3409999999999997 -1.6113833595281235
73.69200000000001 2.44 -2.7548520903632845
84.37600000000002 2.856 -7.3183657736563354
91.97299999999998 3.06 -3.5240720654407
106.98799999999999 2.545 -6.944117021519239
114.88599999999998 2.647 -4.407680391761218
142.566 3.167 -7.193616191470974
167.9 2.2359999999999998 -3.7839324709629865
181.29500000000002 2.439 -4.397319157404436
194.78600000000003 2.648 -1.995993346814584
227.581 2.854 -4.91703996343187
233.19299999999998 2.4419999999999997 -4.7819291446476315
241.477 3.058 -2.900324146497083
260.609 1.927 -10.488911559853738
266.223 1.717 -2.3909645725806246
279.79400000000004 2.441 -6.8193674387032175
284.38 3.056 -7.44311535837977
298.36899999999997 3.367 -3.1394620785179916
304.29400000000004 2.542 -8.201974101456248
310.971 3.2649999999999997 -5.540787888148128
328.10299999999995 2.028 -6.299646629099671
348.584 2.852 -8.586584087817181
356.791 2.029 -4.792290380241228
373.083 2.44 -5.1769003693789335
378.59200000000004 2.131 -4.53242997709358
384.37 2.955 -3.9086820545465457
390.375 2.75 -11.37251988514397
398.005 1.822 -3.763209998520696
442.697 2.338 -2.1311041702908926
