5.301 2.749 -7.827725346446727
15.701 2.233 -2.8899629106706777
35.298 2.1319999999999997 -3.638460413587252
66.085 2.545 -7.702975762918929
73.36300000000001 3.368 -12.006629043662274
81.279 2.852 -3.2745728985792963
90.67999999999999 2.751 -4.023070403680154
111.58 2.854 -4.667540795462107
121.918 1.6180000000000003 -1.7361329408886665
133.10500000000002 2.0269999999999997 -7.578226177864566
151.586 2.646 -2.245492516019742
159.697 2.135 -2.2662149886464547
165.98700000000002 2.545 -4.27256957307395
173.01500000000001 1.617 -5.551149121841747
185.29 2.542 -11.247770301325804
236.70099999999996 2.235 -1.7568554136222596
240.66699999999997 3.3659999999999997 -9.730052818801632
249.70900000000003 1.8250000000000002 -8.711333671610978
274.476 3.057 -3.025073730565765
280.088 2.646 -3.6488216504320965
291.982 2.852 -7.567864941694221
299.396 2.338 -2.380603336716377
313.49500000000006 2.542 -2.5053529197386863
319.177 3.06 -5.925397875516298
333.901 2.233 -4.1478199889537315
338.688 2.646 -3.513710830342452
382.423 1.513 -6.434757448634512
401.178 3.058 -3.399322481274704
411.006 2.131 -3.898320819590304
416.806 2.135 -5.16653913277819
424.923 1.616 -2.1414654031616944
429.09299999999996 2.543 -6.06050869401823
437.623 1.613 -8.077224513305739
