10.778 3.249 -20.31340290601517
15.965999999999998 3.5620000000000003 -18.643489316671396
35.782 3.25 -15.938302888993858
42.491 3.041 -17.81527104510603
75.566 3.459 -17.594739430227587
90.777 3.248 -14.889552997209623
102.07300000000001 3.3529999999999998 -19.291607120209083
114.487 3.041 -13.20616236054514
126.004 2.727 -14.903030051477415
131.97899999999998 3.3529999999999998 -19.692239204937227
136.976 3.457 -24.080816273429786
142.578 3.456 -18.4499117997605
178.476 3.25 -13.620271493843845
187.37199999999999 3.354 -18.877497983325394
200.98700000000002 3.04 -16.36588907168173
213.27900000000002 3.25 -19.719193303298425
242.67600000000002 3.458 -18.22938018176192
250.06900000000002 3.458 -20.547411574067713
275.00600000000003 2.522 -15.303662132362655
284.66999999999996 3.458 -21.99679354783316
289.97299999999996 3.355 -17.40116191261532
325.07 3.5620000000000003 -21.789738980193267
330.07200000000006 3.561 -22.631434300786605
341.87699999999995 3.458 -17.414638961854205
349.67800000000005 3.251 -15.083130518285817
367.716 2.313 -16.158834505502377
374.88 3.249 -14.047857681638858
390.372 3.457 -19.071075501561914
403.87399999999997 3.456 -22.825011818955016
420.005 2.727 -15.924825838294174
424.87100000000004 3.4619999999999997 -20.340357009207608
441.681 3.355 -19.498661686142242
