4.8999999999999995 3.144 -15.731248319233242
12.697 2.729 -15.317139187010149
48.382 3.25 -16.545989538972652
58.396 2.937 -20.948043659978953
68.974 3.3529999999999998 -16.33893497155496
74.59 2.937 -16.145357456762174
81.886 3.042 -14.669021380753325
89.20299999999999 2.625 -19.705716253102143
105.67699999999999 3.251 -22.21732516570085
115.40999999999998 2.418 -14.25491224746396
135.78900000000002 3.041 -14.268389295001043
141.788 3.144 -18.463388849850627
150.09099999999998 3.042 -21.38910689557292
168.293 2.936 -16.559466589850178
195.90200000000002 2.627 -20.10634833997813
225.215 2.315 -20.53393452597218
234.98999999999998 3.041 -21.59616146124318
250.597 2.937 -15.71777127112831
270.077 3.3529999999999998 -23.873761706425487
278.58 3.25 -17.387684860562256
290.486 3.045 -18.670443416857342
318.68199999999996 3.249 -21.58268441264518
323.474 3.457 -21.5692073630285
339.19 3.043 -16.779998208876684
344.77500000000003 3.459 -19.485184636717275
359.89 3.042 -14.695975483255388
365.67099999999994 3.461 -22.83848886791351
385.28599999999994 3.146 -16.572943640367814
394.573 3.459 -17.608216477806398
414.589 3.144 -18.03580266332062
441.573 3.461 -20.961520710373556
