11.789 2.4419999999999997 5.688712035545043
23.488999999999997 2.543 -5.683610728785148
29.599000000000004 2.234 1.1886499929611822
63.985 2.646 -4.05972194683695
69.484 2.647 -2.1227620499118713
90.19100000000002 2.541 -8.119443900092536
97.27300000000001 3.059 6.999529698081878
125.383 2.75 6.813727545507723
140.477 3.059 -6.495555118725367
148.16899999999998 3.2640000000000002 3.1892443808522137
162.48 2.853 3.751752136648862
188.28500000000003 2.749 -14.492831354106544
193.89600000000002 2.338 -4.80803185484145
214.292 2.4419999999999997 0.06363448682373955
227.29 2.544 6.187585305240817
232.579 2.956 -0.7483099046731744
238.38499999999996 2.651 5.375640914350946
243.375 3.162 5.3120064310602855
265.29 2.644 -2.372198682383747
293.702 2.233 3.5023155003628803
302.79400000000004 2.441 -15.055339109226326
308.505 2.13 -0.3716042983105282
323.389 2.646 -10.05640380113584
331.097 2.339 -1.2471831739820392
338.411 1.9260000000000002 -0.122167665619719
352.301 2.235 4.001188772630758
367.388 2.748 -7.87000726421697
372.384 2.852 -17.804243399760754
401.48900000000003 2.542 -1.8096909289558456
416.77799999999996 2.959 -10.931982673527509
