17.389 3.039 -0.14551502169134214
28.176000000000002 3.354 -0.6591284888957163
62.094 2.731 -7.36790260961413
71.085 3.04 -5.576453006400608
81.087 2.938 -1.936964623903496
86.366 3.459 -4.322869372230955
91.471 3.355 -8.589149570738748
99.799 2.727 -3.7284142275911853
110.083 3.145 -1.8803754501761594
122.869 3.461 -1.8965437857578602
140.191 3.042 -1.2616678018534684
148.52800000000002 2.206 -1.3505936490494055
164.73800000000003 1.7889999999999997 -3.752666729924189
170.63700000000003 1.79 -1.9207962890026449
219.895 2.935 -1.269751968602683
234.075 3.458 -3.1420432511405023
240.29600000000002 2.938 -5.552200500584579
245.28900000000002 3.146 -4.98199786062626
250.18 3.248 -3.10970657924529
269.484 3.144 -1.9046279527293744
287.884 3.144 -9.199773051340024
303.71000000000004 2.519 -1.9531329623936347
310.353 1.4760000000000004 -1.3586778161469435
317.271 3.46 -1.3101728090461786
333.784 3.25 -0.7238018315145328
340.719 2.416 -1.9450487925184192
360.503 2.627 -0.7157176643172646
372.992 2.938 -1.9612171272434682
390.29400000000004 2.936 -0.675296825258508
395.89500000000004 2.835 -6.178992318907905
415.686 3.145 -4.347121877100126
421.18 3.3520000000000003 -5.544116334919606
427.473 3.561 -5.5602846715607726
