4.4799999999999995 3.572 -1.7467178471709006
10.463 3.573 -0.7027748742885824
16.648999999999997 3.882 -0.21181866984451897
33.861999999999995 3.57 0.0775382028787764
42.952999999999996 3.779 -1.777733128150373
62.25599999999999 3.676 -4.201498870918223
76.15599999999999 3.676 -0.7958207189503909
83.45400000000001 3.778 0.1395687677403588
91.255 3.779 -4.661439794045818
114.758 3.675 -6.0722778420376455
123.85699999999999 3.676 -1.3488074872480877
130.161 3.572 -3.1420482561350553
138.957 3.676 -1.7312102063858972
145.95799999999997 3.675 -2.7596455371870574
150.75099999999998 3.882 -4.123960666265363
197.672 3.263 -1.1782234382380015
204.75900000000001 3.778 -0.30486451461093306
231.459 3.676 -2.1601358464558857
242.858 3.677 -0.2273263097364026
252.663 3.572 -2.7286302556689814
282.46 3.675 -5.105873074264384
288.056 3.779 -2.682107332839289
294.95799999999997 3.778 -1.8242560511034223
323.149 3.675 -4.64593215350898
330.65799999999996 3.778 -4.139468306393809
336.349 3.777 -3.1885711780827624
341.55199999999996 3.675 0.1860916902941884
346.95 3.778 -1.7932407684413827
379.468 3.3659999999999997 -3.7260503049621647
424.14500000000004 3.7800000000000002 -1.2557616427761837
441.35200000000003 3.676 -5.596829278497494
