5.195 2.851 -2.258268116461821
13.362 3.574 -2.1196865376516647
21.557000000000002 3.572 -1.783635130645009
39.066 3.263 0.25347839381545967
48.366 3.263 -0.27716315876400216
58.577 2.753 -2.482302387056555
95.673 3.161 -4.212808630997476
103.773 3.162 -1.1144119964972572
123.376 2.9539999999999997 -1.4210192798867696
151.485 2.646 0.5335212324962207
164.674 3.057 -4.575424480352934
169.57 3.161 -0.9463862947526537
175.57199999999997 3.059 -2.175695105630907
180.367 3.365 -2.2022595487211043
199.382 2.853 -0.5837704420975525
206.56799999999998 3.263 -2.0076694021264982
213.283 2.748 0.5040771099219589
226.56799999999998 3.2640000000000002 -2.650328090364652
239.57 3.162 -3.7941842110596697
262.969 3.1630000000000003 -1.8130792528571107
279.47 3.263 -3.0689525094770653
325.18100000000004 2.852 0.4480685415128967
333.27400000000006 3.159 -0.1385815784747222
357.973 3.161 -5.10606603380574
364.503 2.031 -1.252993575555271
375.07200000000006 3.162 -0.3891802960335978
381.58000000000004 2.854 -3.2635426580946607
392.167 3.3689999999999998 -4.10079149127271
413.264 3.4699999999999998 -4.324825766557271
421.27599999999995 3.059 0.3920599736955489
434.89599999999996 2.439 -0.3331717270740005
