4.991999999999999 3.057 -2.231703672213678
16.084 2.749 -1.6450535525226446
28.482999999999997 2.853 -3.7381756435840754
43.608 1.822 0.4775126654335502
50.073 3.057 -3.4875769279757267
55.964999999999996 3.365 -5.524690453342704
71.14 0.79 -0.4451888622085027
83.389 2.441 -1.0584034289271416
102.174 3.058 -4.268817197059376
111.10499999999999 2.028 -1.0023948597492764
119.425 1.3089999999999997 -1.3384462680304654
122.974 3.161 -0.6957875788162128
130.00900000000001 1.822 0.19746982736651492
141.872 3.059 -1.309002144895555
169.794 2.438 -1.2824376998576645
174.774 3.058 -2.9569353734387507
195.579 2.9530000000000003 -1.589044983509364
210.57500000000002 3.159 -3.0129439424051294
237.283 3.05 -0.8903777261649204
246.895 2.338 -2.844918239032462
255.48 2.853 -0.10913745641749997
267.588 2.645 -0.30372760367214396
294.69100000000003 2.543 -0.9758304177061683
308.072 3.263 -5.162074602716536
314.582 2.9539999999999997 -1.7276265622780507
338.993 2.541 0.2800428402595014
348.54 0.9950000000000001 0.61609424615735
359.38300000000004 2.852 -2.788909671684256
398.782 2.853 -2.7329011032662422
406.079 2.956 -3.1515255218861506
424.187 2.851 0.17090538314832374
