6.1419999999999995 1.8969999999999998 -4.935144236672577
14.514 2.416 -3.1869647523995894
23.000999999999998 2.73 -5.389978708978726
30.821 2.312 -1.8936197386787483
52.419000000000004 2.104 -6.779242741384442
67.388 2.835 -4.647387181841708
72.69800000000001 2.625 -2.8032886811040303
117.203 2.728 -9.533010185661778
129.10899999999998 2.624 -3.9047956613552617
139.043 1.7919999999999998 -6.4914856878942855
163.119 2.106 -2.707369663905088
170.398 2.727 -1.7265423198290684
193.426 2.002 -7.329996230227064
198.428 2.001 -1.2717078489511913
206.438 1.6919999999999997 -4.288471731237178
213.801 2.73 -3.4747218075742974
221.718 2.415 -2.5155316294728833
229.356 1.4780000000000002 -2.348454209955999
237.052 1.5830000000000002 -5.102221654883683
258.84599999999995 1.48 -1.4140246492486814
264.319 2.207 -2.923968317052532
294.716 2.313 -8.239665173074876
299.502 2.728 -1.2221866139297508
306.30899999999997 2.522 -6.324408271122376
325.28900000000004 3.145 -6.5874047045780255
341.805 2.522 -1.1510282120912068
348.98999999999995 2.937 -1.9895387553049644
363.485 3.042 -2.8280492984140695
376.918 2.31 -6.395566666991468
382.31500000000005 2.313 -2.9951267158645387
391.73100000000005 1.9980000000000002 -1.8688591199165674
410.947 1.585 -3.2828837673428675
417.10200000000003 2.832 -1.772940102850182
441.81199999999995 3.25 -10.179682694183503
