4.781 3.2670000000000003 -0.6441844183272493
17.467 3.2640000000000002 4.7501927022582064
39.595 2.338 4.4617073813198305
62.976000000000006 2.955 -3.859924167649979
68.469 3.162 0.3929179529501863
73.675 2.956 2.4919352660396457
82.87299999999999 3.058 -5.185511864427052
88.07600000000001 3.056 -0.7362107670232371
96.185 2.647 -0.4601317276617003
109.08600000000001 2.646 4.198034626840221
115.11500000000001 1.617 1.0619149419153975
122.574 3.058 -4.240435835837298
151.96800000000002 3.368 0.865455965038635
158.28099999999998 2.852 -1.7733131400858977
173.076 3.057 3.1361196875316852
194.387 2.5460000000000003 4.185628344094306
208.27700000000002 2.956 2.2034499446271605
225.072 3.162 -2.8228217950872216
235.179 2.955 3.98916936912107
258.78900000000004 2.645 -0.920263459423747
286.792 2.543 3.529037638699136
303.48400000000004 2.751 3.6210639831325224
316.38300000000004 2.852 3.9095493064705114
323.88 2.955 4.762598986745315
337.081 2.9539999999999997 4.658166356161649
342.488 2.748 0.40532423598688994
357.884 2.955 -1.208748778952152
389.97700000000003 2.851 4.093601998373189
397.98 2.649 0.9574823112765503
411.855 3.676 4.277654690021773
417.88 2.852 1.7185056448397718
442.78899999999993 2.2319999999999998 1.4424266078239467
