18.254 3.3689999999999998 -2.626362820022413
28.485 2.44 4.382087319581682
34.187 2.439 2.95206699511485
41.852000000000004 3.675 2.5715553258912536
50.277 2.852 -0.26367275356279263
63.884 2.647 3.5166313547925125
68.762 3.4699999999999998 -3.3873861537579484
97.174 2.748 2.2830700054058637
102.36200000000001 3.16 -1.405207756502555
116.978 2.646 3.4370112931114125
129.89000000000001 2.2359999999999998 3.332578664595009
138.69 2.338 0.8778622501922791
145.885 2.544 2.6759879565091036
165.26700000000002 3.2649999999999997 1.2459676323156523
172.97500000000002 3.159 -3.2953598089001197
183.008 2.0269999999999997 0.969888595278003
189.27800000000002 2.646 -0.355699098337828
201.181 2.543 2.479528980674216
219.56099999999998 3.2640000000000002 -4.712973850482322
225.87199999999999 2.9539999999999997 0.0248125700444426
235.493 2.335 1.8229382772196963
241.07500000000002 2.9539999999999997 1.6264793009309075
270.38000000000005 2.854 3.8971430232462447
276.484 2.851 3.148525970725771
290.793 2.1319999999999997 2.5839616124831903
301.081 2.544 1.337993978816488
334.259 3.4690000000000003 4.29006097420281
353.578 2.9539999999999997 3.0440933398679233
359.276 3.057 -2.534336472683139
371.078 3.057 3.3449849463964374
380.257 3.4690000000000003 -1.969772116206233
411.37799999999993 2.749 0.785835905672399
418.66299999999995 3.2640000000000002 -1.4972341014107282
