4.989 3.059 0.8138508321636196
34.585 2.647 -0.058442225581579334
62.175 2.956 0.9199725601342855
71.38 2.852 1.951448210717995
136.29899999999998 2.234 0.2688918938315988
147.096 2.439 -0.0035875739896911885
154.73899999999998 0.9969999999999999 1.1375973791863614
171.792 2.441 0.7572023933105273
181.909 1.924 1.1906582418935348
201.98700000000002 2.647 0.43166206100977056
208.089 2.645 1.4649315002165866
221.086 2.748 -1.1447725271638896
227.21400000000003 1.8199999999999998 1.194245815465009
239.20600000000002 2.028 1.9532419977694626
243.976 3.059 -1.472106647557557
266.489 2.646 -1.689731464375134
283.37899999999996 2.956 -0.3291279069070327
291.082 2.853 -1.0368570121162346
304.928 1.307 -1.199627176875363
312.285 2.75 -0.49369186182616903
322.42 1.6150000000000002 0.1609763795862345
327.089 2.747 -1.0917116645194676
334.989 2.647 -0.9271477084006201
363.70500000000004 2.131 0.42986827399088323
372.694 2.03 1.1924520317480776
387.78899999999993 2.338 1.57284701451567
395.192 2.3369999999999997 -0.33092169324629167
408.718 1.513 1.5746408020914258
420.883 2.85 -0.056648437759881265
428.78799999999995 2.749 0.48472292495563146
