13.969999999999999 3.162 -34.58364928909953
18.863999999999997 3.4690000000000003 -45.27299443252433
24.965 3.4690000000000003 -10.14818094538648
50.064 3.3659999999999997 -9.711498365106692
70.667 3.2640000000000002 -29.67565929266486
84.09200000000001 2.439 -18.112948990160625
99.665 3.3659999999999997 -31.526871235314264
115.482 2.851 -27.055563820534058
121.374 3.16 -8.296969003729506
151.36700000000002 3.2649999999999997 -8.838133206842718
159.066 3.3659999999999997 -17.676266411970662
187.967 3.2649999999999997 -14.078324157303973
224.673 3.2649999999999997 -49.744301848739426
262.666 3.367 -26.618881240441922
275.967 3.367 -44.83631185362688
288.56100000000004 3.573 -20.4008435104248
299.165 3.4690000000000003 -67.08836730337563
304.369 3.365 -33.2736015509752
310.997 2.3369999999999997 -16.802901252341314
319.662 3.574 -71.99635729606456
340.965 3.4699999999999998 -72.43303987639806
347.965 3.4699999999999998 -62.1803773093853
360.09000000000003 2.645 -30.112341873788512
364.77599999999995 3.16 -39.054956701721395
372.57 3.2649999999999997 -12.331593840614778
386.163 3.572 -78.21439502718547
408.571 3.367 -13.641641575326792
417.471 3.2649999999999997 -43.52626411723031
423.27299999999997 3.2640000000000002 -25.308833502816043
428.45199999999994 3.4699999999999998 -59.99696441460584
435.85200000000003 3.471 -39.92832186099844
441.45 3.574 -60.43364699356698
