18.009999999999998 2.519 -0.7780656086803553
46.894999999999996 2.939 -4.687237221279036
53.373 3.354 -2.8483660136473956
70.44399999999999 1.6830000000000003 0.970746389536414
75.099 2.728 -2.4336778139610438
84.151 1.4760000000000004 -0.5016068110071562
92.98 3.147 -2.2954484157066966
110.181 3.248 -5.744902222138443
116.19800000000001 2.832 -2.0189896165968992
128.91000000000003 2.622 1.7037823976277666
135.318 2.415 -0.18011841014989405
161.298 2.831 0.09634039161347314
166.275 3.354 1.015775991904896
196.181 3.248 -4.365748819682557
212.41500000000002 2.415 0.9225761965697734
227.835 1.9980000000000002 1.565552997460252
247.195 2.935 -0.41154760573083266
260.219 2.311 0.2795993920449617
271.498 2.832 -1.3760128120076116
298.013 2.418 0.3246289958450101
302.88199999999995 3.249 -4.089290018050525
310.902 2.729 1.6137231940251022
321.186 3.247 -3.308083816990635
330.683 3.351 -2.5268776094970447
341.517 2.414 -0.27331820648633276
347.926 2.205 -0.22514801167502138
362.33199999999994 2.1 -0.09005920587365479
369.876 3.456 -1.697501211740235
389.60299999999995 2.8289999999999997 0.6942875912269407
394.377 3.455 -4.4107784205131875
409.60099999999994 2.831 0.6461173968412348
414.597 2.935 1.1058351974330207
429.18899999999996 3.146 0.7843467966480753
433.98400000000004 3.3520000000000003 0.8293763975158448
441.685 3.3520000000000003 -2.1121894147032334
