19.0 2.73 -0.9809607551427968
26.799 2.732 -0.274692073155976
49.25 1.4849999999999999 -5.40425757211889
55.112 2.524 -0.7651724510995647
73.791 2.732 -2.3467510941760388
78.684 2.94 -1.8985310317189492
83.777 3.0469999999999997 -0.29582223269825175
93.97800000000001 3.148 -0.511610536947731
112.473 3.356 -3.8438090909915923
138.394 2.94 -2.5625393946757478
144.19899999999998 2.836 -1.0232210724358353
151.474 3.15 -3.010759451918335
167.26399999999998 3.461 -4.207508513466865
173.87900000000002 3.045 -2.710450508946882
181.584 2.941 -0.6595216530210662
190.38199999999998 3.044 -3.095280089709618
217.17099999999996 3.46 -2.135449497987743
223.583 3.15 -2.583669553382773
256.962 3.463 -3.3533287135050456
313.275 3.356 -4.571207931591479
321.075 3.3579999999999997 -0.3592127109091685
328.365 3.669 -2.9473689723222134
337.08099999999996 3.355 -3.116410249798645
346.971 3.356 -2.625929872756959
353.78000000000003 3.149 -4.655728569992158
371.592 2.835 -1.4714411324602379
376.59100000000007 2.8369999999999997 -4.613468251849342
393.772 3.357 -0.42260319165073557
399.17 3.46 -5.040558151650721
405.57899999999995 3.252 -1.0020909139033052
428.49100000000004 3.044 -2.2833606126468626
433.681 3.355 -1.835140553784982
