16.395 2.833 -0.9106105484229047
31.308 2.42 1.306750410202015
47.395 2.936 -4.925974674129632
56.237 1.8960000000000004 1.6519720497724955
60.788 3.145 -0.44257572141997953
66.28399999999999 3.25 -0.7136612094861864
75.89999999999999 2.729 -0.36843957033780417
84.97699999999999 3.3520000000000003 -2.2405788866639367
94.708 2.521 3.327162029178589
104.329 2.0 0.715902390509343
110.669 1.0610000000000004 1.429563599391512
115.277 3.3529999999999998 -1.4527815309061733
136.28 3.25 -4.260990507107787
142.205 2.726 -0.5653889103715154
160.105 2.729 2.19414302903166
171.093 2.938 2.5880417071304667
176.48899999999998 3.042 -2.5116643764788806
183.36899999999997 3.5620000000000003 -2.3147150381579635
201.061 1.17 0.4448169007093002
214.021 2.21 0.8873926181428629
219.63699999999997 1.7939999999999996 0.2478675614391029
226.17799999999997 3.3529999999999998 -1.6497308683027005
246.522 2.311 1.0356649177657908
264.821 2.311 1.897598428085689
274.223 2.209 2.7108548967072275
279.388 3.144 -3.521870186550295
297.228 2.104 0.5676300905059494
322.503 2.73 1.1584781084930036
329.45799999999997 1.375 3.3758390668493554
335.084 3.249 -1.2303730770832069
352.02 2.314 1.2326142585578106
365.588 3.146 -1.846680207798562
395.514 2.52 2.0458707295994536
410.495 2.939 3.056076536802255
