4.478 3.565 -6.723299639126677
13.158999999999999 3.769 -5.779183192129033
21.567 3.5620000000000003 -5.749317670004477
38.666000000000004 3.666 -0.9092733409983695
47.968999999999994 3.665 -1.8882328971753712
57.556 3.77 -6.743209988428333
95.161 3.665 -10.624205106336763
103.262 3.665 -3.8262416615628103
122.559 3.771 -4.785290870683599
150.987 3.148 -0.8843854051915777
164.162 3.565 -11.5882319020172
169.165 3.5629999999999997 -3.8113089005576826
174.96 3.667 -5.784160778680137
180.16699999999997 3.561 -6.718322052612147
198.97799999999998 3.25 -2.8472821052779334
206.266 3.5620000000000003 -5.769228017836994
212.46600000000004 3.5629999999999997 0.044798284535852835
226.167 3.665 -6.75814274688257
239.586 3.148 -9.655200723888417
262.565 3.564 -4.820133981642458
279.271 3.458 -7.727147131318533
292.276 3.3529999999999998 0.06470862896654797
324.57399999999996 3.458 0.039820697038966894
332.663 3.771 -0.94411644850143
357.673 3.457 -12.56719146092736
362.96799999999996 3.5620000000000003 -4.770358110575376
374.668 3.5620000000000003 -1.8981880710400567
380.87 3.561 -8.676241168621468
391.969 3.5620000000000003 -10.614249933213248
413.378 3.3529999999999998 -10.634160279871589
421.083 3.25 0.034843110684490974
433.98199999999997 3.3529999999999998 -1.893210484229631
