12.461000000000002 3.668 -9.640267965278255
23.962 3.769 -3.8511295986798255
36.462 3.771 -1.863344961775844
42.071999999999996 3.5620000000000003 -4.780313286205937
76.66799999999999 3.459 -1.8782777226973073
84.57000000000001 3.457 -6.728277227418097
106.663 3.666 -4.8151563945772615
113.26400000000001 3.666 -9.66017831083865
120.769 3.5620000000000003 -0.9242061011908568
137.369 3.665 -0.9192285132183536
142.568 3.667 -6.733254813505238
151.76999999999998 3.458 -12.562213872542802
160.283 3.145 -3.7963761410025985
165.47 3.458 -0.8794078181186852
175.861 3.667 -7.712214369584636
181.66599999999997 3.5620000000000003 -0.8744302316221152
207.065 3.665 -11.598187077298238
212.86999999999998 3.561 -11.59320948843745
226.578 3.355 -0.934161274719134
247.677 3.3529999999999998 -5.754295255881413
276.168 3.5620000000000003 -9.665155897687711
285.364 3.666 -6.7481875737511245
291.566 3.564 -3.801353728566676
300.958 3.7720000000000002 -3.831219251120792
306.861 3.77 -5.764250427981962
314.56600000000003 3.666 -4.795246047196779
364.38 3.251 0.029865522194449618
377.79699999999997 2.834 -0.8943405792829376
382.67 3.561 -2.8721700413004307
406.8589999999999 3.773 -1.868322550181819
414.96700000000004 3.666 0.04977587042540581
435.37199999999996 3.56 -3.8361968379126714
441.26800000000003 3.77 -10.619227520087598
