5.943 2.106 -4.160341704847225
23.001 2.732 -4.878417659171725
30.508000000000003 2.627 -0.6214798607130883
51.900000000000006 2.626 -6.282370865496349
67.702 2.524 -4.179660924869487
72.90700000000001 2.419 -2.057631764275058
117.93200000000002 2.005 -9.84055192732212
129.523 2.2119999999999997 -3.4809041913583054
137.887 2.94 -6.301690082666872
164.15800000000002 1.069 -2.0640715037913613
192.595 2.835 -6.994007079020219
213.90800000000002 2.626 -2.0125535898495515
221.194 2.941 -2.076950982142858
227.999 2.8369999999999997 -1.3395558144059696
236.00099999999998 2.627 -4.897736877254959
257.805 2.524 -0.6536785570175435
265.151 1.3780000000000001 -1.3009173767348554
293.987 3.044 -8.43015898018168
299.918 2.314 -0.6665580357057539
306.62199999999996 2.211 -5.564294912155018
326.111 2.319 -6.295250342760843
341.704 2.626 0.07727687328759014
349.61499999999995 2.3169999999999997 -0.6150401216064758
364.31699999999995 2.213 -1.3073571167212965
377.227 2.004 -6.30812982155838
382.62699999999995 2.004 -2.0447522868877828
390.479 3.252 -1.3717545085480898
410.218 2.316 -2.0254330677433305
416.89500000000004 3.044 -1.378194251035055
422.988 3.043 -2.0189933284044974
442.091 2.941 -10.545748400912029
