15.219999999999999 2.106 -4.186100663881423
32.591 2.939 -7.00688655679209
40.907 2.524 0.051517915876689545
50.138 1.694 -9.128915715771077
56.915000000000006 2.318 -0.6279195997808019
73.715 2.108 -2.7563884978049606
82.61000000000001 2.213 0.08371661282234781
101.178 3.147 -7.712083028867366
109.497 2.629 -3.4293862741543175
114.995 2.732 -1.3588750320202596
121.00399999999999 2.424 -1.3524352917312
142.613 2.419 -2.0383125464742187
148.79899999999998 2.834 -7.6992035508795
200.71 2.315 -4.90417661572953
205.597 2.629 0.04507817545791451
217.48200000000003 3.147 -8.410839762629974
232.61499999999998 2.316 -4.17322118442054
268.407 2.419 -5.609373088609529
277.411 2.315 0.09015634995559903
288.25699999999995 1.069 -1.345995553539315
291.988 2.94 -3.4487054931553747
297.37899999999996 3.148 -3.4937836679480525
305.906 2.421 -0.5957209031572008
324.99 2.941 0.05795765563595581
342.19100000000003 3.043 -4.192540401210201
348.203 2.732 -4.85909843848226
366.411 2.316 -4.147462227331019
379.38800000000003 2.94 -4.884857396903159
402.115 2.213 -6.288810604729321
425.1929999999999 2.939 -7.724962509840255
442.30400000000003 2.731 -0.6729977746865696
