18.377000000000002 3.252 -4.419236820699947
28.199999999999996 2.731 2.1282829725265375
33.588 3.044 1.516481872796248
42.283 3.25 1.2903116821952094
49.882999999999996 3.252 -1.8239875015423068
63.068 3.459 2.3284114070077058
68.871 3.355 -4.871577206504689
77.776 3.251 2.2877436887044893
96.884 3.043 1.357021154551965
102.69 2.8369999999999997 -2.5024980808757356
117.002 2.627 1.0901832478052873
129.815 2.3169999999999997 1.7426520666614556
137.98899999999998 3.044 -1.1454769261167266
145.808 2.627 0.6378428611899083
164.965 3.5629999999999997 0.02604175922050775
172.878 3.25 -4.578697533950368
181.986 3.042 -0.8525972532836368
188.886 3.043 -2.1168671715415472
201.09999999999997 2.628 0.9974320093414579
219.577 3.254 -6.135847126046421
225.893 2.939 -1.8906969796619089
234.789 3.044 -0.10737719490452502
241.408 2.627 0.25221195206803365
270.182 3.0469999999999997 2.5545816001455233
276.59799999999996 2.732 1.1568927229654917
290.094 2.836 0.3449631891404257
300.89799999999997 2.732 0.31892142851342237
334.79400000000004 2.941 1.8354033015232225
353.38 3.15 1.8093615415074216
359.39199999999994 2.939 -4.126357149464895
371.19 2.941 0.7973035755618955
380.478 3.253 -3.314427615524473
411.39799999999997 2.733 -1.43835659437036
418.683 3.253 -2.795377749054438
