5.3069999999999995 2.737 -4.4381453651802
10.184999999999999 2.941 -4.468756259555374
31.686999999999998 3.043 -5.73450752039818
51.580999999999996 3.253 -6.199749681494039
59.086999999999996 3.148 -4.156084267807348
68.27900000000001 3.0469999999999997 -6.009036968725955
72.764 3.5629999999999997 -7.107154762983794
99.77900000000001 3.148 -3.6451679141126783
108.608 2.419 -4.117941726604907
114.67699999999999 3.251 -7.30539912480395
122.91 2.42 -3.5307402863573323
133.188 3.043 -6.558095865176928
146.275 3.459 -5.970894425294501
165.07 3.3579999999999997 -4.750817355708677
187.97699999999998 3.251 -4.705143165038173
212.97699999999998 3.251 -8.014559840181855
224.27599999999998 3.355 -6.832625314363207
231.873 3.459 -5.025346803930202
243.78300000000002 3.251 -5.887077692298462
251.40699999999998 2.628 -6.397994044564939
268.37300000000005 3.356 -4.278043543699891
278.50399999999996 2.526 -5.963362776622962
303.786 3.044 -4.392471173468225
309.681 3.149 -5.33801879459405
314.976 3.354 -3.9653715552825792
320.969 3.4619999999999997 -7.61807111585707
333.38900000000007 3.044 -4.59071553529184
342.88800000000003 3.147 -5.0634893474590665
353.777 3.354 -8.800005643320048
362.49299999999994 2.838 -3.6908421036036696
396.978 3.253 -7.267256582192025
405.884 3.147 -6.908910399409393
434.18 3.254 -4.903387526295082
