13.67 3.458 -9.618095141960156
18.767 3.5620000000000003 -11.288704873475318
25.178 3.252 -4.160709253603417
49.873000000000005 3.5620000000000003 -3.8583997624391846
70.784 3.145 -9.08509976814109
83.071 3.458 -6.809871056316591
99.466 3.5629999999999997 -7.501928715209537
114.767 3.5620000000000003 -7.271242826466065
121.071 3.459 -5.743880306272118
158.866 3.564 -6.507561565866644
188.18699999999998 3.044 -6.881494661634757
224.579 3.3529999999999998 -11.519390758714488
237.984 3.25 -4.303956460850939
262.366 3.666 -6.9689333391886175
275.771 3.561 -10.986395384243691
288.571 3.561 -5.529009492312053
299.382 3.25 -14.932233825113974
304.795 2.937 -8.711166673041818
309.87399999999997 3.458 -5.902942588804424
319.56600000000003 3.666 -15.465229201421023
340.979 3.457 -15.76753868987453
347.87200000000007 3.561 -14.399238446159991
359.586 3.147 -9.38740925632775
364.8910000000001 3.042 -9.848781026725414
373.10400000000004 2.729 -5.672256702430541
386.17300000000006 3.561 -16.90515304455331
408.78900000000004 3.145 -6.579185169470814
417.17300000000006 3.561 -10.079466914598639
422.867 3.667 -6.062004869299865
428.478 3.456 -12.887690998698517
435.878 3.458 -10.453400008846126
441.371 3.666 -13.19000049101004
