4.479 3.561 -3.828479738011184
14.404 2.519 -2.8592194913404914
21.305 2.519 -3.7911249296651626
45.61 2.519 -0.8945506315951934
53.009 2.521 -0.9356409211152105
58.508 2.523 -1.8675463599892823
66.20400000000001 2.728 -12.47711234544885
101.18499999999999 3.039 -1.8787528025979783
111.125 1.999 -6.695170190678966
123.00200000000001 2.624 -0.905757073929168
150.332 1.8980000000000001 -4.786533540320693
167.898 2.936 -9.580538046724648
176.644 1.7910000000000004 -5.733380905774116
181.605 2.52 -6.691434710823217
187.11599999999999 2.209 0.022412885310946148
212.49699999999999 2.729 -3.8172732947398798
222.02599999999998 2.0 -4.760385177655949
258.026 2.206 -11.519058542725693
270.803 2.832 -1.8712818405612786
287.68500000000006 3.042 -10.549798295242047
315.829 1.8980000000000001 -6.706376631851792
326.70399999999995 2.624 -0.9244344784832277
353.73100000000005 2.102 -4.7715916211364355
376.20399999999995 2.833 -9.595479972946327
385.14000000000004 1.6880000000000002 -5.72590994212645
389.6170000000001 2.311 -3.7873894494634017
397.61300000000006 2.315 -7.664430437380759
415.339 1.79 -9.599215451646614
433.82399999999996 2.206 -3.81353781474474
441.989 3.043 -11.515323060949632
