12.572999999999999 3.5629999999999997 -1.9033980253856184
17.984 3.253 2.542019292448281
24.157 3.564 -0.5452252415326992
29.959 3.5629999999999997 1.91941155078338
36.865 3.3579999999999997 2.429061985179242
42.269999999999996 3.354 0.7773727366527093
76.981 3.148 1.7806600813452484
84.674 3.357 -0.4678427415309318
106.875 3.46 -0.735565044322739
113.582 3.3579999999999997 -2.767933901055645
120.863 3.459 1.5387319462626172
137.667 3.357 1.7548659138933946
142.975 3.25 -0.6839767127336618
151.558 3.669 -3.771221246941506
159.761 3.667 1.8322484116500046
175.968 3.5629999999999997 -1.5227184220841088
207.691 3.045 -3.580881443538677
212.755 3.668 -3.364747475012112
226.466 3.459 1.1064640099396352
248.188 2.838 0.1547649978431981
276.272 3.459 -2.984067869957626
285.68 3.354 -1.3323786187222968
291.883 3.252 1.6161144424075284
301.276 3.46 0.3193106311476338
307.577 3.0469999999999997 -0.27750294171616435
314.76099999999997 3.463 0.12897082871915946
364.376 3.254 1.2968038123613526
383.39900000000006 2.835 0.2935164668961417
407.786 2.839 2.2129280168564556
415.375 3.251 2.1613396865953023
435.6770000000001 3.251 0.10317666401014514
441.466 3.5620000000000003 -2.742139734097633
