7.176 0.859 -1.3210369913650892
15.646 1.6880000000000002 0.15886800615953486
56.449 1.5860000000000003 -0.621500091049403
86.442 1.7930000000000001 -2.7229051763429197
120.67099999999999 0.9580000000000002 -0.387389660871595
135.583 3.149 -4.747670644977245
160.864 0.8560000000000003 -1.7892578490161253
164.079 3.041 -7.084583353898586
172.109 1.9130000000000003 -3.8920601265142807
178.74399999999997 1.4789999999999996 -1.0883237560205454
188.887 2.938 0.39158124148019985
194.296 2.73 0.546257666501704
209.64499999999998 1.483 -5.604678358929566
227.597 2.935 -3.3458024597142617
233.98899999999998 3.144 -8.252341114158988
240.193 3.041 -4.436920600195022
251.152 1.1689999999999996 -0.23131604300712924
266.812 2.21 -0.15467642655616307
291.529 1.8969999999999998 -0.0766396176934629
299.49499999999995 2.833 -5.526641551432289
310.877 0.7519999999999998 -1.4771106115671175
332.6 2.833 -2.5682287490801965
341.767 1.068 -2.8009419861337546
345.085 2.937 -0.23271323680396414
378.089 2.936 -3.1911260364274088
387.688 2.938 -6.383649259812421
395.59200000000004 2.936 -3.347199653618627
402.865 1.0639999999999996 -3.035052415570839
406.801 2.729 0.7803680937334049
420.6329999999999 1.999 -1.166360563444662
434.00800000000004 2.626 -5.059817884548891
