12.467 3.2640000000000002 -4.102969589377968
20.767 3.3659999999999997 -0.9155784094730463
43.273 3.058 -0.27576143082425314
53.07900000000001 2.852 -4.834707047645716
58.575 2.956 -0.5037494428570695
77.965 3.3659999999999997 -3.7371008601974185
86.08200000000001 2.749 -0.4731092843873586
93.266 3.3659999999999997 -4.453518238011025
112.66400000000002 3.368 -5.643044901692305
118.77999999999999 2.753 -1.3427274582800361
124.08 2.9539999999999997 -0.9615386492486351
161.975 3.058 -1.723916266288283
169.363 3.4699999999999998 -2.8674826869907597
181.66699999999997 3.3659999999999997 -3.6758205439097047
186.763 3.4699999999999998 -1.327407375939069
195.68 2.653 -0.5956699192224673
237.281 2.9530000000000003 -0.9921788063082991
273.667 3.367 -4.087649510713065
280.86 3.574 -3.2793116559448654
290.985 2.749 -0.6109900000752295
305.671 3.2649999999999997 -2.5169340391394517
318.483 2.952 -2.5782143582185926
324.691 2.545 -1.8158367417304486
330.19 2.647 -0.30640158954687047
338.574 3.161 -2.455653720567236
361.97599999999994 3.16 -2.9747232448856775
371.979 3.057 -2.4862938794445726
389.773 3.263 -1.7851965807544803
398.46500000000003 3.368 -2.9287630062612573
409.773 3.263 -2.0744649130091473
416.373 3.263 -2.0897849939382738
424.867 2.9530000000000003 -1.0687792052213487
430.777 2.644 -0.48842936237982953
435.76499999999993 3.057 -2.562894280085352
