4.888 3.161 0.7870412968930666
12.761 3.4699999999999998 -1.5424007320445905
48.671 3.161 -0.9189558618989667
56.270999999999994 3.161 -5.151155380210161
65.267 3.2649999999999997 -4.3965369613258485
72.56500000000001 3.368 -6.725978991664265
87.77400000000002 2.958 -1.8703346065453128
95.576 3.057 -1.6079875066077178
112.77600000000001 3.161 -0.5254352135949697
147.66299999999998 3.37 -6.857152539154692
173.58700000000002 2.647 -0.29551099533739
179.07 3.2640000000000002 -5.77460024710426
186.47 3.2640000000000002 0.032422878113286695
206.26500000000001 3.3689999999999998 -9.514528444366357
215.264 3.4699999999999998 -11.15493883075547
226.27299999999997 3.1630000000000003 -1.9359213818124577
248.67700000000002 3.058 -3.6419185415361572
255.78300000000002 2.852 -1.3124765118912836
267.07099999999997 3.2640000000000002 -1.246889735571579
272.273 3.162 -0.4266845437171027
279.066 3.3689999999999998 -11.975144024392804
286.48999999999995 2.646 0.09800965397691057
295.07699999999994 3.059 -1.4112271829376852
309.07699999999994 3.059 -7.611770959509358
339.56299999999993 3.059 -1.4768139557192406
345.054 3.3689999999999998 -6.922739314286091
350.57000000000005 2.854 -1.739161055795797
355.55499999999995 3.4699999999999998 -4.199776636898813
361.76599999999996 3.16 -5.3479157056243976
375.166 3.1630000000000003 -6.988326087551207
381.88800000000003 2.441 -0.5910219893287457
403.66800000000006 3.2649999999999997 -2.0670949317088585
436.6619999999999 3.16 -3.379571442997049
