27.741 0.895 -3.1383676689261106
31.708000000000006 1.9249999999999998 -4.765935532126263
36.382000000000005 2.851 -4.170193592218188
61.605999999999995 2.028 -5.238846398950817
93.124 1.4100000000000001 -2.3337904561470366
129.149 0.6880000000000002 -3.470034017157488
136.229 1.2060000000000004 -2.628629920233028
142.806 2.029 -2.7882878805179643
148.30900000000003 1.9260000000000002 -1.9468837850160485
156.99099999999999 2.544 -3.3472029378004216
226.431 1.307 -1.559977113644654
232.012 1.4100000000000001 -6.884827705910667
253.312 1.4139999999999997 -2.155719053800441
260.024 0.9039999999999999 -2.4197946513461615
265.398 2.13 -6.307499204819298
272.021 1.616 -2.978709708904908
276.083 2.647 -5.343264034020374
286.632 1.1 -1.805639266596454
291.726 1.2069999999999999 -3.0339500347804838
297.335 0.9989999999999997 -2.8067013223890864
302.116 1.721 -3.8569406883927364
323.091 2.131 -5.957419416081351
330.71200000000005 1.411 -3.592865091417022
336.299 1.9249999999999998 -3.0155365910734564
374.132 0.8989999999999996 -4.557100264914171
378.469 3.162 -7.707818358363618
396.699 2.2359999999999998 -5.134428763302881
412.78399999999993 2.338 -3.8385272471339853
428.57200000000006 2.852 -6.761996626994289
