5.0009999999999994 3.057 4.487051719386543
23.273000000000003 2.75 -0.6872588157264639
28.766000000000002 3.058 1.9489863665174898
45.778999999999996 2.545 5.247010300989257
64.395 2.2319999999999998 -0.4908991561460292
70.306 1.822 0.46541908839029383
91.01200000000001 1.7189999999999999 -0.9817983108250178
97.688 2.645 4.817941094051145
119.775 2.75 5.014300757608388
149.191 2.235 3.9961525658566828
163.301 2.026 4.425221769670165
189.21 1.822 -4.27982224265675
194.102 2.131 0.5017689700101684
214.698 2.029 1.090847955518264
229.242 0.585 4.719761262125174
232.675 2.852 0.9926681259098342
239.30800000000002 1.7189999999999999 4.6215814330527385
244.292 2.235 3.530733476514768
266.927 1.0019999999999998 0.7963084620859912
293.70000000000005 2.234 4.756111144188557
303.00100000000003 2.234 -4.708891449385344
308.496 2.1319999999999997 2.843474659237946
324.31 1.718 -1.9381165529630529
330.99000000000007 2.438 1.6544468737875542
337.886 2.4419999999999997 2.5125852858939783
352.605 1.924 4.094332396051601
368.306 1.8239999999999998 -1.3126876857648178
372.894 2.3369999999999997 -5.763389521016231
393.988 2.647 5.345190131554974
401.697 2.339 1.2253776675381916
417.083 2.646 -3.127144339587265
