11.485000000000001 2.645 -2.2690059268604656
35.506 1.9249999999999998 3.8616228525545138
42.38 2.851 2.6107651157176672
51.898 2.233 -2.0726462675212263
86.805 1.927 2.1816959092876353
102.83600000000001 0.8960000000000004 -3.8507530379120323
125.59400000000001 2.438 4.057982514137647
148.016 1.617 -3.3235040019797903
155.2 2.133 -0.589078984779015
166.309 1.9249999999999998 0.8944882925282583
180.414 1.7189999999999999 5.283360181472422
196.112 1.8210000000000002 -2.3671857579983597
202.00199999999998 2.131 3.101664270924466
207.675 3.059 2.1453460297658817
221.882 2.852 0.036349881604474304
229.1 2.234 1.4580872094245971
273.788 2.749 3.1380141538483484
309.984 2.851 1.5562670424464866
316.71999999999997 1.6150000000000002 -2.698075133750124
330.299 2.336 0.17087959318267038
348.11699999999996 1.8199999999999998 4.192512226380424
356.296 2.44 0.2690594250816855
364.581 2.338 -2.599895302223021
379.21099999999996 1.411 -0.8836184792458474
387.38900000000007 2.234 -0.454549273268723
392.97200000000004 2.852 3.2361939837491853
409.984 2.543 1.323557500144598
428.57 3.161 0.5635989185500196
442.8 2.233 5.148830469840108
