16.071 3.161 -2.50005087767004
32.12 1.617 -0.6309312802909154
47.160000000000004 3.161 -6.817653018649031
55.787000000000006 2.336 -0.8729901237118494
61.381 2.543 -1.972256265977785
66.259 3.2649999999999997 -2.067501521686367
75.775 2.851 -2.309560368080767
85.78599999999999 2.542 -4.420738811291601
94.792 2.438 0.8056389632464588
104.098 2.233 -1.928579346323484
110.01100000000001 1.721 0.1389221756260947
115.26599999999999 3.367 -2.690541388406026
136.98000000000002 2.542 -5.857309051816674
141.66 3.262 -2.7421097218719246
160.075 2.749 -0.6824996136509048
172.927 1.0989999999999998 0.18259909858453366
176.16000000000003 3.367 -4.515984065423035
183.46099999999998 3.4699999999999998 -4.083434711131653
199.791 2.44 -2.023824602112865
213.899 2.335 -0.05156833500646345
218.68600000000004 2.748 -2.4563739568903644
226.466 3.057 -3.123090744230598
246.902 1.9210000000000003 -0.7261765349679477
264.685 2.441 0.6667167881530984
273.885 2.543 0.9524525537173367
279.474 3.0549999999999997 -5.234269188572429
296.378 2.9539999999999997 -1.253971144473805
323.621 1.6150000000000002 0.0436769200495879
335.678 2.647 -3.7024536886562562
343.28000000000003 2.645 0.6588253736243989
351.577 2.748 -0.29362717850614783
365.77099999999996 2.956 -3.555640099629438
396.62199999999996 1.4100000000000001 -0.007891412785199644
412.026 1.4089999999999998 0.7103937094907745
