6.244000000000001 1.7919999999999998 -4.039158546681001
17.188000000000002 3.144 -6.209155770093983
26.717 2.519 -2.291054993704393
34.885999999999996 3.25 -3.149974548316965
41.827 1.7919999999999998 -2.6978164391620174
50.199000000000005 2.522 -2.803741991106688
55.989999999999995 2.832 -0.6337447695137447
64.891 2.832 -0.5429514402534754
73.739 1.585 -2.7280808842484805
79.29400000000001 2.732 -3.6021326592619136
87.10700000000001 2.52 -2.7583453268423193
102.205 2.625 -0.27237999043910094
112.14 1.7910000000000004 -1.4472676608711799
129.947 1.79 -1.9750868805296755
133.98499999999999 2.936 -4.099687433905964
140.52599999999998 1.895 -4.898078103538806
147.48399999999998 2.937 -1.9448224373686802
186.821 2.1069999999999998 -2.2759227746162085
192.993 2.936 -3.2559001027843673
207.218 2.313 -1.1464317682629248
222.214 2.52 -2.8188742133093894
248.83 1.7919999999999998 -0.5126869963418972
253.802 2.521 -1.884293550290165
265.198 2.627 -1.0405062161965732
272.90799999999996 2.418 -3.210503434829565
283.306 2.522 -5.319971770285294
290.886 0.5430000000000001 -0.3026444343200623
333.285 2.838 -1.4623998824542326
340.01300000000003 2.21 -0.6488769933213331
391.699 2.731 -4.50644888152382
402.92499999999995 2.207 -0.5278192188326676
408.82200000000006 2.311 -4.491316658801899
419.315 2.52 -1.07077065989737
443.546 1.4789999999999996 -0.9951095514037807
