10.574 2.852 -6.0566190633276715
26.468999999999998 3.058 -1.5646354691535882
33.169 3.058 -0.753297990449395
40.465999999999994 3.161 -4.346884862251512
46.591 2.2359999999999998 0.20313821964419923
52.089 2.238 -5.216261832464934
77.666 3.3659999999999997 -11.505038862443364
88.77 3.2640000000000002 -4.143746643891932
94.969 3.266 -5.187242088755348
103.36399999999999 3.2640000000000002 -10.54860265351256
126.66799999999999 3.06 -2.346953205038882
140.272 2.957 0.2611777113649242
164.69 2.44 -1.506595978758624
182.59 2.544 -5.013123616289586
190.381 2.9539999999999997 -3.2163301789624157
206.96400000000003 3.2649999999999997 -3.3033894161184496
220.46 3.4699999999999998 -4.0566874058503695
231.46699999999998 3.263 -8.780828962027948
245.46200000000002 3.468 -9.737265170964278
254.357 3.573 -9.679225679036165
267.96 3.572 -1.5356157267694972
280.063 3.471 -5.129202597450188
292.658 3.573 -6.143678297775894
298.873 3.058 -7.042075017477773
322.08299999999997 2.748 0.37725669486709407
331.389 2.542 -5.940540079349186
352.88199999999995 2.75 0.23215796622864904
357.866 3.3659999999999997 -7.824392752187187
391.96999999999997 3.162 -0.5501597703925813
399.16299999999995 3.3689999999999998 -9.621186186906385
409.78399999999993 2.648 -0.4050610411852001
434.274 3.059 -5.911520333245758
