19.973 3.355 -20.168722627015388
35.368 3.56 -18.285509242323617
41.077000000000005 3.3520000000000003 -14.484918432905445
46.863 3.667 -25.71587066855516
66.284 3.249 -6.952064888976901
72.006 2.728 -3.3906223483351337
91.681 3.248 -16.265639701825247
97.78 3.249 -8.903606352409538
117.684 3.145 -12.601705046724181
129.976 3.3529999999999998 -18.25134520374321
147.298 2.833 -5.205507658062032
155.318 2.414 0.23914827060653618
160.084 3.249 -9.074426543002366
165.709 2.625 -3.45895042483314
174.01 2.52 -1.4049168485994745
226.188 3.143 -18.319673280319446
248.876 3.456 -14.416590355543441
257.393 3.04 -1.5757370413789498
262.90700000000004 2.727 0.2733123071275963
271.498 2.934 -4.96635938776267
281.123 2.309 -7.225377196394261
301.991 3.041 -1.3707528103101292
311.197 2.935 -12.738361198717747
318.493 3.039 -1.6782291556940616
331.688 3.144 -6.849572775477097
349.60100000000006 2.832 -23.79849324299215
366.431 2.205 -12.499212930005731
371.09200000000004 3.041 -8.766950197836403
381.88800000000003 3.145 -25.68170662859632
413.014 2.52 -1.4390808870169514
433.093 3.041 -7.08872104275414
442.621 2.4130000000000003 0.30747634780680205
