5.507999999999999 2.541 -0.8406517792306775
19.270000000000003 3.2640000000000002 0.8342523773879014
25.578000000000003 3.057 -0.8596769151826266
50.702 1.923 0.3140012642829637
77.707 1.7200000000000002 0.4535766098403957
85.103 1.8250000000000002 0.7137021672291923
114.995 2.339 0.4123266378969676
119.99799999999999 2.3369999999999997 0.6153767924898526
126.41700000000002 1.7189999999999999 0.7327273016891979
133.582 2.544 0.39650120635478475
150.788 2.439 -0.02222483531546627
167.87000000000003 3.057 0.9516028913016552
184.13300000000004 0.8960000000000004 0.850077815044088
192.185 2.5460000000000003 -1.119802471386496
201.499 2.233 0.5138517173452354
233.579 2.749 -0.003199700284454539
259.28499999999997 2.543 -0.2030501515211584
267.88 2.748 -1.259377818706068
287.57099999999997 3.16 -0.720101567536375
293.58299999999997 2.749 -0.46317571088740056
307.581 2.853 -0.16180018262464915
320.11500000000007 1.6139999999999999 -0.3616506329758703
328.70500000000004 1.924 -0.5424759504403487
333.67400000000004 2.955 -0.9009268831701277
342.303 2.0269999999999997 0.07610054048063743
347.396 2.133 -0.025424533712332643
371.674 2.956 0.03485057054366155
385.37699999999995 3.0549999999999997 -0.919952018779204
391.38199999999995 2.75 0.2347010239824265
398.69599999999997 2.338 -0.26332525874463014
