4.885 3.16 3.046666257689142
51.996 2.2359999999999998 -5.933107354447187
60.693000000000005 2.44 -4.829181504131306
84.993 2.235 -2.7538854488207676
92.69099999999999 2.3369999999999997 0.6983533323662512
106.264 3.2640000000000002 -3.584794427408439
114.16199999999999 3.367 0.2848752354175927
142.364 3.367 -3.030855107279811
162.29899999999998 2.336 1.384848300219256
167.283 2.852 -1.0999730638927907
180.672 3.058 2.6371409515446103
227.887 2.543 -0.9595118423986617
232.98499999999999 2.645 1.1157842144940375
241.98700000000002 2.545 -0.6864949678430665
259.478 3.057 -7.5909725274529185
265.08299999999997 2.853 0.5578921075157001
271.39199999999994 2.439 3.3196831310350805
279.277 2.9539999999999997 -3.8617640897675676
284.37399999999997 3.057 -2.476915789481473
298.67199999999997 3.059 2.2197100666344833
303.66999999999996 3.161 -3.167363544516772
310.762 3.4699999999999998 0.42533645817102717
327.283 2.849 -0.2651112963532421
348.788 2.646 -4.688720280291466
355.87899999999996 2.956 -1.2364815003192795
372.886 2.647 -2.7578382352465995
377.366 3.367 0.5618448943214243
384.79100000000005 2.542 -0.8230034056042355
389.66400000000004 3.4690000000000003 -8.004450624023985
408.182 2.851 2.9062050345451684
441.667 3.367 2.3562185023175615
