14.809000000000001 2.025 0.15113723941610682
33.497 2.13 -0.2012895243813856
40.772999999999996 2.9539999999999997 -1.7786244472822816
51.875 2.852 -8.4067292605564
61.267 3.16 -3.003532611062719
74.367 3.161 -3.792200073006759
100.679 2.9539999999999997 -1.7198866575835323
107.97099999999999 3.263 -4.463391946195523
113.771 3.2640000000000002 -6.216940253360968
120.67499999999998 2.9530000000000003 -5.134583823966264
134.65699999999998 3.471 -9.925326393347843
144.307 1.8210000000000002 -2.7685814345156596
150.28199999999998 2.747 -1.191246512161833
167.03400000000002 0.7949999999999999 -2.0973895610587534
170.595 2.335 -0.9312191920999527
178.491 2.339 -0.26002731899717624
183.998 2.233 -2.8860570231662988
202.31 1.924 -0.6375302243186465
210.613 1.822 0.35242676518329463
265.968 3.263 -7.618061798969853
275.279 2.851 -5.252059410210763
289.267 3.3659999999999997 -4.639605331493816
298.991 2.543 -7.735537386956774
305.42199999999997 1.713 0.3273506198762225
324.602 2.029 -1.1074325730543162
353.401 2.13 -1.4849354788120857
358.36799999999994 3.2640000000000002 -5.310797205051944
370.866 3.3659999999999997 -5.487010585741529
384.305 2.0269999999999997 -0.14255173078945935
391.84800000000007 0.585 -1.3087220968494073
397.02000000000004 1.6139999999999999 0.46990235154679033
403.173 3.263 -4.815818712048684
408.86499999999995 3.367 -8.289253673896695
429.39799999999997 2.234 -2.2148651494562257
