10.782 2.852 -1.5436732745356716
20.482 2.853 -2.6260297060652458
29.562 3.367 -7.559324005004116
38.56 3.4690000000000003 -5.545748380726736
44.688 2.541 -4.0271512484838405
71.369 3.161 -9.077921136590788
92.108 1.823 -1.2499843035087055
96.48700000000001 2.645 -6.946869925296765
106.413 1.721 0.7048535270993977
124.611 1.7189999999999999 -2.2736029412114136
132.781 2.85 -5.981989080388455
143.56400000000002 3.367 -6.888132128966859
151.886 2.745 -4.580867535207862
164.216 1.6150000000000002 -0.08381393566988211
177.703 2.028 -3.733462279679256
222.587 2.645 0.29368897027646484
227.572 3.16 -3.9096756609132046
261.69899999999996 2.134 -0.5200546349803777
281.985 2.748 -6.040726874501275
317.68899999999996 2.644 0.20987503275357988
322.482 2.852 -2.332340735103437
330.619 1.6150000000000002 -0.8724813977142164
353.075 3.059 -8.347991467670715
362.025 1.509 0.2686128269047402
366.784 2.85 -2.8273192286929403
387.674 3.16 -6.275678049175321
401.581 2.955 -4.404654155026833
408.10699999999997 2.13 0.5286401451014705
422.383 2.752 -2.4498163237299813
434.171 3.2640000000000002 -2.50855411760781
441.97700000000003 3.058 -1.8961000365936238
