11.174 2.955 -2.766545500135515
34.478 2.955 5.241585368595676
41.96999999999999 3.2640000000000002 3.6690484724371015
51.181000000000004 2.955 -2.5626754252984107
80.983 2.542 4.731910181692343
85.46199999999999 3.263 3.0866500948584403
100.771 2.957 -4.819545736202807
125.28300000000002 2.749 5.445455443724877
146.579 3.057 -4.1352123240626995
154.162 3.164 -0.6116102251242792
165.58 2.646 1.33945497258555
178.65800000000002 3.4690000000000003 7.265373753213768
194.869 3.059 -2.8684805381801217
200.86499999999998 3.263 4.178723659337459
207.878 2.852 2.9119918716055664
222.499 2.233 0.17465822333576222
228.071 3.263 2.1984466084069685
273.058 3.4699999999999998 4.353381882536425
309.67199999999997 3.159 2.3003816474820202
315.686 2.646 -3.3489438730728325
329.784 2.851 0.45125148486570704
346.97799999999995 2.9539999999999997 5.722048706839307
355.87700000000007 2.852 0.5531865233598962
363.666 3.2640000000000002 -3.2470088370202665
377.46999999999997 3.16 -0.9174153388612452
386.675 2.955 -0.33501696495678074
393.49399999999997 2.336 4.45531692065279
409.88599999999997 2.646 1.9218533470912857
428.678 3.057 0.8589916358084593
441.973 3.058 6.988780493147814
