20.098 2.234 -6.219861706749491
24.993000000000002 2.44 -6.061688376546135
49.18800000000001 2.748 -15.697514409741567
75.783 2.75 -25.40112901719913
82.681 2.853 -17.755737521010385
88.07199999999999 3.161 -4.297215736696531
96.874 3.26 -17.620160378796125
121.882 2.752 -9.929576504522103
129.895 2.439 -4.048657645470489
141.983 2.851 -27.36896736387053
164.58499999999998 2.853 -7.939141966806913
179.691 2.544 -15.720110602014357
212.401 2.134 -8.02952672480309
217.29600000000002 2.439 -21.53324088876619
221.57399999999998 3.162 -4.184234788709239
227.087 2.749 -15.787899172143822
232.474 3.162 -10.042557454273444
237.88099999999997 2.955 -7.916545776297899
247.575 3.161 -5.948707426666713
266.78000000000003 2.542 -11.784433903144231
274.278 2.646 -0.33894285084262676
288.06 3.3659999999999997 -8.097315294737598
294.77500000000003 2.852 -15.765302980463275
306.27200000000005 2.957 -15.810495360764703
331.769 3.2649999999999997 -19.63319110905537
346.31299999999993 1.8239999999999998 -9.906980314411557
350.666 2.955 -2.193800247594442
394.983 2.545 -8.052122914323201
403.181 2.749 -11.987799611433575
420.08299999999997 2.749 -2.306781196930541
430.06800000000004 3.3659999999999997 -0.36153903951516636
