17.476000000000003 2.956 -0.40673141788308376
28.889000000000003 2.644 -2.0808192970353816
61.878 2.955 -23.455886855759974
71.384 2.749 -17.733141331526905
80.77 3.263 -6.129476945817557
86.571 3.263 -13.752272252769465
91.983 2.851 -27.346371174419097
99.889 2.646 -11.852222472126915
110.69099999999999 2.543 -5.971303616593296
123.893 2.441 -6.016495996987337
139.97 3.2640000000000002 -4.003465266468425
147.368 3.3659999999999997 -4.252023355294658
163.374 3.161 -11.920011041379476
169.481 2.9539999999999997 -6.084284567438479
221.11700000000002 1.718 -4.026061458704051
235.40399999999997 2.1319999999999997 -9.974768884766181
240.17999999999998 3.056 -17.66535276035301
246.09699999999998 2.339 -15.833091551512881
251.09999999999997 2.336 -9.884384126038677
270.193 2.439 -6.039092186977474
287.97900000000004 3.058 -29.291613333038466
303.574 2.647 -6.174669326986913
308.662 3.16 -4.274619545031063
317.255 3.4690000000000003 -4.139042407534065
334.382 2.645 -2.2615888169689735
340.79100000000005 2.3369999999999997 -6.1520731369868065
360.48499999999996 2.646 -2.2389926277312404
372.56800000000004 3.3659999999999997 -6.197265515989201
390.577 2.645 -2.12601167755672
396.28000000000003 2.441 -19.655787300838202
416.901 1.923 -13.820060823071918
422.909 1.616 -17.6427565688267
428.277 2.749 -17.68794895050544
