10.172 2.955 -4.272713394307181
16.292 2.336 -2.9108876498999305
48.876 2.957 -3.6542125752474846
58.489 2.648 -7.802101865331398
93.773 2.852 -6.41947210078352
102.095 2.131 -0.17683415099702465
121.685 2.545 -2.8796816231900224
137.468 3.2640000000000002 -5.665745166954781
159.36 3.162 -4.293517412868362
186.858 3.367 -2.890083631236133
192.65800000000002 3.367 -8.493416744478404
203.405 1.722 -0.1456281259002056
209.081 2.647 -5.03684233927305
220.069 3.161 -0.8785510413299595
242.35700000000003 3.677 -2.1571607142925857
252.63199999999998 1.2039999999999997 -2.2195727691665423
256.977 2.5460000000000003 -0.8161389879866487
299.55400000000003 3.573 -0.8681490313800907
308.191 2.338 -1.5698659220749904
314.291 2.439 -4.324723440646102
326.877 3.056 -5.005636310933216
336.293 2.541 -7.0795809568969315
350.361 3.2640000000000002 -6.367462056377542
355.564 3.161 -2.858877605016573
364.876 2.749 -6.409070093251381
384.76 3.3659999999999997 -7.089982964202278
396.101 1.927 -0.124824106606802
401.17300000000006 3.056 -2.9212896602437524
408.565 3.2649999999999997 -9.195133636568261
415.286 2.645 -1.507453869920115
420.48599999999993 2.646 -0.1560301323393804
441.566 3.4699999999999998 -2.2715828127068436
