10.68 2.75 -11.50079044205794
26.884999999999998 2.646 -3.648868657396437
33.273 2.958 -1.8879468223741556
40.987 2.646 -8.169484250796057
52.205 2.129 -9.803381099176494
78.281 2.75 -20.796071598593816
89.07800000000002 2.9539999999999997 -8.614071698750179
94.96900000000001 3.263 -9.866893591481933
103.574 3.058 -19.352712227862984
127.602 2.13 -5.473302984791231
164.17799999999997 2.955 -3.775893641714143
182.48899999999998 2.644 -10.247968548880879
191.82 1.513 -7.107199834392206
207.381 2.852 -6.916662356352844
221.493 2.44 -8.804609176874104
232.293 2.441 -16.148431023774563
240.98900000000003 2.545 -0.8891748991397451
254.57199999999997 3.3659999999999997 -17.71881537905203
268.477 3.057 -3.7123811477235065
282.329 1.205 -9.99391857735042
293.898 2.3369999999999997 -11.310252966419567
300.628 1.307 -12.88063732239632
322.39599999999996 2.439 -0.8256624065926569
359.10900000000004 2.13 -14.705071649757878
374.78 3.161 -1.2702498529840387
393.00399999999996 2.1319999999999997 -2.3325342712872064
399.884 2.645 -17.845840363125827
410.50399999999996 1.927 -2.650096733338635
435.61699999999996 1.7200000000000002 -11.818352904947277
441.755 3.2649999999999997 -1.0797123767998322
