17.464000000000002 3.16 -4.762583640127435
28.063000000000002 3.061 0.8692157616016934
34.071999999999996 2.853 -0.9543646081672923
40.957 3.367 -2.0880158040338594
57.968 3.059 -0.7598460277378288
71.773 3.057 -0.583555737039918
88.273 3.16 -1.504460064305041
109.669 2.956 0.07291315466284636
115.959 3.3659999999999997 1.1518794848190121
124.073 2.852 0.7810706136560114
130.86900000000003 3.058 -0.0699168565605718
145.674 2.852 -2.8144015517462515
159.27100000000002 3.057 -0.9725928971963116
168.171 3.059 -0.28266372463176564
217.08399999999997 2.542 -4.656210210111863
232.28900000000002 2.338 1.1701077743431436
291.988 2.647 -3.540787302073415
297.675 3.161 -3.5225590128825766
307.685 2.443 0.9938174828386247
331.872 2.956 0.16105829842437538
339.5760000000001 2.852 -0.990821184998402
346.37300000000005 2.955 -2.407136105171502
357.38399999999996 2.646 -1.0789663303904249
363.67499999999995 2.956 -1.1853397645066825
371.489 2.543 -5.577114537532249
393.97200000000004 2.957 0.46195031223058763
418.366 3.1630000000000003 -3.0089201308386397
431.27 3.16 0.26743173550295285
441.66299999999995 3.367 -2.106244091385777
