5.4030000000000005 2.647 0.5318671710340556
34.787 2.44 -1.8934972223603048
63.407 1.7200000000000002 -0.4589540139134046
71.373 2.854 0.48017860239492816
136.39499999999998 2.133 -0.8844477519300055
147.706 1.822 -1.5926052112586109
153.18499999999997 2.543 -0.05168856681616738
172.818 1.411 -0.565327448573841
182.316 1.5139999999999998 -0.5470991606587189
202.08999999999997 2.543 -0.7780743150043954
208.5 2.234 0.9573609050219978
221.8 2.029 -3.1335218555178503
228.03100000000003 0.9980000000000002 1.045506051069596
238.482 2.748 1.2764812072099072
245.413 1.617 -4.142571327337754
253.839 0.7910000000000004 1.2947094966668418
266.279 2.851 -4.549836776053116
283.27199999999993 3.059 -1.805352079383964
292.313 1.6189999999999998 -3.3280404347083965
304.928 1.307 -3.4344138673528386
311.67 3.3659999999999997 -2.7080281190594904
322.724 1.307 -0.6899291730184146
328.11199999999997 1.7189999999999999 -3.628932446664933
335.60299999999995 2.028 -2.7262564067850694
364.01099999999997 1.8210000000000002 -1.5743769222256663
372.395 2.3369999999999997 0.24920344585711218
389.34100000000007 0.7919999999999998 0.762842325638614
394.784 2.75 -2.601654685065413
403.927 1.3080000000000003 0.8874440487579679
421.499 2.234 -1.0971946165461894
430.226 1.307 -1.273484908669784
