5.297000000000001 2.749 -8.172477146439075
10.674 2.9539999999999997 -0.8654043786013013
30.275 2.955 -0.13047437953352575
55.37 3.164 -3.589247368291894
61.581 2.854 -6.183564154212507
104.17 3.06 -3.9787741591590318
112.493 2.3369999999999997 -7.437547148309141
124.464 3.266 -6.91849415485929
137.968 3.2640000000000002 -4.324177369640438
154.26500000000001 3.4699999999999998 0.30222780618345607
178.878 2.853 -1.4276327741932782
184.67699999999996 2.854 -4.194651165204511
193.464 3.367 -3.502896566794743
203.07399999999998 3.057 -2.03303656703403
210.46499999999997 3.3659999999999997 0.5612802181366497
215.761 3.4699999999999998 -6.745792548978905
221.688 2.543 -6.832143352093169
241.98 2.956 -2.595264961338702
262.574 3.058 0.3454032123105515
287.373 3.059 -3.330194960627665
295.67 3.162 -4.021949558398392
326.481 2.852 -5.448634156202328
338.3 2.234 -2.724791166975604
361.135 0.8980000000000001 -2.162562772427545
376.884 2.75 -3.027018977347368
391.59000000000003 2.544 -0.4327021882152989
397.481 2.853 -0.9517551814257247
404.47100000000006 3.263 -4.972756566136009
418.668 3.3659999999999997 -3.6324227707985774
426.785 2.75 -0.9085797816820333
444.145 0.891 0.38857861200827615
