5.195 2.852 -12.749503596820006
14.872 3.057 -5.405907981860611
34.577000000000005 2.852 -7.079703017189685
65.16 3.471 -12.470537755755903
73.262 3.4699999999999998 -18.924457335970146
81.179 2.9539999999999997 -5.737652340957584
90.587 2.848 -7.411447375953722
111.064 3.367 -7.795970255504568
121.402 2.129 -4.410674909281823
132.585 2.5460000000000003 -12.191571918813516
151.378 2.853 -5.021385106119106
159.28500000000003 2.5460000000000003 -4.01107878804616
165.88500000000002 2.647 -7.969379055913862
172.09099999999998 2.542 -9.243577971484768
185.602 2.233 -17.755815458834462
241.284 2.749 -15.418531707431038
248.268 3.2640000000000002 -14.197111310325381
274.062 3.472 -5.1797206622900465
279.675 3.06 -6.57454985872349
291.775 3.058 -12.696725077110727
298.468 3.2649999999999997 -4.795197783990995
313.798 2.2359999999999998 -5.074163623121749
318.97 3.2640000000000002 -10.080475487012079
332.664 3.4699999999999998 -7.690413215505104
338.279 3.0549999999999997 -6.800737180289172
380.56899999999996 3.367 -10.69118568345506
401.586 2.649 -6.0166181810505694
410.695 2.44 -7.132481536295822
415.467 3.468 -8.911833608940627
423.68800000000005 2.847 -3.7321129486305953
428.166 3.4690000000000003 -9.85428816625213
436.587 2.648 -13.307435275031144
