10.884 2.748 -2.8966052230834705
32.008 1.928 -2.7056123019113305
50.980000000000004 2.5460000000000003 0.507434873703902
61.787000000000006 2.439 4.293460809772434
67.37100000000001 2.955 -1.1290412866436503
82.189 2.44 -2.3292652085221763
91.397 2.133 0.8238768266174681
99.50200000000001 2.029 -4.282183317589966
108.50299999999999 2.03 0.13108777844133446
117.197 2.438 -3.0220542550263514
124.288 2.748 -3.7148433023664875
131.703 1.8239999999999998 5.302691811021811
146.011 1.617 4.227916923463836
154.487 2.441 0.005638746661475476
167.68200000000002 2.646 -2.5801632713309277
180.60600000000002 1.923 -0.6871503008252945
201.899 2.233 5.368235699535433
230.79000000000002 2.339 3.218685920834178
255.20000000000002 1.9289999999999998 3.97701885813697
272.583 2.646 -0.7526941906434288
278.506 1.8239999999999998 2.2094549203904426
315.01599999999996 1.6189999999999998 1.4567607305775896
319.894 2.2359999999999998 1.3313116996877192
326.61199999999997 1.718 -0.05990514359880519
334.823 1.2069999999999999 3.158780778513758
341.72700000000003 1.2060000000000004 3.3497736986295994
378.533 0.9980000000000002 3.284229811734948
383.09799999999996 2.233 2.591440762920735
423.29299999999995 2.439 2.1495497787574047
442.18 2.852 1.2657678094754992
