26.191000000000003 2.444 -0.1470987405768521
31.194 2.4419999999999997 -6.20810519394869
36.382999999999996 2.854 -5.432092048214347
61.605000000000004 2.031 -7.182385683162804
127.27499999999999 2.545 -3.0869963976903554
135.908 1.513 -2.707517922918187
142.484 2.338 1.0254490857439889
148.19099999999997 2.032 1.4049275591718624
156.87900000000002 2.646 -3.285263737525931
225.38199999999998 2.339 -0.9572242885304832
230.876 2.5460000000000003 -11.476042300512425
252.28199999999998 2.443 -1.733237436965605
259.926 1.0 0.43064707260449586
264.46799999999996 3.059 -8.932679315611894
270.467 3.161 -3.8800657475032336
275.46500000000003 3.2640000000000002 -8.751468180897279
285.7 2.031 -0.5606896125334697
290.181 2.75 1.4219837606660852
300.875 2.959 -0.7248445516418928
322.06 3.1630000000000003 -7.760131494422514
330.0930000000001 2.03 -2.8887290612515404
335.369 2.854 -0.3453660743001971
372.688 2.3409999999999997 -3.069940198761058
378.985 2.645 -13.622870613911793
386.38599999999997 2.646 2.1809407087201436
395.874 3.06 -5.613303183994604
412.475 2.649 -2.492194387661099
420.283 2.3409999999999997 2.36215184646784
428.264 3.161 -11.674309641107984
