11.007 2.624 -0.7419007517847386
19.979 3.3520000000000003 -2.9057852608306804
29.682 3.249 -9.130946654863093
38.47 3.5620000000000003 -6.802907206920285
43.88 3.3529999999999998 -4.656078894275764
71.38799999999999 3.144 -11.27777496518037
91.205 2.727 0.24943593444649007
95.88000000000001 3.252 -8.553200842887485
106.861 1.2710000000000004 2.379208047056654
124.02199999999999 2.311 -1.71618123777344
132.59199999999998 3.041 -6.78585100738783
143.686 3.248 -8.354933504519645
152.42499999999998 2.21 -5.035557370505816
164.04 1.7930000000000001 1.2066602222292482
176.691 3.042 -3.6647422117587536
223.024 2.21 0.9913366847234054
230.192 0.5419999999999998 -4.259544223618986
261.003 2.834 1.2237164221703059
281.59000000000003 3.145 -6.9841183444915576
291.83599999999996 1.999 2.1638845086567056
317.18399999999997 3.146 2.197996906127083
322.496 2.835 -1.9144485746011024
329.195 3.041 0.034112399198641195
352.87 3.25 -10.303494477299896
360.792 2.729 2.3962642458385024
366.78900000000004 2.834 -2.09565971075251
387.784 3.042 -7.777187695092605
401.799 2.73 -4.440755360031982
408.75 1.48 1.7844060366406231
422.19499999999994 2.937 -2.3109832499061
434.80600000000004 2.628 -2.50925058467417
441.892 3.145 -1.9315047736840552
