21.334999999999997 0.9980000000000002 3.136999499860475
24.477 2.957 1.3369954214365396
48.971000000000004 2.955 -1.7489766282310595
75.77600000000001 2.75 -4.063518362145519
82.367 3.16 -0.8747390881836303
96.969 3.161 -2.417599727110281
121.782 2.852 0.25689266492238627
129.994 2.3409999999999997 0.977044763358819
141.87 2.957 -4.217854580086128
164.46900000000002 2.958 0.15408544455478504
179.789 2.439 -1.4918331892496208
204.393 2.339 2.8285778379241475
212.399 2.134 1.1826592036483825
216.26500000000001 3.4690000000000003 -2.983415605691989
221.263 3.472 2.5199054005750354
226.254 3.574 -0.7204028717304317
233.188 2.44 1.542609863736047
237.564 3.2640000000000002 -0.10305799569476169
247.77299999999997 2.955 0.051278225482814535
257.16400000000004 3.2649999999999997 2.622963395525987
266.06600000000003 3.263 -1.1831607526984973
288.26800000000003 3.162 1.9540895227308175
294.16099999999994 3.4699999999999998 -0.9775463118355022
306.38 2.853 -0.46325943009121245
332.279 2.751 -2.057649065166422
344.866 3.2640000000000002 -0.0002507751293961531
350.675 2.955 2.4170981795638995
378.09700000000004 2.133 2.468627175964994
394.781 2.751 1.439802642426932
402.56899999999996 3.367 1.1311302055040928
425.789 2.4419999999999997 1.2857172005916655
