28.578000000000003 2.956 1.1313809798459615
62.185 2.647 -3.6520387024139365
71.074 3.057 -1.1318825301467
81.491 2.541 2.1084257401674678
86.774 3.058 -1.3374969712358766
91.361 3.471 -4.47499801941131
98.96000000000001 3.572 -0.4117304316790633
109.96700000000001 3.2649999999999997 0.30842166236144347
122.968 3.3659999999999997 0.8227085432760761
140.895 2.3369999999999997 0.46275788152639646
163.576 2.957 0.3596998853839547
169.16899999999998 3.2640000000000002 1.5941388630207145
219.983 2.851 0.7199013222001075
234.376 3.161 0.7711795433398414
240.072 3.162 -1.9033128485396456
246.30400000000003 2.13 -0.20611599148625406
249.86200000000002 3.572 -0.25739421456956146
270.089 2.545 1.0798519829542084
288.38800000000003 2.647 -4.886477680466976
296.291 2.544 3.0857212769493896
303.279 2.956 2.622712621884123
317.367 3.368 2.0056185220148475
333.878 3.16 3.188528497792125
340.796 2.339 2.3655691809511263
359.77 3.3659999999999997 2.9313850588400325
372.975 2.955 2.879856061061051
380.272 3.2640000000000002 2.9829140555453177
390.174 3.057 1.6456678593693257
395.97999999999996 2.752 -1.8005056282449983
415.57099999999997 3.266 -0.5660666507349638
422.28499999999997 2.235 -2.1604562886898595
427.448 3.573 -1.646169406523216
