11.991 2.747 0.7595430697075617
30.089 2.646 0.6466270548177337
42.69799999999999 2.3369999999999997 -0.7237996140939118
52.392 2.543 -2.5767593575949674
61.091 2.645 -0.48253307774014614
68.193 2.543 -0.5954490882295788
96.66199999999999 3.058 -4.316803090481334
103.96100000000001 3.16 -0.49796758607059355
132.488 2.44 -0.046303532645298386
148.986 2.543 -0.15921954884278192
164.377 2.9539999999999997 -2.1096607941513357
170.49300000000002 2.439 0.09748150217830459
175.48899999999998 2.544 0.06661248040381815
188.58499999999998 2.853 -3.0438579234361463
194.273 2.648 -8.13563859300993
215.071 2.853 -4.090971065589594
221.59 2.234 -3.382605962711891
227.18900000000002 2.2359999999999998 1.3549921569056649
240.07999999999998 2.648 -4.429719104744596
267.97799999999995 2.855 -1.6579967428860043
276.181 2.853 -3.2851244584032693
288.557 3.2649999999999997 -6.395594860830619
317.964 3.061 -7.555624015364333
337.07300000000004 2.955 0.08204698963503315
361.284 2.748 -4.54263511657286
370.49100000000004 2.443 1.0008096065368994
375.874 3.161 0.8878935916091529
381.388 2.648 -0.8367156265662722
387.269 2.955 -4.7839016539388615
393.606 1.718 0.32331352706016786
413.27 2.855 -1.0625476507494973
419.176 2.75 -2.2380113184335744
441.664 3.3659999999999997 -0.2721355597399825
