22.393000000000004 2.935 1.5271916530895033
28.178 3.251 0.9523398662789229
61.285 3.25 -0.6262143216322532
69.187 2.938 0.19736371152731716
75.386 2.939 -2.024644143624494
83.60900000000001 2.416 0.8622776792708989
88.59 2.935 1.3727485525928855
94.684 3.041 0.7722154970383202
100.719 2.206 -1.7586785530805802
105.685 3.041 0.33034650481025707
120.201 2.628 -2.136166632928187
140.195 2.937 -0.13720375643036511
145.288 3.045 1.4413504318128432
161.59 2.936 -1.402650781628345
175.77199999999996 3.354 1.0853226597907655
183.29799999999997 2.728 -1.1581454992880602
216.70600000000002 2.623 0.8193570716872064
221.679 3.251 1.3083676388691308
234.61700000000002 2.415 0.7978967670970544
242.00599999999997 2.627 -1.046623010214376
247.50900000000001 2.625 -0.6476746265476001
254.482 3.146 1.0638623541771657
261.395 2.833 0.8837379878346735
290.929 1.999 -0.3602487327985483
295.927 2.101 0.24028432022147742
307.906 2.622 0.6177723981053342
324.195 2.936 -1.8702010441938746
332.90700000000004 2.626 -2.758159991893892
342.42 2.414 0.7078345821988941
349.499 2.73 0.30888619849956284
372.72200000000004 2.207 1.2612260673247278
392.28999999999996 3.04 0.5062499114239555
408.34499999999997 1.685 -0.7591971164495315
413.28 3.25 -0.24872624665472165
