4.9879999999999995 3.057 -9.209723307559052
14.076999999999998 2.851 -7.3373156574946625
22.464 3.263 -9.348089592751286
30.482 2.646 -5.603274288182938
51.573 2.955 -11.446458160859667
67.173 3.058 -8.116741709485643
72.78699999999999 2.545 -5.880006856214143
111.887 2.542 -5.188175436567231
116.769 3.16 -13.959925580305912
129.083 2.646 -6.885393823343539
137.872 2.957 -10.353476560687476
162.274 2.957 -5.515679654700662
171.102 2.03 -6.557889605452727
192.579 2.851 -11.949151644607234
197.27 3.16 -6.419523320983318
205.073 3.057 -8.34270262567244
213.472 3.058 -8.430297258643384
221.89499999999998 2.2359999999999998 -4.787025254275298
227.671 3.16 -5.74164057228387
235.36699999999996 3.2640000000000002 -8.255107993908982
252.79399999999998 2.3369999999999997 -4.823848237059296
263.575 2.957 -7.92760377321546
293.97499999999997 3.057 -12.225884210991607
305.67 3.162 -11.308091877842205
325.16700000000003 3.2649999999999997 -10.717803760317848
348.97900000000004 2.955 -5.9676014890445925
363.886 2.647 -7.563276572287569
376.074 3.162 -9.98914935901606
381.78100000000006 2.852 -6.608661256784853
409.475 3.058 -7.701642859587097
422.771 3.263 -8.065970057925423
441.871 3.1630000000000003 -14.82694626555053
