18.476999999999997 3.161 -4.375150924042455
27.758 3.1630000000000003 3.7426355398904643
33.667 2.955 2.5773957743023703
43.081 2.4419999999999997 2.2243567722960123
49.655 3.4699999999999998 -1.3753746984272044
63.469 3.058 3.424267262788578
68.96300000000001 3.2649999999999997 -5.081228929118188
78.28 2.75 4.201797300862127
97.18299999999999 2.751 2.118234013938875
102.16499999999999 3.3689999999999998 -2.4344917041028062
116.76899999999999 2.854 2.5427250505972063
129.26700000000002 2.855 2.9304347771115267
138.996 2.028 -0.3162576921118936
145.573 2.852 1.8366470449350552
166.08800000000002 2.441 0.6714072810048939
173.174 2.956 -4.834312682798616
182.17699999999996 2.854 -0.06934144944239337
188.877 3.058 -1.6222909405872457
200.882 2.853 1.9774405294759152
219.45700000000002 3.367 -6.6341784199417955
225.56 3.2640000000000002 -1.2692519390470398
234.869 2.955 0.8836527990261369
240.761 3.2640000000000002 1.0244462833020076
270.274 2.956 3.7773062647660813
277.19899999999996 2.1319999999999997 2.4366022918709977
290.494 2.44 1.5897308021728476
300.68199999999996 2.9539999999999997 0.918323523387993
336.21 1.516 3.4957192970555644
353.05600000000004 3.472 2.824312017982265
359.478 2.851 -4.128234681885591
373.131 1.0 2.2958088062246356
380.363 3.37 -3.281363193108337
411.58399999999995 2.543 -0.5631739351380123
419.486 2.441 -2.6814079501390444
