18.188 2.4419999999999997 -7.28531244142333
28.169999999999998 2.96 -0.6851615221240602
33.974999999999994 2.956 -3.4880309466277546
41.272 3.06 -4.568365524397929
58.388 2.647 -2.9102725609969786
66.98 2.851 -0.7603437200627898
72.184 2.647 -1.7332751593733582
89.39999999999999 2.031 -2.835090363307651
109.674 2.957 -2.3969560561132566
124.389 2.543 -1.2736602232600056
131.079 2.853 -1.187737714402167
145.785 2.749 -5.092422345066941
159.48100000000002 2.855 -2.888791933027722
168.69 2.543 -1.1662570863428987
216.57299999999998 3.06 -7.296052751391217
260.502 2.235 -0.20406596097075064
291.781 2.853 -5.616479161102751
297.364 3.4699999999999998 -6.215718177164439
307.17699999999996 2.958 -1.2951408500861676
331.777 3.058 -1.8084573557521049
339.375 3.06 -2.289552920060998
346.176 3.16 -4.536144583293363
356.774 3.263 -2.8780516189022434
363.169 3.4699999999999998 -2.8673113070589404
371.18300000000005 2.852 -8.397867957946628
395.01099999999997 1.9249999999999998 -1.2414392826889638
418.27 3.262 -5.67018073017439
432.61199999999997 1.8239999999999998 -1.8191976705017507
442.286 2.751 -3.9691265115542698
