5.090999999999999 2.956 -2.9807980452318015
19.576 2.956 4.0067944502900525
25.369000000000003 3.2640000000000002 -3.210554583731255
49.879 2.748 2.1371100315224316
76.574 2.853 2.7194094027925737
84.58900000000001 2.338 3.6542516142090262
114.581 2.751 2.7728945289176887
119.791 2.542 3.0184671159581957
125.382 2.752 3.884008153023671
133.076 3.059 2.0301397833232016
150.783 2.445 0.2832416615534304
168.383 2.545 4.872335485851051
182.58599999999998 2.4419999999999997 4.749549192249457
191.976 2.753 -4.145396791327984
200.878 2.852 2.89568082313106
233.898 2.438 0.5129982022908236
258.668 3.162 -0.2455725887239214
267.879 2.751 -4.727696166151855
288.90700000000004 1.823 -2.6282552103538572
294.406 1.924 -1.1804147976699233
308.509 1.923 -0.2990577129915672
319.50000000000006 2.234 -1.0576285016695688
328.4 2.2359999999999998 -1.5864427529067828
334.294 2.3369999999999997 -3.1570694609982013
341.68299999999994 2.648 0.919026161333177
346.98900000000003 2.542 0.7962398652061317
371.57099999999997 3.06 0.9725112820961784
386.09799999999996 2.334 -3.3868259999986194
391.58599999999996 2.5460000000000003 1.7310820748672082
398.79699999999997 2.235 -0.42184400541030503
