4.9990000000000006 3.044 -5.90471638449636
10.379 3.147 -6.074894412765163
24.585 3.042 -8.4969412796322
55.367999999999995 3.564 -12.830500932434225
76.294 3.042 -3.4826695204361497
86.79200000000002 2.835 -4.8163821608915915
97.58300000000001 3.044 -3.2650026737156805
106.29899999999999 2.529 -8.97976378708461
118.882 3.045 -7.8914295649183765
136.32 2.21 -11.789655526021594
142.294 2.8369999999999997 -4.598715317369992
151.188 3.044 -9.973120375977706
179.29500000000002 2.834 -4.476026109055535
186.79399999999998 2.734 -4.646204134526514
194.491 2.8369999999999997 -3.2175138571587265
203.60000000000002 2.629 -2.8771578031134095
208.78900000000002 2.84 -7.163228638474447
221.895 2.734 -3.170025039694942
228.114 2.315 -5.564360335851356
269.79 2.94 -7.986407200178483
286.083 3.147 -6.3400500775182325
301.101 2.629 -8.762096942270361
307.618 2.2119999999999997 -3.312491492983813
329.60999999999996 2.42 -3.557869910259183
343.5930000000001 2.84 -8.544430096855084
357.796 2.939 -10.360965245678841
367.194 2.8369999999999997 -9.802942348933493
374.823 2.108 -6.169872049949487
385.893 2.838 -4.30584808089945
404.294 2.8369999999999997 -6.027405594054135
409.789 3.043 -5.857227569106198
425.22099999999995 2.211 -5.6870495430716375
429.27399999999994 3.3579999999999997 -8.109096407669544
