28.162 3.2590000000000003 -7.650002490608691
46.861999999999995 3.362 -3.8329272214794474
55.867 3.1580000000000004 -3.506911639533707
62.182 2.644 -1.2230072570207995
82.09800000000001 2.332 -1.6635771202683747
86.473 3.157 -0.456421813236949
97.573 3.26 -5.513253947678746
104.691 2.642 -4.9422778527762485
117.46300000000001 3.673 -8.286181700989337
133.194 2.228 -1.5983740025639415
150.66000000000003 3.2649999999999997 -3.7351225466681335
164.597 2.333 -0.8317885582150438
173.175 3.0540000000000003 -0.554226487961776
197.168 3.466 -7.519596259215089
202.47500000000002 3.26 -1.6309755621112791
208.572 3.263 -3.001138658911883
220.761 3.263 -5.072684086181391
246.081 2.644 -0.6520311632512643
251.566 3.362 -8.889759354665133
259.367 3.26 -4.306098640635876
277.77 3.261 -4.844473178802382
293.38800000000003 2.846 -4.208293968885974
305.27399999999994 3.362 -1.0599994665889123
318.05699999999996 3.468 -3.0989433345774446
333.171 2.9539999999999997 -6.916018603603084
340.869 3.056 -0.4238202550290493
353.66700000000003 3.263 -2.3975610068134743
359.659 3.4699999999999998 -4.240895525101536
382.38000000000005 3.053 -5.105285642566492
400.87399999999997 3.362 -6.3124409509580754
406.766 3.26 -4.436504873687975
435.95899999999995 3.468 -7.584799374488374
