26.089 2.545 -0.5571968586439063
31.298000000000002 2.3369999999999997 -3.411001028449617
36.073 3.1630000000000003 -2.9846259000325905
61.903000000000006 1.7200000000000002 -3.9030060223667205
127.497 2.338 -1.8693561764433295
134.46800000000002 2.956 -1.5742407803515683
142.384 2.44 0.0004380038182235168
147.064 3.16 0.29555340006312003
156.974 2.55 -1.9349860448170235
225.09 2.646 -0.6558606590517443
230.16000000000003 3.2649999999999997 -6.002285735563525
252.695 2.031 -1.082235786278495
259.0 1.927 -0.1964515924962528
264.777 2.749 -4.821386147531709
272.422 1.205 -2.131875643651792
275.67 3.058 -4.5919006166313485
284.97800000000007 2.751 -0.5246009236995743
290.69599999999997 2.235 0.13169773680552138
295.787 2.544 0.7549624634143528
302.018 1.8139999999999996 -0.9179421191538352
322.58799999999997 2.648 -4.263751286104272
329.17099999999994 2.956 -1.8037263105762031
335.58299999999997 2.644 -0.6228267236944982
372.791 2.237 -2.0332118421645187
378.57 3.059 -7.051925592081828
386.88899999999995 2.141 0.7219285289789167
395.979 2.957 -3.214111428696615
412.077 3.058 -1.6724665804861722
428.67800000000005 2.75 -6.067915603263724
