15.108 1.721 0.49244299830409455
32.782000000000004 2.851 0.09866380213526636
40.882000000000005 2.852 -1.0166059216701857
51.87400000000001 2.852 -5.5102807409842525
61.367000000000004 3.059 -1.7380964454044503
74.77700000000002 2.749 -2.2957313068827725
101.18599999999999 2.4419999999999997 -0.9509760550519122
108.582 2.647 -2.722106435612008
113.972 3.058 -4.034265755008486
120.676 2.955 -3.1484815654534763
134.974 3.16 -6.5599205975563
143.283 2.853 -1.4755769808009152
150.89700000000002 2.13 -0.3603072591512445
166.313 1.5139999999999998 -1.0492018535425376
169.76500000000001 3.162 -0.3933411933837627
178.18 2.647 0.03303393346669411
183.27399999999997 2.9539999999999997 -1.6068367131362828
202.30100000000002 1.928 -0.06519186146759197
209.27 3.16 0.39377919556429153
266.17100000000005 3.058 -4.952645879413215
275.27500000000003 2.854 -3.279741296425497
289.571 3.058 -2.9189960337743406
298.266 3.263 -5.083905612352147
304.485 2.645 0.6893325960922265
323.471 3.1630000000000003 -0.5902307942704689
352.77799999999996 2.752 -0.6884565884332691
358.365 3.2649999999999997 -3.345371162671722
371.17 3.06 -3.54226076203086
383.68499999999995 2.646 0.1642936676379155
389.27 3.161 -0.49156699315418023
395.77799999999996 2.853 0.5250389306797646
403.578 2.853 -3.1158856335140155
408.864 3.368 -5.379021007590066
428.57 3.066 -1.180461583735594
