5.398 2.645 0.49080378980775885
10.969 3.266 -6.137958437161698
19.474 3.161 -2.9614452499139965
38.562 3.573 -1.5110565819129969
53.358999999999995 3.676 -5.636113158826823
69.763 3.574 0.5514717038092838
89.684 2.852 -3.5735848703001376
98.155 3.4699999999999998 -2.178343375383077
113.36099999999999 3.367 -0.34192451141680524
144.658 3.675 -1.5662037535424662
168.87300000000002 2.647 0.33088302276817616
184.05899999999997 3.2640000000000002 -0.1764829992802125
198.755 3.671 -1.731645264080915
204.763 3.2640000000000002 -1.9577546914113928
210.266 3.162 -0.0055207428193724825
237.775 3.058 0.049626424212626176
250.336 4.499 -2.9062980791175095
265.87 2.852 -5.079120709177875
271.07200000000006 2.852 -1.792313180520714
284.451 3.573 -3.1268867624847148
299.874 2.853 -1.180173560636176
304.66400000000004 3.2649999999999997 -4.466981087117667
346.79 2.645 -1.1195056437692896
355.458 3.2649999999999997 -0.23163017122094992
360.96000000000004 3.263 0.5459509597174029
368.149 3.675 -4.687569769754994
377.85100000000006 3.573 -2.459599969728672
395.858 3.4690000000000003 -2.3493056303426556
403.06700000000006 3.162 -1.1250263901597952
408.04900000000004 3.7800000000000002 -5.691260328232973
414.27299999999997 3.057 0.32536227824643404
420.378 2.9539999999999997 -0.11581508363264875
427.189 2.644 -4.742716939572358
