6.554 1.512 1
9.974 3.057 1
16.19 2.4419999999999997 -1
21.900000000000002 2.2319999999999998 1
26.471999999999998 3.06 1
31.966 3.266 1
37.769 3.2640000000000002 1
47.38499999999999 2.749 1
53.309 1.9260000000000002 -1
58.768 3.364 1
69.711 1.721 -1
78.693 2.44 1
84.698 2.235 1
91.16599999999998 3.367 1
98.863 3.0700000000000003 1
106.70799999999998 1.8250000000000002 -1
111.978 2.755 1
119.085 2.548 1
126.97099999999999 3.062 1
134.06699999999998 3.467 1
139.26899999999998 3.365 1
149.611 1.8239999999999998 -1
155.818 1.7189999999999999 -1
165.60999999999999 1.8239999999999998 1
172.26600000000002 3.368 1
177.663 3.5709999999999997 1
184.36100000000002 3.573 1
192.36200000000002 3.572 1
198.177 3.157 1
206.283 2.852 1
214.58800000000002 2.646 1
220.997 2.338 -1
226.877 3.058 1
235.46 3.575 1
242.905 2.03 -1
248.98000000000002 2.957 1
253.979 2.958 1
259.571 3.368 1
269.291 2.645 1
275.27599999999995 3.16 1
284.69 2.645 1
293.928 1.3080000000000003 -1
299.98999999999995 2.646 -1
309.695 2.541 -1
316.671 3.161 1
323.964 3.4690000000000003 1
330.402 2.234 -1
337.738 0.9980000000000002 -1
343.372 2.748 1
350.20399999999995 1.617 -1
354.78499999999997 2.237 1
360.781 2.4419999999999997 -1
365.571 2.853 1
371.176 2.749 1
376.159 3.367 1
382.06899999999996 2.958 1
390.873 3.058 1
396.761 3.368 1
402.669 3.161 1
412.48699999999997 2.645 -1
421.183 2.851 1
429.392 2.443 -1
434.07500000000005 3.263 1
442.067 2.955 1
