4.888 3.159 -1
10.365 3.263 -1
16.983999999999998 2.544 1
22.467 3.161 -1
30.292 2.3369999999999997 -1
37.272999999999996 3.057 -1
46.602 2.13 -1
52.767 3.3659999999999997 1
63.38999999999999 2.645 -1
68.069 3.367 1
74.562 3.367 -1
81.58599999999998 2.543 1
89.559 3.4699999999999998 1
95.15899999999999 3.4699999999999998 1
100.96000000000001 3.4690000000000003 -1
107.283 2.646 1
111.766 3.2640000000000002 -1
120.567 3.263 -1
129.46300000000002 3.367 -1
137.367 3.2640000000000002 -1
145.469 3.2640000000000002 1
151.362 3.572 -1
157.37800000000001 3.057 -1
166.468 3.263 -1
177.30999999999997 1.721 1
185.58799999999997 2.543 -1
195.408 1.823 -1
199.173 3.058 -1
204.36999999999998 3.061 1
209.98899999999998 2.542 -1
215.97099999999998 3.16 -1
221.56699999999998 3.2640000000000002 -1
231.37199999999999 3.159 -1
236.06300000000002 3.4690000000000003 1
243.374 3.059 -1
249.967 3.367 -1
255.67400000000004 3.161 -1
264.571 3.161 -1
272.58299999999997 2.749 1
278.98699999999997 2.545 -1
286.591 2.441 -1
292.70200000000006 2.03 -1
300.2 2.1319999999999997 -1
305.281 2.851 -1
313.81100000000004 1.722 1
322.589 2.544 -1
330.39000000000004 2.543 -1
338.595 2.338 1
344.298 2.336 1
350.70500000000004 2.03 1
355.9 2.336 -1
362.869 3.2640000000000002 -1
370.02000000000004 1.513 -1
376.41400000000004 1.7189999999999999 1
380.583 2.751 -1
388.70000000000005 2.234 -1
394.885 2.749 -1
400.473 3.161 1
409.58 2.9539999999999997 1
415.166 3.468 -1
423.28499999999997 2.749 -1
428.588 2.646 1
437.40700000000004 2.0269999999999997 1
442.07800000000003 2.957 1
