4.7829999999999995 3.266 -1
10.98 2.852 -1
16.265 3.368 1
21.367 3.367 -1
29.959000000000003 3.676 1
40.05800000000001 3.471 -1
45.869 3.16 1
53.571999999999996 2.957 1
59.678999999999995 2.75 -1
64.35199999999999 3.677 1
69.354 3.675 1
75.572 2.957 -1
83.36200000000001 3.368 -1
88.561 3.3689999999999998 -1
97.568 3.263 -1
103.266 3.266 -1
109.457 3.676 -1
117.36500000000001 3.4690000000000003 -1
126.159 3.777 1
132.761 3.3689999999999998 -1
139.957 3.573 1
145.763 3.368 -1
152.05200000000002 3.779 1
157.55599999999998 3.675 1
166.05899999999997 3.572 -1
174.364 3.367 -1
179.655 3.676 -1
187.87600000000003 3.058 -1
193.47599999999997 2.955 -1
200.31 1.822 -1
207.288 2.647 -1
212.56400000000002 3.4699999999999998 -1
218.45999999999998 3.675 -1
228.168 3.2640000000000002 1
237.768 3.2640000000000002 1
242.968 3.2640000000000002 -1
248.059 3.573 -1
256.37600000000003 3.056 -1
265.172 3.06 1
270.15900000000005 3.573 1
279.266 3.3659999999999997 1
285.05899999999997 3.574 -1
293.16299999999995 3.4699999999999998 -1
298.65599999999995 3.677 1
304.681 2.853 1
311.36199999999997 3.574 1
319.264 3.572 -1
324.157 3.676 1
332.79200000000003 2.441 -1
338.17400000000004 3.159 -1
344.36 3.574 1
351.05400000000003 3.7800000000000002 -1
357.556 3.778 1
366.656 3.778 1
373.45300000000003 3.8810000000000002 1
379.652 3.882 1
385.95500000000004 3.779 1
393.057 3.677 1
402.16100000000006 3.573 -1
411.567 3.4690000000000003 -1
419.1669999999999 3.4699999999999998 -1
424.16200000000003 3.573 1
433.863 3.572 -1
441.257 3.778 1
