5.005 3.045 1
14.821000000000002 2.1109999999999998 1
23.517000000000003 2.316 1
28.075000000000003 3.3579999999999997 -1
38.922 2.2119999999999997 1
48.127 2.108 -1
56.613 2.42 -1
62.309 2.524 -1
71.024 2.21 1
77.117 2.2159999999999997 1
82.32600000000001 2.1069999999999998 -1
86.795 2.838 1
92.924 2.21 1
98.306 2.528 -1
106.37100000000001 0.9630000000000001 -1
110.92599999999999 2.108 1
118.195 2.939 -1
123.17699999999999 3.357 1
133.535 1.8989999999999996 -1
138.29999999999998 2.835 1
146.522 2.214 1
151.728 2.2119999999999997 -1
158.69899999999998 2.835 1
164.513 2.421 -1
173.191 3.044 1
184.03900000000002 1.7960000000000003 1
191.67499999999998 3.46 1
197.69299999999998 2.942 -1
203.836 1.8989999999999996 -1
209.31 2.525 -1
214.783 3.252 1
222.13699999999997 1.8989999999999996 -1
231.30900000000003 2.628 1
238.605 2.731 1
246.317 2.42 1
251.689 3.251 -1
260.427 2.2119999999999997 -1
266.118 2.418 1
272.77299999999997 3.252 1
278.397 2.629 -1
287.01500000000004 2.2119999999999997 1
294.016 2.213 -1
299.41200000000003 2.3169999999999997 1
306.21099999999996 2.42 -1
310.79499999999996 2.836 1
319.52500000000003 2.008 -1
328.53100000000006 2.006 1
334.96500000000003 1.173 -1
340.769 3.152 1
347.87999999999994 2.942 1
360.911 2.213 -1
368.499 2.626 1
377.286 2.941 1
382.38199999999995 3.045 -1
390.022 2.0069999999999997 1
395.891 2.839 1
401.497 2.734 -1
406.885 3.147 -1
414.494 2.939 1
422.546 1.488 1
428.795 3.044 1
436.16999999999996 3.252 -1
442.91499999999996 2.1069999999999998 1
