5.003 3.041 1
11.655999999999999 3.7720000000000002 1
18.399 2.73 1
24.482999999999997 3.248 1
34.095 2.937 -1
40.58 3.3529999999999998 -1
47.38499999999999 3.249 -1
55.583999999999996 3.04 -1
63.961 3.5629999999999997 -1
70.06299999999999 3.561 -1
75.158 3.666 -1
80.657 3.667 -1
88.26400000000001 3.561 -1
97.57400000000001 3.3529999999999998 1
106.16399999999999 3.664 1
111.86399999999999 3.665 1
120.29 3.041 -1
126.287 3.145 -1
134.87199999999999 3.561 -1
143.201 2.833 1
150.38400000000001 3.041 1
158.762 3.5629999999999997 -1
164.573 3.3520000000000003 -1
174.17399999999998 3.3520000000000003 -1
179.85999999999999 3.666 -1
190.696 2.73 1
196.366 3.561 1
204.08100000000002 3.248 -1
210.518 2.312 -1
214.366 3.564 1
222.18 3.3520000000000003 -1
228.796 2.937 1
235.07100000000003 3.5629999999999997 1
243.27900000000002 3.248 -1
249.983 3.144 1
255.678 3.249 1
261.086 2.941 -1
267.2 2.627 -1
271.881 3.146 -1
279.875 3.252 -1
285.97700000000003 3.25 1
291.367 3.46 1
300.88100000000003 3.248 -1
309.877 3.3529999999999998 -1
316.184 3.248 -1
321.572 3.561 -1
331.375 3.459 1
336.88100000000003 3.354 1
345.797 2.831 -1
351.591 2.937 -1
359.188 3.04 -1
364.475 3.3529999999999998 1
369.881 3.148 -1
377.094 2.935 1
384.267 3.5620000000000003 -1
390.573 3.456 1
396.488 3.041 -1
401.073 3.457 -1
409.87199999999996 3.459 1
418.911 2.622 -1
423.581 3.3529999999999998 -1
430.975 3.56 1
436.176 3.3529999999999998 -1
441.686 3.351 -1
