4.571000000000001 3.457 -1
10.463000000000001 3.665 -1
18.163 3.665 -1
26.163999999999998 3.666 -1
34.087 3.144 -1
39.68 3.3520000000000003 1
44.571000000000005 3.5620000000000003 1
50.69 3.144 1
55.978 3.457 -1
66.19399999999999 2.935 1
71.56099999999999 3.668 1
79.40299999999999 2.726 -1
84.17699999999999 3.3520000000000003 1
92.785 3.144 -1
97.473 3.456 1
103.77699999999999 3.3520000000000003 -1
111.983 3.247 -1
116.97300000000001 3.457 1
125.19 3.04 -1
133.57 3.5620000000000003 1
139.29 3.043 -1
144.085 3.249 -1
153.399 2.936 -1
158.477 3.3529999999999998 -1
165.478 3.3520000000000003 -1
171.978 3.3520000000000003 1
177.68400000000003 3.146 1
185.00199999999998 2.728 -1
192.12099999999998 2.31 -1
200.171 3.56 -1
208.18699999999998 3.144 1
213.77799999999996 3.3529999999999998 -1
223.69 3.041 -1
232.69 3.143 1
238.59599999999998 2.937 -1
245.88799999999998 3.247 -1
251.17299999999997 3.458 -1
257.67100000000005 3.561 -1
263.77500000000003 3.457 -1
270.582 3.25 1
276.892 3.04 -1
284.6 2.832 -1
290.592 3.04 1
299.388 3.144 -1
305.49600000000004 2.936 1
312.99199999999996 3.04 -1
322.78700000000003 3.145 1
328.81399999999996 2.519 -1
335.98600000000005 3.248 -1
344.473 3.5620000000000003 -1
352.81100000000004 2.622 1
361.08500000000004 3.248 -1
365.76800000000003 3.665 -1
376.32 2.4130000000000003 1
381.09800000000007 2.835 1
386.28800000000007 3.145 -1
391.784 3.249 -1
399.778 3.456 -1
405.79 3.144 -1
413.087 3.247 1
420.677 3.457 -1
429.67300000000006 3.561 1
436.291 3.144 1
441.682 3.354 -1
