4.674 3.367 1
10.153 3.5709999999999997 1
19.587999999999997 2.338 1
25.875999999999998 2.751 -1
30.981 2.647 -1
36.069 3.16 -1
45.276 2.854 1
54.568 3.2640000000000002 1
61.399 2.234 -1
66.67699999999999 3.057 1
71.568 3.3689999999999998 1
77.54800000000002 3.573 1
85.45100000000001 3.471 1
91.052 3.4699999999999998 1
100.184 2.439 1
104.964 3.161 1
110.95700000000001 3.368 1
118.456 3.671 1
127.80199999999999 2.026 1
135.196 2.233 1
141.67200000000003 3.159 1
147.277 2.955 1
157.297 2.2359999999999998 1
163.863 3.572 1
174.068 2.9539999999999997 1
182.348 3.575 1
189.846 3.677 1
195.75 3.574 1
204.852 3.573 1
210.85299999999998 3.573 1
216.96099999999998 3.3659999999999997 1
225.07999999999998 2.648 1
230.785 2.645 -1
235.55599999999998 3.574 1
244.659 3.573 1
251.881 2.852 1
257.567 3.367 1
264.581 2.955 -1
271.69300000000004 1.931 -1
275.871 2.853 -1
285.284 2.44 1
289.353 3.572 1
296.087 2.237 1
301.79699999999997 2.028 1
306.371 2.955 1
314.964 3.2640000000000002 1
322.06800000000004 3.161 -1
329.79 2.34 -1
336.412 1.819 1
341.513 1.7189999999999999 1
345.16 3.573 1
353.563 3.572 1
361.255 3.4699999999999998 1
366.35499999999996 3.4699999999999998 1
372.89599999999996 2.129 -1
378.464 3.161 -1
386.274 2.751 1
396.072 2.853 -1
404.75699999999995 3.4699999999999998 1
412.79100000000005 2.3369999999999997 -1
420.088 2.542 1
428.269 3.162 -1
433.56199999999995 3.4699999999999998 1
441.459 3.574 1
