4.9 3.145 1
10.067 3.5620000000000003 1
20.497 2.834 -1
29.996 2.936 -1
38.681 3.3529999999999998 -1
44.089 3.146 -1
51.372 3.3520000000000003 1
58.059 3.665 1
64.363 3.561 1
71.172 3.3520000000000003 -1
76.363 3.5620000000000003 1
84.25699999999999 3.668 1
90.47 3.456 1
95.772 3.355 -1
104.672 3.457 1
111.164 3.666 1
117.665 3.666 1
123.081 3.251 1
132.90599999999998 2.728 -1
137.566 3.669 1
144.092 2.833 -1
151.897 2.729 1
156.772 3.354 1
162.576 3.25 1
169.95999999999998 3.666 1
176.06 3.666 1
184.078 3.248 1
191.76000000000002 3.667 1
201.085 3.144 1
206.464 3.666 1
215.471 3.561 1
221.879 3.354 1
228.106 2.628 -1
235.479 3.456 1
243.068 3.459 1
253.48800000000003 2.939 1
260.368 3.459 1
265.678 3.249 1
270.76000000000005 3.667 1
276.275 3.3529999999999998 1
281.791 2.937 -1
291.93399999999997 1.8939999999999997 1
297.66800000000006 3.561 1
305.467 3.564 1
311.27 3.5620000000000003 1
316.667 3.666 1
323.233 2.101 1
328.777 3.458 1
337.672 3.456 1
345.862 3.666 1
352.98400000000004 3.145 -1
361.32099999999997 2.208 1
366.38 3.249 1
372.685 3.144 1
378.78400000000005 3.145 1
388.10200000000003 2.727 -1
396.416 2.314 1
402.945 1.5860000000000003 -1
406.46299999999997 3.769 -1
413.209 2.624 1
423.76099999999997 1.3739999999999997 1
428.88399999999996 3.146 1
436.265 1.165 1
444.073 0.9569999999999999 1
