5.195 2.851 -1
13.362 3.574 -1
21.557000000000002 3.572 -1
28.066000000000003 3.263 1
33.659 3.4699999999999998 1
39.066 3.263 1
48.366 3.263 1
58.577 2.753 -1
66.966 3.263 1
71.754 3.676 1
80.86 3.471 1
87.18 2.852 1
95.673 3.161 -1
103.773 3.162 -1
108.954 3.676 1
115.158 3.572 1
123.376 2.9539999999999997 -1
130.559 3.572 1
136.77599999999998 2.9539999999999997 1
145.364 3.367 1
151.485 2.646 -1
157.98000000000002 2.851 -1
164.674 3.057 -1
169.57 3.161 -1
175.57199999999997 3.059 -1
180.367 3.365 -1
187.392 2.441 1
193.068 3.3659999999999997 1
199.382 2.853 -1
206.56799999999998 3.263 -1
213.283 2.748 -1
220.004 2.0269999999999997 1
226.56799999999998 3.2640000000000002 -1
234.056 3.676 1
239.57 3.162 -1
245.379 2.853 1
251.15699999999998 3.675 1
257.175 3.257 1
262.969 3.1630000000000003 -1
270.266 3.3659999999999997 1
279.47 3.263 -1
284.66100000000006 3.573 1
292.681 2.9539999999999997 1
301.867 3.3659999999999997 1
307.161 3.572 1
317.06 3.573 1
325.18100000000004 2.852 1
333.27400000000006 3.159 -1
340.363 3.4699999999999998 1
349.87100000000004 3.263 1
357.973 3.161 -1
364.503 2.031 1
370.697 2.3369999999999997 1
375.07200000000006 3.162 -1
381.58000000000004 2.854 -1
387.697 2.338 1
392.167 3.3689999999999998 -1
399.47799999999995 3.059 -1
404.369 3.2649999999999997 1
413.264 3.4699999999999998 -1
421.27599999999995 3.059 1
427.068 3.367 1
434.89599999999996 2.439 -1
441.35900000000004 3.676 1
