4.991999999999999 3.057 -1
10.365000000000002 3.367 1
16.084 2.749 1
22.778000000000002 3.057 1
28.482999999999997 2.853 -1
35.562 3.368 1
43.608 1.822 -1
50.073 3.057 -1
55.964999999999996 3.365 -1
63.774 2.956 1
71.14 0.79 1
74.372 3.058 1
83.389 2.441 1
88.37299999999999 3.058 1
94.485 2.646 1
102.174 3.058 -1
111.10499999999999 2.028 -1
119.425 1.3089999999999997 1
122.974 3.161 1
130.00900000000001 1.822 1
134.562 3.4690000000000003 1
141.872 3.059 -1
150.87500000000003 2.956 -1
158.666 3.3659999999999997 1
163.87300000000002 3.159 1
169.794 2.438 -1
174.774 3.058 -1
180.078 2.9539999999999997 1
186.365 3.367 1
195.579 2.9530000000000003 -1
204.409 1.924 1
210.57500000000002 3.159 -1
219.97799999999998 3.058 1
225.776 3.057 1
231.691 2.542 1
237.283 3.05 -1
246.895 2.338 -1
255.48 2.853 1
261.30699999999996 2.026 1
267.588 2.645 1
276.06399999999996 3.4699999999999998 1
286.067 3.367 1
294.69100000000003 2.543 -1
300.879 2.955 1
308.072 3.263 -1
314.582 2.9539999999999997 1
320.68600000000004 2.851 1
330.201 2.233 1
338.993 2.541 1
348.54 0.9950000000000001 1
353.769 3.3659999999999997 1
359.38300000000004 2.852 -1
370.833 1.1019999999999999 1
374.584 2.851 1
379.66900000000004 3.3659999999999997 1
388.959 3.676 1
398.782 2.853 -1
406.079 2.956 -1
411.777 3.059 1
417.98400000000004 2.9539999999999997 1
424.187 2.851 -1
430.302 2.234 -1
435.97499999999997 3.161 1
441.566 3.4699999999999998 1
