4.981999999999999 3.057 1
12.553 3.4690000000000003 1
18.254 3.3689999999999998 -1
28.485 2.44 1
34.187 2.439 1
41.852000000000004 3.675 1
50.277 2.852 1
56.664 3.3659999999999997 1
63.884 2.647 1
68.762 3.4699999999999998 -1
78.07799999999999 2.956 1
83.47500000000001 3.16 1
90.003 2.1319999999999997 1
97.174 2.748 1
102.36200000000001 3.16 -1
106.94900000000001 3.573 1
116.978 2.646 1
124.06800000000001 2.957 1
129.89000000000001 2.2359999999999998 1
138.69 2.338 -1
145.885 2.544 1
151.767 3.263 1
158.50400000000002 1.927 1
165.26700000000002 3.2649999999999997 -1
172.97500000000002 3.159 -1
183.008 2.0269999999999997 -1
189.27800000000002 2.646 -1
194.36100000000002 3.263 1
201.181 2.543 1
205.455 3.4690000000000003 1
213.85500000000002 3.4690000000000003 1
219.56099999999998 3.2640000000000002 -1
225.87199999999999 2.9539999999999997 -1
235.493 2.335 1
241.07500000000002 2.9539999999999997 1
248.975 2.955 1
258.281 2.751 1
264.572 3.161 1
270.38000000000005 2.854 1
276.484 2.851 1
281.163 3.573 1
290.793 2.1319999999999997 1
296.087 2.338 1
301.081 2.544 -1
305.877 2.748 1
315.474 2.852 1
320.758 3.368 1
326.661 3.3659999999999997 1
334.259 3.4690000000000003 1
342.68399999999997 2.646 1
348.27 3.161 1
353.578 2.9539999999999997 1
359.276 3.057 -1
366.492 2.4419999999999997 1
371.078 3.057 1
380.257 3.4690000000000003 -1
387.175 2.751 1
396.58099999999996 2.646 1
404.18799999999993 2.439 1
411.37799999999993 2.749 1
418.66299999999995 3.2640000000000002 -1
425.48100000000005 2.647 1
435.48699999999997 2.543 1
442.384 2.647 1
