4.796 3.252 1
11.472000000000001 3.46 -1
16.767 3.666 1
22.080000000000002 3.354 1
31.468 3.667 1
39.476 3.15 1
44.961 3.566 1
52.355999999999995 3.771 1
60.763999999999996 3.5629999999999997 1
67.25899999999999 3.668 1
73.961 3.666 1
79.26899999999999 3.3579999999999997 1
84.35499999999999 3.773 1
90.369 3.46 1
95.977 3.354 1
101.48700000000001 3.044 -1
106.38000000000001 3.252 1
114.16899999999998 3.564 -1
121.66799999999999 3.667 1
127.769 3.667 1
135.161 3.667 1
143.069 3.459 1
152.862 3.566 1
161.07999999999998 3.148 1
166.681 3.147 1
175.062 3.667 1
181.073 3.356 1
186.466 3.564 1
194.39999999999998 2.6310000000000002 1
202.369 3.564 1
211.48000000000002 3.254 1
219.676 3.459 1
225.571 3.666 1
233.27300000000002 3.356 1
239.578 3.252 1
245.08 3.149 1
253.35700000000003 3.7720000000000002 1
258.556 3.773 1
266.56300000000005 3.667 1
271.97 3.46 1
276.967 3.5629999999999997 -1
284.663 3.667 1
292.05899999999997 3.672 1
299.768 3.564 1
307.771 3.5629999999999997 1
317.374 3.5629999999999997 1
323.26500000000004 3.667 1
332.771 3.459 -1
342.28000000000003 3.251 1
347.564 3.667 1
354.671 3.46 -1
360.55899999999997 3.7720000000000002 1
367.47499999999997 3.356 1
373.361 3.67 1
379.47999999999996 3.151 1
385.97999999999996 3.252 1
391.873 3.459 1
400.66700000000003 3.667 1
406.364 3.771 1
415.87699999999995 3.355 1
421.365 3.667 1
426.972 3.46 -1
432.785 3.149 -1
441.572 3.46 -1
