5.003 3.044 1
11.396 2.633 1
17.798000000000002 2.731 1
27.216 2.213 1
34.385000000000005 3.044 1
43.48 3.25 1
49.902 2.628 1
54.271 3.46 1
62.888999999999996 3.043 -1
69.429 2.004 1
76.58399999999999 3.251 1
84.399 2.8369999999999997 1
92.298 2.732 -1
99.093 2.8369999999999997 1
104.079 3.251 1
109.473 3.357 1
115.593 2.838 -1
124.382 3.149 1
130.99699999999999 2.734 1
139.376 3.255 1
146.899 2.732 1
152.317 2.315 1
157.597 2.835 1
165.288 3.0460000000000003 1
171.392 3.043 1
176.884 3.252 1
184.105 2.627 1
188.791 3.147 1
197.895 3.044 1
205.38400000000001 3.148 1
214.86900000000003 3.5629999999999997 1
221.072 3.46 1
226.77499999999998 3.3579999999999997 1
231.776 3.356 1
237.392 2.941 1
243.48899999999998 3.044 1
253.50300000000001 2.73 1
259.893 2.94 1
268.68 3.255 1
274.293 3.044 1
283.71299999999997 2.42 -1
288.79 3.044 1
295.896 2.8369999999999997 1
302.182 3.252 1
309.89300000000003 2.941 1
317.99300000000005 2.941 1
323.895 2.939 -1
331.593 2.841 1
337.40000000000003 2.734 1
342.50300000000004 2.731 1
347.689 3.045 1
354.967 3.567 1
361.591 3.044 1
367.29999999999995 2.836 1
371.88199999999995 3.355 1
379.791 3.044 -1
389.212 2.523 1
396.182 3.253 1
403.11 2.525 1
408.399 2.836 1
415.484 3.151 1
425.20399999999995 2.732 1
431.872 3.5629999999999997 1
442.098 2.938 -1
