4.593 3.459 -1
10.279 3.355 -1
19.875999999999998 3.46 1
29.987 3.25 -1
35.583000000000006 3.355 1
40.975 3.46 1
47.284 3.251 1
55.178 3.357 -1
60.873000000000005 3.5620000000000003 -1
66.80199999999999 2.733 -1
72.212 2.524 -1
79.212 2.423 -1
86.089 3.147 -1
91.68500000000002 3.252 1
98.41 2.626 -1
104.19200000000001 3.044 -1
111.27199999999999 3.564 -1
118.414 2.4219999999999997 1
124.156 3.565 -1
129.968 3.354 1
137.659 3.564 -1
147.393 2.731 -1
154.159 3.566 -1
159.969 3.3579999999999997 1
165.283 3.044 -1
173.89800000000002 2.6310000000000002 -1
178.476 3.254 -1
184.17499999999998 3.356 -1
193.267 3.566 -1
202.46800000000002 3.666 -1
210.379 3.459 -1
215.55299999999997 3.668 -1
220.658 3.5629999999999997 -1
226.067 3.254 1
234.76299999999998 3.46 -1
241.465 3.46 -1
250.635 1.6910000000000003 1
257.69300000000004 2.734 -1
262.061 3.567 -1
271.49 2.94 -1
280.803 2.628 1
287.7 2.733 -1
295.684 3.15 -1
301.88800000000003 3.147 -1
311.705 2.418 1
318.477 3.045 -1
325.861 3.461 -1
331.98900000000003 2.835 -1
337.271 3.253 -1
343.061 3.565 -1
349.17499999999995 3.252 1
358.565 3.463 -1
366.624 2.005 -1
371.813 2.318 -1
377.001 2.63 -1
381.884 3.149 1
391.505 2.629 -1
396.87699999999995 3.458 -1
404.17 3.566 -1
412.375 3.149 -1
418.356 3.668 -1
425.856 3.668 -1
433.601 2.523 -1
441.463 3.5629999999999997 -1
