5.419 2.628 1
10.565 3.669 1
19.864 3.67 1
27.561 3.773 1
33.263 3.7720000000000002 1
42.265 3.771 1
48.571 3.566 1
54.772 3.5629999999999997 1
63.672 3.5629999999999997 1
69.16699999999999 3.668 1
74.76299999999999 3.7720000000000002 1
82.76299999999999 3.7720000000000002 1
91.87100000000001 3.564 1
97.393 3.043 -1
103.197 2.939 1
109.111 2.524 1
117.77600000000001 3.46 1
124.275 3.461 1
133.181 3.355 1
140.897 3.043 -1
148.68099999999998 3.357 1
157.765 3.3579999999999997 1
164.083 2.941 1
170.373 3.252 1
177.66699999999997 3.359 -1
184.969 3.459 1
192.10700000000003 2.4219999999999997 1
200.867 3.564 1
207.276 3.356 1
213.486 3.147 1
220.69700000000003 2.8369999999999997 1
226.41199999999998 2.626 1
230.368 3.669 1
237.45499999999998 3.566 1
245.253 3.668 1
253.759 3.564 1
259.583 2.941 -1
265.185 2.94 1
272.092 2.734 1
276.362 3.567 1
285.671 3.3579999999999997 1
291.07099999999997 3.459 1
299.86699999999996 3.564 1
306.08200000000005 3.15 -1
310.87399999999997 3.459 1
318.776 3.3579999999999997 1
324.185 3.15 -1
329.871 3.251 -1
339.46500000000003 3.3579999999999997 1
347.06300000000005 3.46 1
353.87100000000004 3.253 1
359.89599999999996 2.629 1
366.12 2.006 1
372.68199999999996 3.045 -1
381.258 3.771 1
388.96599999999995 3.564 1
396.568 3.5629999999999997 1
404.897 2.836 1
411.48400000000004 3.15 1
416.576 3.459 1
422.08799999999997 3.148 1
430.06600000000003 3.3579999999999997 1
436.166 3.3579999999999997 1
441.669 3.355 1
