4.279 3.771 1
13.573 3.359 -1
22.065 3.668 1
27.467000000000002 3.666 1
35.573 3.46 1
40.67 3.5629999999999997 1
48.269999999999996 3.5629999999999997 1
58.38699999999999 3.148 1
64.19500000000001 2.941 -1
69.385 3.148 1
76.563 3.67 1
82.871 3.5629999999999997 1
88.579 3.355 -1
96.07499999999999 3.459 -1
105.376 3.458 1
110.467 3.567 1
119.578 3.356 1
125.37899999999999 3.355 1
131.703 2.731 1
136.781 3.253 1
145.362 3.7720000000000002 1
154.46599999999998 3.669 1
159.677 3.459 1
167.072 3.566 1
175.302 2.733 1
179.673 3.5620000000000003 1
186.56500000000003 3.67 1
196.28900000000002 3.0460000000000003 1
202.079 3.356 -1
211.69000000000003 3.045 1
219.373 3.5620000000000003 1
228.47899999999998 3.357 -1
236.28 3.356 1
242.081 3.355 1
249.37499999999997 3.461 -1
257.271 3.565 1
262.27299999999997 3.565 1
268.476 3.0460000000000003 1
276.259 3.668 1
282.069 3.355 1
287.36 3.666 1
293.46299999999997 3.564 1
301.377 3.251 1
306.966 3.5629999999999997 1
312.963 3.667 1
318.565 3.566 -1
324.666 3.666 1
331.47 3.5629999999999997 1
341.17799999999994 3.459 1
348.28499999999997 3.252 1
354.052 3.669 1
362.16499999999996 3.357 1
370.37000000000006 3.253 1
375.864 3.461 1
381.262 3.5629999999999997 1
389.093 2.633 1
393.472 3.355 1
400.1770000000001 3.251 1
407.474 3.356 -1
417.47799999999995 3.254 1
422.372 3.46 1
428.875 3.459 1
435.371 3.564 1
441.263 3.773 1
