5.625 2.415 1
11.503 2.624 1
19.496 2.832 -1
24.698999999999998 2.728 -1
31.821000000000005 2.207 1
38.46 1.2680000000000002 1
45.682 0.7480000000000002 -1
48.995000000000005 2.936 -1
55.836999999999996 1.895 -1
62.151 1.5819999999999999 1
70.521 2.313 1
75.39099999999999 3.144 -1
82.382 3.146 -1
88.083 3.146 -1
97.50599999999999 2.623 -1
107.136 1.8930000000000002 -1
116.966 1.0630000000000002 -1
122.00699999999999 2.622 -1
129.496 2.833 -1
137.22799999999998 2.001 1
141.686 3.144 -1
148.30800000000002 2.623 1
156.254 1.5789999999999997 -1
164.601 2.833 -1
172.625 2.205 1
179.088 3.142 -1
189.737 1.7930000000000001 -1
196.812 2.518 -1
204.42 2.31 -1
211.905 2.625 -1
216.58599999999998 3.144 -1
222.316 2.415 -1
226.791 3.04 -1
233.42399999999998 2.207 -1
237.896 2.935 -1
247.379 3.3529999999999998 -1
258.538 1.8960000000000004 1
266.18699999999995 3.144 -1
273.89099999999996 3.04 -1
280.39099999999996 3.04 1
288.496 2.935 -1
294.384 3.248 -1
301.24199999999996 1.79 1
306.295 2.937 -1
315.40999999999997 2.622 1
322.995 2.937 1
331.991 3.041 -1
337.61899999999997 2.4130000000000003 -1
345.612 2.521 -1
351.221 2.4130000000000003 -1
357.991 3.144 1
365.38100000000003 3.3520000000000003 1
372.74100000000004 1.892 1
377.504 2.729 -1
383.28900000000004 3.144 1
388.786 3.247 -1
394.391 3.142 -1
402.57800000000003 3.355 -1
411.879 3.354 1
419.9 2.934 -1
425.087 3.146 -1
430.18600000000004 3.248 -1
436.83200000000005 2.102 1
441.78499999999997 3.249 1
