4.898 3.148 1
14.595 2.7350000000000003 -1
19.58 3.251 1
27.596999999999998 2.835 1
31.97 3.564 -1
40.184000000000005 3.251 1
49.711 2.112 -1
58.156 1.0669999999999997 1
63.126999999999995 1.795 -1
67.08800000000001 2.835 1
74.237 1.5869999999999997 -1
83.96400000000001 0.8620000000000001 1
87.49100000000001 2.836 1
97.018 2.21 1
102.012 2.3169999999999997 -1
110.228 1.9019999999999997 -1
114.79 2.941 1
121.218 2.214 -1
126.98 3.354 1
134.68 3.355 1
142.615 2.421 1
148.99699999999999 2.627 -1
153.669 3.355 1
161.357 3.2670000000000003 1
171.48 3.044 1
178.879 3.147 1
185.304 2.523 1
191.922 2.006 1
200.60800000000003 2.421 -1
205.189 3.042 1
210.376 3.355 1
218.317 2.315 -1
226.89000000000001 3.044 1
231.684 3.251 -1
238.09 3.0460000000000003 1
244.59799999999998 2.627 1
249.485 2.94 1
256.092 2.834 1
263.41299999999995 2.213 1
267.67699999999996 3.149 1
276.372 3.355 1
285.97299999999996 3.355 1
291.882 3.0469999999999997 1
304.769 3.5629999999999997 1
313.21 2.523 1
319.73100000000005 2.003 1
325.516 2.419 1
333.08299999999997 3.044 1
341.55899999999997 3.668 1
348.19599999999997 2.731 1
353.388 2.939 1
359.49899999999997 2.628 1
367.453 1.2739999999999996 1
372.09400000000005 2.834 1
378.45200000000006 3.876 1
384.266 3.5629999999999997 1
391.76300000000003 3.667 1
401.289 3.043 -1
408.11699999999996 2.315 1
417.197 2.938 1
433.98900000000003 2.939 1
442.505 2.523 -1
