5.112 2.939 -1
11.317 2.3169999999999997 -1
17.427 2.109 1
24.146 1.4849999999999999 -1
30.522 2.109 -1
37.70399999999999 2.627 -1
46.519000000000005 2.2119999999999997 1
52.879999999999995 3.252 1
63.613 2.419 1
67.972 3.459 1
75.199 2.733 -1
80.67200000000001 3.46 1
89.88400000000001 3.148 1
95.06800000000001 3.564 1
100.871 3.5629999999999997 1
106.581 3.354 1
112.823 2.2119999999999997 -1
121.622 2.211 -1
129.581 3.252 -1
137.79699999999997 2.836 -1
145.37800000000001 3.355 1
153.138 1.795 -1
158.326 2.1069999999999998 1
167.832 1.9010000000000002 -1
177.02999999999997 2.003 1
185.296 2.8369999999999997 1
194.292 2.941 1
199.08700000000002 3.147 1
206.78300000000002 0.6519999999999997 1
209.28499999999997 3.251 1
215.98700000000002 3.147 -1
222.621 2.213 1
232.21500000000003 2.319 -1
236.48700000000002 3.0469999999999997 1
243.49400000000003 2.94 -1
251.536 1.798 1
255.997 2.838 -1
264.27500000000003 3.459 1
271.875 3.46 1
277.97200000000004 3.5629999999999997 1
287.552 1.483 1
290.96500000000003 3.77 1
299.599 2.7359999999999998 -1
304.98699999999997 3.149 1
312.285 3.253 1
330.0 2.939 -1
338.203 2.732 1
343.59 3.0460000000000003 1
351.666 1.0699999999999998 1
354.673 3.5629999999999997 1
363.29799999999994 2.838 -1
368.7 2.836 1
374.67699999999996 3.459 1
381.22700000000003 2.106 -1
389.453 1.483 1
394.27899999999994 3.357 1
400.17799999999994 3.459 1
415.16 3.463 1
423.189 2.835 -1
428.389 2.835 1
437.733 1.693 -1
442.193 2.834 1
