5.7219999999999995 2.313 1
13.723 2.312 1
18.484 3.145 -1
29.451999999999998 1.4789999999999996 -1
35.463 1.1689999999999996 -1
42.911 2.625 -1
50.719 2.417 -1
57.080999999999996 2.938 1
65.353 1.1680000000000001 -1
69.38900000000001 2.832 -1
79.12599999999999 1.8969999999999998 -1
83.78999999999999 2.834 1
90.23 1.895 1
98.447 1.48 -1
102.382 3.145 -1
107.38099999999999 3.147 1
125.447 1.5839999999999996 1
130.966 1.1660000000000004 1
138.41400000000002 2.623 -1
146.02100000000002 2.416 1
151.976 3.044 1
157.378 3.043 1
167.03900000000002 1.483 -1
172.76999999999998 3.3529999999999998 -1
182.711 2.314 -1
188.885 3.041 -1
195.20700000000002 2.42 1
200.99899999999997 2.729 1
205.577 3.3520000000000003 1
215.12400000000002 2.206 1
219.99699999999999 2.834 -1
225.687 3.146 -1
236.461 1.3730000000000002 -1
242.036 1.999 -1
250.232 1.69 1
258.294 2.728 1
266.654 1.068 1
270.183 3.041 1
277.639 1.6860000000000004 -1
281.686 3.04 1
291.03000000000003 1.8969999999999998 -1
295.697 2.731 1
301.422 2.207 -1
307.98199999999997 0.6480000000000001 -1
316.43399999999997 1.8969999999999998 1
321.194 2.938 1
328.446 1.5869999999999997 1
336.983 0.7519999999999998 -1
343.946 1.3769999999999998 -1
350.35800000000006 1.0660000000000003 1
354.212 2.312 -1
361.26 1.0639999999999996 -1
366.40400000000005 2.52 1
380.79 2.936 -1
388.23799999999994 1.6889999999999996 1
397.75000000000006 1.4789999999999996 1
404.63 2.0 1
411.5079999999999 2.624 -1
419.82800000000003 2.105 -1
426.551 1.5830000000000002 1
437.179 0.8569999999999998 1
441.878 3.147 1
