7.176 0.859 -1
15.646 1.6880000000000002 -1
23.671000000000003 1.0630000000000002 -1
27.295 3.04 1
37.329 2.106 1
43.196999999999996 2.938 1
49.417 2.418 1
56.449 1.5860000000000003 -1
64.055 1.5810000000000004 1
70.488 3.249 1
79.128 2.1069999999999998 1
86.442 1.7930000000000001 -1
95.06700000000001 0.9580000000000002 -1
99.921 2.105 1
105.82600000000001 2.001 1
110.82500000000002 2.002 1
120.67099999999999 0.9580000000000002 1
126.685 3.146 1
135.583 3.149 -1
141.088 3.145 1
150.45600000000002 1.38 1
160.864 0.8560000000000003 -1
164.079 3.041 -1
172.109 1.9130000000000003 -1
178.74399999999997 1.4789999999999996 -1
183.713 2.211 1
188.887 2.938 1
194.296 2.73 1
200.29600000000002 2.831 1
209.64499999999998 1.483 -1
215.43900000000002 1.79 1
223.24099999999999 1.69 1
227.597 2.935 -1
233.98899999999998 3.144 -1
240.193 3.041 -1
251.152 1.1689999999999996 1
255.213 2.208 1
261.81399999999996 2.207 1
266.812 2.21 -1
273.35299999999995 1.17 1
279.648 1.3760000000000003 1
285.301 2.624 1
291.529 1.8969999999999998 -1
299.49499999999995 2.833 -1
310.877 0.7519999999999998 -1
332.6 2.833 -1
341.767 1.068 -1
345.085 2.937 -1
353.624 1.999 -1
361.5810000000001 3.042 1
366.963 3.46 1
374.353 1.1710000000000003 1
378.089 2.936 -1
387.688 2.938 -1
395.59200000000004 2.936 -1
402.865 1.0639999999999996 -1
406.801 2.729 -1
420.6329999999999 1.999 -1
427.0810000000001 3.3520000000000003 1
434.00800000000004 2.626 -1
441.788 3.248 1
