4.933 3.148 1
11.913 2.318 -1
16.078 3.354 1
22.805000000000003 2.628 -1
32.2 2.834 -1
39.076 3.46 -1
48.9 2.627 1
55.87499999999999 3.252 -1
61.57 3.356 -1
67.271 3.356 -1
73.292 2.835 1
78.268 3.459 -1
85.68800000000002 2.939 1
91.502 2.526 -1
100.575 3.355 -1
110.91400000000002 2.318 -1
116.36699999999999 3.566 -1
122.719 2.315 -1
127.82300000000001 2.2119999999999997 1
133.50799999999998 2.628 1
140.41099999999997 2.3169999999999997 -1
145.37599999999998 3.252 1
151.176 3.252 -1
157.189 2.939 -1
166.504 2.524 1
173.896 2.732 -1
178.784 3.044 -1
183.77900000000002 3.25 1
192.411 2.318 -1
202.113 2.3169999999999997 1
209.398 2.834 -1
216.588 3.045 -1
222.37800000000001 3.356 -1
227.983 3.252 -1
235.27300000000002 3.356 -1
241.08400000000003 3.045 -1
245.56500000000003 3.564 -1
251.29000000000002 2.939 -1
258.767 3.5629999999999997 -1
265.282 3.148 1
271.974 3.355 -1
277.26300000000003 3.667 -1
286.431 1.8989999999999996 1
290.78499999999997 3.148 -1
299.58 3.251 -1
307.877 3.356 -1
315.786 3.048 -1
324.9 2.836 1
333.68199999999996 3.148 -1
339.868 3.5629999999999997 -1
345.77299999999997 3.3579999999999997 -1
353.22399999999993 2.1069999999999998 1
360.384 3.147 1
367.092 2.939 -1
374.781 3.25 1
382.36999999999995 3.461 -1
392.39399999999995 2.7380000000000004 1
397.282 3.25 -1
403.376 3.357 -1
412.319 2.315 -1
420.484 3.252 -1
430.00899999999996 2.523 -1
435.19599999999997 2.836 1
441.573 3.459 -1
