4.687 3.3579999999999997 -1
10.679 3.15 -1
16.585 3.044 1
21.584 3.147 -1
30.380999999999997 3.251 1
40.49 3.043 -1
45.782999999999994 3.252 -1
54.325 2.211 -1
59.175 3.252 -1
64.878 3.149 -1
70.19 2.8369999999999997 1
75.483 3.045 -1
83.47699999999999 3.251 -1
88.57100000000001 3.356 -1
97.472 3.356 -1
103.48299999999999 3.045 -1
109.66799999999999 3.461 -1
117.163 3.668 -1
126.476 3.459 1
133.08899999999997 3.044 -1
140.071 3.464 -1
146.405 2.731 -1
153.823 2.005 1
158.39399999999998 2.835 1
166.794 2.835 -1
174.68400000000003 3.045 -1
180.18300000000002 3.146 -1
187.264 3.666 -1
192.966 3.463 -1
198.668 3.461 -1
206.365 3.565 -1
212.468 3.5629999999999997 -1
218.56499999999997 3.566 -1
229.01399999999998 2.419 1
237.471 3.564 -1
242.879 3.357 -1
248.379 3.251 -1
256.178 3.252 -1
265.18600000000004 3.044 1
270.684 3.0460000000000003 -1
279.484 3.147 1
285.27599999999995 3.355 -1
293.378 3.253 -1
300.532 1.799 1
303.967 3.564 -1
311.891 3.043 1
319.372 3.46 -1
324.687 3.147 -1
331.879 3.356 -1
338.605 2.731 -1
344.684 3.251 1
351.371 3.461 -1
358.599 2.733 1
367.28499999999997 3.147 -1
374.392 2.94 1
380.591 2.941 1
386.37399999999997 3.3579999999999997 1
393.58 3.152 -1
402.063 3.669 -1
411.88399999999996 3.148 -1
419.695 2.939 -1
425.105 2.629 1
433.976 3.46 -1
442.19800000000004 2.835 1
