5.811999999999999 2.237 1
11.483 2.647 1
17.674 2.958 -1
23.084 2.648 1
29.310000000000002 1.823 -1
34.388999999999996 2.545 -1
41.175 3.161 -1
47.388 2.542 1
52.272 3.058 1
58.588 2.4419999999999997 1
67.185 2.645 1
73.419 1.411 1
81.08200000000001 2.648 1
89.40400000000001 2.026 -1
98.191 2.339 1
105.299 2.131 1
110.393 2.238 -1
117.405 1.927 1
125.727 1.2069999999999999 1
132.01 1.9249999999999998 -1
139.28400000000002 2.647 1
145.57500000000002 2.956 -1
151.58599999999998 2.645 1
159.787 2.544 -1
168.686 2.545 -1
178.01899999999998 1.412 1
182.168 3.2640000000000002 1
191.798 2.0340000000000003 1
197.18300000000002 2.749 1
202.372 3.06 1
208.29500000000002 2.3369999999999997 1
216.676 2.957 -1
224.59 2.645 1
232.194 2.4419999999999997 1
237.572 3.16 1
243.881 2.751 1
253.988 2.545 1
261.218 1.5150000000000001 1
269.091 2.542 1
280.439 0.7939999999999996 1
285.87 3.263 1
291.57399999999996 3.059 -1
297.465 3.368 -1
307.589 2.544 -1
312.773 3.161 -1
321.19 2.545 -1
327.099 2.237 1
331.881 2.956 -1
340.30300000000005 2.131 -1
346.173 3.161 -1
352.909 1.9249999999999998 1
358.006 2.028 -1
363.473 3.161 -1
370.87399999999997 3.16 -1
382.735 1.0 1
389.204 2.031 1
394.395 2.54 -1
400.591 2.544 1
409.788 2.647 1
418.273 3.262 -1
426.894 2.443 1
431.58299999999997 2.854 -1
437.615 1.8239999999999998 -1
441.666 3.3689999999999998 -1
