5.295999999999999 2.748 -1
12.774000000000001 3.161 -1
19.281000000000002 2.854 -1
28.406 2.129 1
34.482 2.9530000000000003 -1
43.38100000000001 2.955 -1
52.479000000000006 2.957 -1
62.604000000000006 2.1319999999999997 -1
69.277 3.161 1
75.998 1.9249999999999998 1
83.28399999999999 2.439 -1
88.27699999999999 2.647 -1
94.959 3.367 -1
100.37100000000001 2.956 -1
109.68699999999998 2.441 -1
114.466 3.1630000000000003 -1
124.88600000000001 2.645 1
131.382 2.85 -1
139.17999999999998 2.853 -1
147.77800000000002 3.159 1
154.11 1.927 1
161.78500000000003 2.2359999999999998 1
167.156 3.3659999999999997 1
174.85899999999998 3.2640000000000002 1
180.27300000000002 2.851 -1
186.16299999999998 3.162 -1
191.45700000000002 3.4699999999999998 1
198.175 2.852 -1
205.363 3.2649999999999997 -1
210.77100000000002 3.058 -1
218.094 2.336 -1
224.567 3.2649999999999997 -1
232.26999999999998 3.1630000000000003 -1
238.17700000000002 3.057 -1
244.09099999999998 2.544 1
249.286 2.853 -1
255.365 2.957 -1
262.578 2.644 -1
268.477 2.646 1
274.269 2.955 -1
279.678 2.647 -1
287.17999999999995 2.646 -1
295.866 3.262 -1
304.06800000000004 3.161 1
309.975 2.957 -1
315.58099999999996 2.75 1
323.679 2.853 1
329.18100000000004 2.852 -1
334.976 3.058 1
344.57599999999996 3.06 -1
350.663 3.06 -1
357.757 3.367 1
363.558 3.266 -1
372.663 3.161 -1
377.864 3.161 -1
385.279 2.748 1
392.109 1.5180000000000002 -1
396.685 2.543 -1
403.39799999999997 2.432 -1
410.01599999999996 1.6150000000000002 -1
418.274 3.058 -1
425.107 1.9260000000000002 -1
432.57 3.3659999999999997 -1
442.895 2.13 -1
