4.466 3.5620000000000003 1
13.575 3.3529999999999998 -1
21.959000000000003 3.769 1
27.566 3.5620000000000003 1
35.465 3.564 1
40.563 3.666 1
48.685 3.146 1
58.284 3.249 1
63.78 3.3529999999999998 -1
70.01299999999999 2.521 -1
76.773 3.456 1
82.869 3.56 1
88.679 3.25 -1
96.48599999999999 3.043 -1
105.58 3.249 1
110.573 3.456 1
119.47 3.459 1
125.16499999999999 3.564 1
131.805 2.624 -1
136.99 3.04 1
145.776 3.355 1
154.676 3.457 1
159.468 3.666 1
167.07299999999998 3.5620000000000003 1
174.989 3.041 -1
179.773 3.457 1
186.564 3.666 1
195.87300000000002 3.457 1
202.077 3.3529999999999998 -1
211.795 2.936 1
219.36899999999997 3.5620000000000003 1
228.89399999999998 2.937 -1
236.17399999999998 3.457 1
241.66 3.771 1
249.377 3.456 -1
257.482 3.3520000000000003 1
262.37299999999993 3.458 1
268.385 3.146 1
276.36899999999997 3.5620000000000003 1
281.765 3.666 1
287.466 3.566 1
293.46999999999997 3.5620000000000003 1
301.278 3.354 1
306.865 3.667 1
312.967 3.665 1
319.092 3.04 -1
324.876 3.456 1
331.36699999999996 3.665 1
340.86199999999997 3.77 1
348.38800000000003 3.145 1
354.173 3.5620000000000003 1
362.39 3.146 -1
369.968 3.665 1
375.668 3.665 1
381.27000000000004 3.5629999999999997 1
388.484 3.249 1
393.37600000000003 3.457 1
400.28800000000007 3.145 -1
407.586 3.248 -1
417.90200000000004 2.832 -1
423.001 2.833 1
428.982 3.3520000000000003 1
435.372 3.5620000000000003 1
441.473 3.561 1
