5.093 2.957 -1
9.667 3.3659999999999997 1
18.469 3.3659999999999997 1
24.368 3.468 1
31.075000000000003 2.955 -1
37.772 3.161 1
44.758 3.573 1
53.761 3.4699999999999998 1
59.465 3.4699999999999998 1
65.76700000000001 3.2640000000000002 -1
71.984 2.647 1
80.47 3.162 1
90.165 3.367 -1
96.45800000000001 3.574 1
105.28399999999999 2.749 1
111.565 3.4690000000000003 1
117.471 3.2640000000000002 1
122.76 3.572 1
129.458 3.574 1
135.372 3.16 1
144.06 3.572 1
149.36599999999999 3.3659999999999997 1
155.166 3.367 1
160.867 3.3659999999999997 1
166.589 2.644 -1
172.373 3.06 1
181.45999999999998 3.573 1
189.069 3.364 1
197.76 3.573 1
205.562 3.572 1
211.87800000000001 3.059 1
218.965 3.572 1
224.66899999999998 3.2640000000000002 -1
232.879 2.955 1
239.28700000000003 2.647 1
245.96500000000003 3.4690000000000003 1
254.16500000000002 3.4690000000000003 1
262.38000000000005 3.0540000000000003 1
269.565 3.4690000000000003 1
275.362 3.572 1
281.56399999999996 3.4699999999999998 1
287.26800000000003 3.3659999999999997 1
292.776 3.058 -1
300.467 3.468 1
305.666 3.4690000000000003 1
313.963 3.573 1
319.774 3.2640000000000002 1
326.363 3.572 1
331.759 3.676 1
337.063 3.572 1
346.16200000000003 3.573 1
351.46799999999996 3.367 1
360.45899999999995 3.677 1
368.894 2.642 1
377.572 3.2640000000000002 1
382.871 3.365 1
390.704 2.1319999999999997 1
397.167 3.3689999999999998 1
402.773 3.263 1
411.864 3.057 1
419.053 3.4690000000000003 1
425.96200000000005 3.161 1
435.252 3.572 1
441.351 3.675 1
