5.0920000000000005 2.935 -1
10.661 3.566 -1
19.171 3.456 -1
27.066 3.5620000000000003 1
32.973 3.456 1
38.778000000000006 3.3520000000000003 -1
45.57 3.561 1
53.471 3.561 -1
60.87 3.5629999999999997 1
69.877 3.458 1
77.373 3.455 1
82.474 3.354 1
89.071 3.457 -1
98.06599999999999 3.5620000000000003 -1
104.26499999999999 3.5629999999999997 1
113.68599999999999 3.042 -1
122.466 3.5620000000000003 1
128.07 3.459 1
136.97 3.56 1
145.08499999999998 3.247 -1
154.566 3.667 1
160.27 3.665 1
168.27800000000002 3.251 1
174.869 3.56 1
184.077 3.252 -1
193.46800000000002 3.561 1
199.285 3.145 -1
204.678 3.3520000000000003 -1
210.39100000000002 3.039 -1
217.574 3.456 1
223.177 3.3529999999999998 1
229.274 3.456 1
237.374 3.457 -1
244.774 3.459 1
251.482 3.3520000000000003 -1
256.375 3.56 1
265.273 3.457 -1
270.577 3.354 -1
279.09 3.041 1
284.575 3.456 -1
289.965 3.666 1
299.692 3.039 -1
304.36899999999997 3.5620000000000003 -1
311.96599999999995 3.665 1
317.27 3.561 1
323.578 3.3529999999999998 1
330.39 3.142 1
335.666 3.666 1
340.877 3.456 1
346.08200000000005 3.3520000000000003 -1
355.59000000000003 3.145 -1
360.881 3.351 -1
368.166 3.666 -1
377.97399999999993 3.458 -1
383.971 3.561 1
390.38199999999995 3.25 1
396.189 3.144 -1
402.672 3.561 -1
408.586 3.247 -1
413.87600000000003 3.457 -1
420.086 3.247 -1
426.273 3.56 -1
434.177 3.456 1
441.786 3.248 1
