5.091 2.957 1
11.485000000000001 2.645 -1
16.686 2.645 1
23.316 1.5150000000000001 1
29.291999999999998 2.439 1
35.506 1.9249999999999998 1
42.38 2.851 1
51.898 2.233 -1
59.592 2.44 1
69.296 2.338 1
76.843 0.8930000000000002 1
86.805 1.927 1
93.069 3.263 1
102.83600000000001 0.8960000000000004 1
107.674 3.058 1
116.08600000000001 2.646 1
125.59400000000001 2.438 1
131.185 2.647 1
141.30999999999997 1.823 1
148.016 1.617 -1
155.2 2.133 -1
160.084 2.749 1
166.309 1.9249999999999998 1
172.132 1.1030000000000002 1
180.414 1.7189999999999999 1
189.51500000000001 1.718 1
196.112 1.8210000000000002 -1
202.00199999999998 2.131 1
207.675 3.059 1
217.518 1.616 1
221.882 2.852 1
229.1 2.234 1
237.89600000000002 2.338 1
243.589 2.645 1
250.596 2.5380000000000003 1
258.392 2.543 1
264.80699999999996 2.028 1
273.788 2.749 1
280.529 1.4089999999999998 1
287.515 1.8199999999999998 1
293.31600000000003 1.7189999999999999 1
299.44599999999997 0.6889999999999996 1
303.306 2.029 1
309.984 2.851 1
316.71999999999997 1.6150000000000002 -1
324.408 2.0269999999999997 1
330.299 2.336 1
338.524 1.512 1
348.11699999999996 1.8199999999999998 1
356.296 2.44 1
364.581 2.338 -1
371.62699999999995 1.4100000000000001 1
379.21099999999996 1.411 1
387.38900000000007 2.234 1
392.97200000000004 2.852 1
399.396 2.029 1
404.384 2.542 1
409.984 2.543 1
415.49800000000005 2.13 1
420.086 2.543 1
428.57 3.161 1
437.718 1.6139999999999999 1
442.8 2.233 1
