5.42 2.628 -1
13.783 3.148 -1
22.688 3.043 -1
30.918 2.213 -1
37.877 3.354 1
43.582 3.149 1
51.49 3.043 -1
57.18 3.354 1
67.815 2.42 -1
72.398 2.938 -1
82.229 2.003 1
87.31 2.522 1
92.575 3.357 1
99.712 2.42 1
106.658 1.174 1
113.363 1.069 1
117.098 2.836 -1
124.65100000000001 1.3810000000000002 1
129.105 2.628 -1
139.037 1.795 -1
143.083 3.25 1
152.42499999999998 2.108 1
158.76600000000002 0.968 1
162.192 3.043 -1
170.403 2.73 1
179.183 3.25 1
188.73999999999998 1.693 1
192.28600000000003 3.148 -1
197.70300000000003 2.731 1
205.81900000000002 2.315 -1
213.38800000000003 3.146 -1
220.88400000000001 3.25 -1
227.582 3.252 -1
235.799 2.835 -1
246.023 2.211 1
252.29999999999998 2.835 1
257.49899999999997 2.836 -1
264.844 1.6919999999999997 -1
272.976 3.459 1
279.084 3.251 1
288.176 3.459 1
293.99100000000004 3.044 -1
300.02500000000003 2.21 -1
305.686 3.149 -1
312.408 2.627 1
320.83899999999994 1.7969999999999997 1
326.534 1.9010000000000002 -1
333.226 2.21 1
341.805 2.5309999999999997 1
349.93 2.006 -1
354.285 3.251 1
363.702 2.835 -1
370.499 2.939 1
376.29800000000006 2.941 -1
383.04799999999994 1.588 -1
391.315 2.421 -1
396.59399999999994 2.732 1
401.671 3.356 1
410.002 2.526 -1
417.72100000000006 2.2119999999999997 -1
423.50600000000003 2.525 -1
430.945 1.5869999999999997 1
438.244 1.6910000000000003 1
441.786 3.251 -1
