5.407 2.648 -1
10.471 3.162 -1
16.063000000000002 3.471 1
22.165000000000003 3.4699999999999998 -1
30.387 2.234 1
36.952 3.37 -1
46.385000000000005 2.3369999999999997 1
52.648999999999994 3.475 1
64.10900000000001 1.9169999999999998 -1
67.956 3.4699999999999998 1
74.767 3.161 -1
80.96799999999999 3.161 1
89.45700000000001 3.573 1
95.059 3.572 1
101.271 3.161 -1
106.56599999999999 3.367 1
111.97599999999998 3.058 -1
120.47 3.3659999999999997 -1
129.35199999999998 3.471 -1
137.35899999999998 3.2640000000000002 -1
145.56199999999998 3.161 1
151.56 3.365 -1
157.985 2.441 1
166.36 3.367 -1
176.38200000000003 2.647 1
185.17499999999998 2.955 1
194.38 2.852 1
201.542 0.6910000000000003 -1
204.37500000000003 3.059 1
209.063 3.472 1
215.873 3.263 -1
221.973 2.851 -1
231.054 3.4699999999999998 -1
236.568 2.957 1
243.573 2.851 -1
251.195 2.13 -1
256.282 2.544 1
265.289 2.439 1
271.761 3.568 1
278.883 2.647 1
286.80400000000003 2.227 -1
291.983 2.749 1
301.437 0.8969999999999998 -1
305.694 2.441 -1
312.169 3.367 1
322.685 2.441 1
329.86699999999996 3.06 -1
338.48800000000006 2.44 1
343.774 2.852 1
349.253 3.473 1
356.405 1.822 1
362.86500000000007 3.263 -1
368.574 2.955 1
375.07 3.06 1
379.96399999999994 3.367 -1
388.083 2.852 1
394.987 2.647 1
400.166 3.4690000000000003 1
409.674 2.853 1
415.67199999999997 2.955 -1
422.764 3.263 1
427.758 3.4690000000000003 1
436.472 2.955 1
441.352 3.675 1
