4.681 3.3689999999999998 1
13.491 2.543 1
18.37 3.2649999999999997 -1
28.084 2.852 1
34.911 1.721 -1
42.784 2.748 -1
49.662 3.4699999999999998 -1
56.665 3.367 1
63.678 2.854 1
68.763 3.4690000000000003 -1
78.386 2.646 1
83.473 3.159 1
90.00200000000001 2.13 1
98.635 1.3010000000000002 -1
102.16399999999999 3.3689999999999998 -1
107.065 3.4690000000000003 1
118.119 1.516 -1
124.48999999999998 2.543 -1
130.105 2.028 -1
138.07899999999998 2.9539999999999997 -1
145.891 2.543 -1
151.564 3.4690000000000003 1
158.2 2.234 1
166.30100000000002 2.233 -1
173.489 2.645 -1
182.18200000000002 2.852 -1
188.671 3.2640000000000002 -1
195.298 2.336 1
200.26600000000002 3.4690000000000003 -1
205.46500000000003 3.4690000000000003 1
213.96999999999997 3.3659999999999997 1
219.573 3.2640000000000002 -1
225.673 3.162 -1
235.18800000000002 2.647 -1
240.873 3.162 -1
250.524 1.411 1
258.18100000000004 2.854 1
264.265 3.4699999999999998 1
270.38100000000003 2.854 1
277.616 1.7189999999999999 -1
281.264 3.471 1
290.084 2.852 -1
295.17199999999997 3.2640000000000002 1
301.198 2.437 -1
306.09 2.5460000000000003 1
317.34 0.9969999999999999 1
320.97799999999995 3.16 1
327.188 2.851 1
334.872 2.852 1
343.399 1.9260000000000002 1
348.67699999999996 2.749 1
353.98199999999997 2.545 -1
359.37600000000003 2.952 -1
366.18 2.751 1
371.891 2.239 -1
380.263 3.4690000000000003 -1
387.393 2.543 1
396.796 2.441 1
403.4769999999999 3.16 1
411.37199999999996 2.749 -1
418.86299999999994 3.059 -1
424.963 3.16 1
434.768 3.257 1
441.762 3.2640000000000002 1
