4.574 3.4699999999999998 1
10.574 2.852 -1
17.264999999999997 3.161 1
26.468999999999998 3.058 -1
33.169 3.058 -1
40.465999999999994 3.161 -1
46.591 2.2359999999999998 1
52.089 2.238 -1
60.072 3.157 1
66.361 3.3689999999999998 1
72.669 3.162 1
77.666 3.3659999999999997 -1
83.26999999999998 3.263 1
88.77 3.2640000000000002 -1
94.969 3.266 -1
103.36399999999999 3.2640000000000002 -1
111.46199999999999 3.266 1
117.062 3.3659999999999997 1
126.66799999999999 3.06 -1
133.991 2.3369999999999997 1
140.272 2.957 1
146.96599999999998 3.162 1
152.86499999999998 3.2640000000000002 1
158.89 2.339 1
164.69 2.44 -1
169.98599999999996 2.645 1
174.16400000000002 3.468 1
182.59 2.544 -1
190.381 2.9539999999999997 -1
199.365 3.2640000000000002 1
206.96400000000003 3.2649999999999997 -1
212.866 3.1630000000000003 1
220.46 3.4699999999999998 -1
225.867 3.263 1
231.46699999999998 3.263 -1
240.575 2.955 1
245.46200000000002 3.468 -1
254.357 3.573 -1
260.576 2.955 1
267.96 3.572 -1
275.087 2.646 1
280.063 3.471 -1
288.282 2.853 1
292.658 3.573 -1
298.873 3.058 -1
304.767 3.2640000000000002 1
309.561 3.4699999999999998 1
315.98199999999997 2.749 1
322.08299999999997 2.748 1
331.389 2.542 -1
337.576 2.955 1
345.96 3.471 1
352.88199999999995 2.75 1
357.866 3.3659999999999997 -1
365.76800000000003 3.2649999999999997 1
375.084 2.852 1
383.964 3.572 1
391.96999999999997 3.162 -1
399.16299999999995 3.3689999999999998 -1
409.78399999999993 2.648 -1
416.77299999999997 3.059 -1
424.16299999999995 3.4690000000000003 1
434.274 3.059 -1
441.77000000000004 3.263 1
