4.885 3.16 1
10.861 3.3659999999999997 1
20.355 3.572 1
28.159 3.4690000000000003 1
34.58 2.749 1
43.417 1.513 -1
51.996 2.2359999999999998 -1
60.693000000000005 2.44 -1
68.709 1.9260000000000002 1
74.108 2.028 1
79.40500000000002 1.823 -1
84.993 2.235 -1
92.69099999999999 2.3369999999999997 -1
99.05599999999998 3.572 1
106.264 3.2640000000000002 -1
114.16199999999999 3.367 -1
122.75099999999999 3.778 1
129.158 3.471 1
136.778 2.852 1
142.364 3.367 -1
148.066 3.266 1
153.45899999999997 3.574 1
162.29899999999998 2.336 -1
167.283 2.852 -1
174.757 3.573 1
180.672 3.058 1
186.266 3.2640000000000002 1
194.166 3.2640000000000002 1
202.862 3.368 1
210.456 3.574 1
216.855 3.675 1
227.887 2.543 -1
232.98499999999999 2.645 1
241.98700000000002 2.545 -1
250.57600000000002 3.058 1
259.478 3.057 -1
265.08299999999997 2.853 -1
271.39199999999994 2.439 1
279.277 2.9539999999999997 -1
284.37399999999997 3.057 -1
290.883 2.748 1
298.67199999999997 3.059 -1
303.66999999999996 3.161 -1
310.762 3.4699999999999998 -1
320.269 3.263 1
327.283 2.849 1
333.277 2.955 1
338.774 3.058 1
348.788 2.646 -1
355.87899999999996 2.956 -1
361.067 3.2649999999999997 1
367.476 3.057 1
372.886 2.647 1
377.366 3.367 -1
384.79100000000005 2.542 -1
389.66400000000004 3.4690000000000003 -1
397.391 2.4419999999999997 1
402.16700000000003 3.3659999999999997 1
408.182 2.851 1
413.059 3.574 1
422.161 3.572 1
429.06100000000004 3.572 1
434.16400000000004 3.4690000000000003 1
441.667 3.367 1
