5.417999999999999 2.626 -1
12.978 3.249 1
22.785999999999998 3.041 -1
28.593 2.834 -1
36.183 3.144 1
42.066 3.461 1
47.27 3.458 1
52.981 3.248 1
58.478 3.3520000000000003 1
67.369 3.5620000000000003 1
76.91799999999999 2.415 -1
82.374 3.56 1
89.88799999999999 2.94 1
95.797 2.731 1
100.98399999999998 3.144 1
107.98799999999999 3.04 -1
114.98499999999999 3.043 1
120.36899999999999 3.459 1
126.88199999999999 3.146 1
134.576 3.252 -1
140.287 3.041 1
145.79299999999998 2.935 -1
150.869 3.56 1
159.722 2.309 1
166.481 3.251 1
174.093 3.04 1
183.202 2.833 1
192.793 2.936 1
198.722 2.207 1
205.89700000000002 2.832 -1
215.485 3.144 -1
223.407 2.623 1
229.381 3.249 -1
234.685 3.145 1
240.994 2.936 1
247.378 3.252 -1
253.588 3.042 1
258.768 3.5629999999999997 1
268.406 2.727 -1
273.488 3.146 -1
278.874 3.561 1
286.264 3.666 1
296.62399999999997 2.207 -1
300.577 3.354 -1
309.575 3.456 -1
317.469 3.5620000000000003 1
325.48699999999997 3.144 -1
332.001 2.73 -1
339.80799999999994 2.523 -1
348.289 3.042 -1
357.17599999999993 3.456 -1
363.483 3.25 1
372.442 1.6919999999999997 1
380.39099999999996 3.041 1
388.2579999999999 1.3739999999999997 1
393.56999999999994 1.0619999999999998 1
396.585 3.147 1
401.98299999999995 3.249 -1
408.37699999999995 3.355 -1
416.895 2.937 -1
424.561 1.1710000000000003 1
429.147 1.5860000000000003 1
432.88200000000006 3.251 1
442.098 2.935 -1
