4.785 3.263 -1
10.369 3.06 -1
16.796 2.234 -1
21.563999999999997 3.367 -1
27.383999999999997 2.748 1
34.474000000000004 3.059 -1
43.108999999999995 2.026 -1
47.876 2.9539999999999997 1
52.953 3.677 1
62.39 2.34 -1
67.27600000000001 2.9539999999999997 -1
72.16600000000001 3.2640000000000002 1
79.656 3.675 1
84.86 3.5709999999999997 1
92.662 3.4690000000000003 -1
99.96000000000001 3.5709999999999997 1
104.85600000000001 3.675 1
111.09400000000001 2.437 -1
116.381 2.75 1
124.76799999999999 3.2649999999999997 -1
133.007 2.0269999999999997 -1
140.57199999999997 3.3659999999999997 -1
147.959 3.573 -1
155.27200000000002 3.16 1
161.881 2.751 -1
171.49 2.4419999999999997 -1
176.472 3.16 1
183.685 2.647 -1
188.983 2.749 1
193.968 3.2640000000000002 -1
200.764 3.368 -1
206.878 2.9539999999999997 -1
213.994 2.439 -1
221.703 2.13 -1
226.268 3.3659999999999997 1
232.913 1.822 -1
239.58199999999997 2.9539999999999997 1
247.984 2.749 -1
255.961 3.572 1
265.269 3.2640000000000002 -1
274.29 2.645 -1
280.28499999999997 2.749 1
288.663 3.471 1
297.608 2.026 -1
301.973 3.161 -1
308.793 2.541 -1
314.06399999999996 3.4699999999999998 -1
320.283 2.851 1
326.986 2.749 -1
332.57300000000004 3.263 1
338.486 2.851 -1
345.973 3.162 1
356.291 2.544 1
362.173 3.162 -1
371.995 2.44 -1
381.484 2.851 1
390.17699999999996 3.059 1
395.171 3.2640000000000002 -1
402.863 3.572 -1
409.275 3.161 1
420.632 1.1030000000000002 1
425.807 2.029 -1
431.9669999999999 3.4699999999999998 -1
442.908 2.13 1
