4.889 3.162 -1
10.866999999999999 3.266 -1
19.084999999999997 2.748 1
27.085 2.749 1
34.074000000000005 3.16 1
39.874 3.16 1
44.458999999999996 3.675 1
50.776999999999994 3.057 1
56.375 3.059 -1
65.97500000000001 3.161 1
72.17899999999999 3.058 1
78.871 3.263 1
85.092 2.4419999999999997 1
92.884 3.057 -1
97.465 3.4699999999999998 1
104.796 2.339 -1
112.794 2.441 -1
117.272 3.1630000000000003 1
125.486 2.749 -1
134.69299999999998 2.4419999999999997 1
139.483 2.852 1
144.483 2.852 1
158.674 3.162 -1
165.573 3.2640000000000002 -1
171.971 3.367 1
178.80800000000002 2.031 1
184.88299999999998 2.853 -1
191.68699999999998 2.749 1
200.873 2.853 -1
209.093 2.235 1
214.68800000000002 2.441 -1
223.569 3.161 1
232.156 3.676 1
238.475 3.058 -1
246.903 2.234 -1
251.681 2.956 -1
258.057 3.1630000000000003 -1
264.266 2.955 -1
270.556 3.266 1
277.072 2.853 -1
284.879 2.545 -1
290.772 2.853 1
301.115 1.412 -1
305.576 2.852 1
314.207 1.822 1
322.462 3.4699999999999998 1
328.171 3.161 1
335.763 3.4699999999999998 1
345.089 2.9459999999999997 1
352.674 2.748 1
362.08599999999996 2.2359999999999998 -1
366.674 2.748 -1
375.56399999999996 3.16 1
380.556 3.3689999999999998 1
386.985 2.441 1
392.589 2.438 -1
401.61 1.6180000000000003 -1
405.872 3.057 -1
412.861 3.4690000000000003 1
422.001 2.131 -1
435.75800000000004 3.676 1
