4.786999999999999 3.262 1
10.059000000000001 3.572 1
18.980999999999998 2.751 -1
26.269 3.263 1
32.766999999999996 3.2649999999999997 1
40.16 3.572 1
47.263000000000005 3.4699999999999998 -1
55.71 1.9249999999999998 -1
61.50000000000001 2.336 1
67.60300000000001 2.029 1
74.3 2.233 -1
78.57799999999999 3.0549999999999997 -1
83.465 3.368 1
89.59199999999998 2.441 1
94.485 2.648 -1
103.264 3.4690000000000003 1
113.187 2.646 -1
120.38 2.853 1
127.466 3.2670000000000003 1
132.55999999999997 3.574 1
138.996 2.338 -1
144.386 2.648 -1
151.57899999999998 3.056 -1
159.375 3.161 1
167.67600000000002 3.058 -1
174.39000000000001 2.544 -1
181.889 2.645 -1
191.30100000000002 2.133 -1
199.072 3.263 1
205.67100000000002 3.263 1
210.671 3.2640000000000002 1
218.09199999999998 2.543 -1
225.014 1.721 -1
232.978 3.057 1
238.988 2.647 1
248.5 2.235 1
258.30600000000004 2.131 -1
263.48 3.058 1
270.467 3.4690000000000003 1
279.46599999999995 3.4699999999999998 1
285.478 3.058 1
293.18699999999995 2.749 1
298.38 2.956 1
307.373 3.263 1
313.67799999999994 2.958 -1
321.272 3.16 1
328.872 3.161 -1
337.68699999999995 2.75 -1
348.001 2.336 -1
354.792 2.129 -1
360.167 2.855 1
365.97200000000004 2.751 1
371.778 2.646 -1
376.367 3.057 -1
384.654 3.572 1
393.65900000000005 3.4690000000000003 1
399.98100000000005 2.647 -1
408.24199999999996 0.5880000000000001 -1
410.965 3.3659999999999997 1
417.07499999999993 3.057 1
422.87100000000004 3.162 1
429.404 2.13 -1
435.007 2.028 -1
442.702 2.3369999999999997 1
