5.505 2.542 -1
11.96 3.4690000000000003 1
18.578 2.852 -1
24.807000000000002 1.822 1
33.186 2.544 -1
38.675000000000004 2.955 1
44.897000000000006 2.233 1
52.179 2.751 1
62.519 1.411 -1
66.375 3.056 -1
72.496 2.336 1
77.27600000000001 3.157 1
83.486 2.648 -1
87.765 3.4699999999999998 1
94.186 2.75 -1
102.114 1.717 -1
105.87100000000001 3.16 -1
112.771 3.16 1
122.99600000000001 2.235 -1
127.79000000000002 2.441 -1
135.077 2.9539999999999997 -1
143.876 3.057 1
151.27400000000003 3.057 -1
157.287 2.646 -1
164.47400000000002 3.058 -1
170.085 2.647 -1
175.289 2.544 1
183.47000000000003 3.2649999999999997 1
193.37500000000003 3.057 -1
199.796 2.436 -1
205.06500000000003 3.367 1
213.988 2.544 -1
219.986 2.647 -1
227.279 2.9539999999999997 1
235.279 2.9539999999999997 1
242.97299999999998 3.16 1
250.672 3.161 1
257.272 3.161 1
266.19399999999996 2.439 1
276.401 2.133 1
282.801 2.235 -1
291.49300000000005 2.441 1
297.385 2.749 -1
306.47 3.2640000000000002 -1
312.18100000000004 2.9530000000000003 1
319.806 2.028 -1
326.48 2.9539999999999997 -1
331.17100000000005 3.263 -1
337.886 2.748 -1
346.17 3.2640000000000002 1
355.98400000000004 2.75 1
361.485 2.75 1
367.085 2.852 -1
373.196 2.339 -1
379.514 1.822 1
385.779 3.058 -1
393.294 2.541 1
399.393 2.543 1
406.61100000000005 1.924 -1
415.504 2.131 1
421.978 3.058 1
427.375 3.16 1
436.599 2.3369999999999997 1
442.081 2.955 1
