5.215 2.854 1
10.49 2.545 1
15.775000000000002 2.852 -1
21.07 3.057 1
26.980999999999998 2.5460000000000003 1
32.888 2.339 1
37.662 3.365 1
46.861999999999995 3.2649999999999997 1
52.166999999999994 3.06 -1
58.863 3.2649999999999997 1
68.371 3.058 -1
78.278 2.853 1
83.874 3.058 1
91.26899999999999 3.2640000000000002 1
99.392 2.543 1
105.58200000000001 2.9539999999999997 1
112.28699999999999 2.441 1
118.36299999999999 3.2649999999999997 1
127.07499999999999 2.9530000000000003 1
134.469 3.059 1
139.57 3.058 1
148.681 2.748 1
155.296 2.233 1
164.165 3.2640000000000002 1
172.26399999999998 3.367 1
177.967 3.2649999999999997 1
184.673 3.262 1
192.77499999999998 3.161 1
198.791 2.544 1
206.586 2.543 1
214.896 2.334 1
220.89000000000001 2.44 -1
228.00400000000002 1.9260000000000002 1
235.767 3.263 1
242.284 2.647 1
249.182 2.749 1
254.38899999999998 2.542 1
260.49199999999996 2.439 1
269.286 2.645 1
276.093 2.339 1
283.966 3.368 1
292.59200000000004 2.643 1
299.67699999999996 2.9539999999999997 1
309.79 2.441 -1
317.39 2.441 1
324.786 2.645 1
330.602 2.029 -1
336.806 1.9249999999999998 1
343.28099999999995 2.851 1
349.904 1.928 -1
354.798 2.234 1
360.68899999999996 2.543 -1
366.198 2.234 1
371.597 2.335 1
376.473 3.06 1
382.489 2.545 1
390.467 3.4690000000000003 1
397.48600000000005 2.647 1
402.67 3.162 1
412.38200000000006 2.751 -1
421.387 2.646 1
429.394 2.439 1
434.38100000000003 2.952 1
442.49 2.543 1
