4.413 3.668 1
10.075 3.355 -1
17.073 3.357 1
25.861 3.669 -1
32.668 3.5629999999999997 -1
40.171 3.46 -1
45.165000000000006 3.666 -1
50.664 3.668 -1
59.668 3.564 1
66.067 3.667 1
72.78899999999999 3.0460000000000003 -1
77.68 3.356 -1
83.176 3.355 1
88.57000000000001 3.461 -1
95.292 2.939 -1
103.06700000000001 3.564 -1
111.16900000000001 3.5629999999999997 1
116.766 3.666 1
126.58300000000001 3.149 -1
133.392 2.94 -1
140.188 3.044 -1
147.709 2.423 1
152.56799999999998 3.565 1
157.67100000000002 3.5629999999999997 1
163.67499999999998 3.459 -1
169.59 3.045 1
174.072 3.564 1
181.77599999999998 3.357 -1
190.28799999999998 3.044 -1
199.27899999999997 3.354 1
206.772 3.461 -1
212.36599999999999 3.667 1
220.578 3.355 -1
225.67299999999997 3.46 1
231.377 3.356 -1
240.17700000000002 3.357 -1
245.787 3.148 -1
254.37400000000002 3.5629999999999997 -1
260.491 3.043 1
268.175 3.3609999999999998 -1
274.69300000000004 3.044 1
280.074 3.46 -1
288.298 2.836 1
292.773 3.461 -1
298.68300000000005 3.251 -1
304.469 3.565 1
310.20000000000005 2.835 -1
315.171 3.564 -1
321.37699999999995 3.458 -1
330.68299999999994 3.254 -1
337.595 2.94 1
347.22 2.215 1
352.486 3.149 -1
357.982 3.253 -1
367.55199999999996 1.4849999999999999 1
374.584 3.356 -1
384.493 3.043 1
391.98699999999997 3.148 -1
399.284 3.252 -1
409.912 2.524 -1
416.684 3.152 1
424.07099999999997 3.565 1
433.98 3.356 -1
441.47 3.5629999999999997 -1
