5.297000000000001 2.749 -1
10.674 2.9539999999999997 -1
20.681 2.647 1
30.275 2.955 -1
36.696999999999996 2.234 1
43.33 1.1019999999999999 1
47.476 3.057 1
55.37 3.164 -1
61.581 2.854 -1
66.58200000000001 2.9539999999999997 1
71.773 2.956 -1
86.272 2.957 -1
91.973 2.956 1
99.824 1.205 1
104.17 3.06 -1
112.493 2.3369999999999997 -1
117.98 2.85 1
124.464 3.266 -1
131.09500000000003 2.2359999999999998 1
137.968 3.2640000000000002 -1
147.17899999999997 2.955 -1
154.26500000000001 3.4699999999999998 -1
160.687 2.649 1
166.509 1.822 -1
174.29399999999998 2.237 -1
178.878 2.853 -1
184.67699999999996 2.854 -1
193.464 3.367 -1
203.07399999999998 3.057 -1
210.46499999999997 3.3659999999999997 -1
215.761 3.4699999999999998 -1
221.688 2.543 -1
227.302 2.029 -1
235.482 2.75 -1
241.98 2.956 -1
250.41 1.9249999999999998 1
257.37100000000004 3.061 -1
262.574 3.058 -1
271.271 3.161 -1
280.476 2.956 1
287.373 3.059 -1
295.67 3.162 -1
301.56199999999995 3.4699999999999998 -1
312.002 2.131 1
318.06100000000004 3.472 -1
326.481 2.852 -1
332.495 2.338 1
338.3 2.234 -1
343.47499999999997 3.16 -1
349.686 2.75 1
361.135 0.8980000000000001 1
365.885 2.749 -1
371.385 2.749 1
376.884 2.75 -1
382.387 2.647 1
391.59000000000003 2.544 -1
397.481 2.853 -1
404.47100000000006 3.263 -1
413.609 1.9249999999999998 -1
418.668 3.3659999999999997 -1
426.785 2.75 -1
432.97499999999997 3.16 1
444.145 0.891 -1
