5.408 2.627 -1
14.999 2.728 -1
23.377 3.25 -1
32.327 2.101 1
37.075 3.3529999999999998 1
45.672 0.9560000000000004 -1
49.927 2.101 -1
54.983 3.145 -1
60.273 3.355 -1
65.37500000000001 3.3529999999999998 1
74.789 3.041 1
81.979 3.3520000000000003 -1
87.703 2.729 -1
95.807 2.526 -1
103.006 2.729 -1
117.352 1.3769999999999998 -1
123.559 1.27 1
131.2 2.729 1
139.111 2.418 -1
144.29299999999998 2.936 -1
151.975 3.354 -1
158.302 2.728 1
164.59 2.94 -1
171.698 2.832 1
178.35899999999998 1.1719999999999997 -1
182.709 2.523 -1
194.383 0.7510000000000003 1
201.51 2.52 -1
208.928 2.002 -1
214.83100000000002 1.999 1
225.407 2.523 1
231.7 2.831 1
240.5 2.831 1
247.75899999999996 1.3719999999999999 1
252.73499999999999 1.8960000000000004 -1
261.759 1.2719999999999998 1
268.21 2.521 1
276.096 2.836 1
282.535 1.9980000000000002 1
290.031 2.103 1
295.113 2.522 1
303.388 3.144 1
311.233 1.8989999999999996 -1
316.022 2.31 1
322.40799999999996 2.624 -1
330.29999999999995 2.732 1
338.519 2.313 -1
349.58899999999994 0.5430000000000001 -1
355.687 0.645 -1
366.303 2.729 1
371.88500000000005 3.248 1
381.89900000000006 2.835 1
390.995 3.04 1
396.39200000000005 3.041 -1
404.67100000000005 0.9619999999999997 1
408.83000000000004 2.003 1
415.18300000000005 3.25 1
422.67100000000005 0.9619999999999997 -1
430.53000000000003 2.104 -1
438.556 1.4780000000000002 1
441.679 3.355 1
