5.401 2.626 -1
15.019999999999998 1.9060000000000001 -1
23.102999999999998 2.624 1
30.063 1.065 -1
37.968 1.0619999999999998 1
40.984 3.247 1
50.456 1.3760000000000003 1
59.013 2.521 1
65.238 1.8960000000000004 1
69.592 2.935 1
76.976 3.251 1
83.7 2.727 -1
97.633 1.895 -1
107.13600000000001 1.6910000000000003 1
112.65599999999999 1.3719999999999999 -1
121.136 1.7919999999999998 1
126.312 2.417 1
132.326 2.104 -1
139.28 0.7510000000000003 1
147.13400000000001 1.9980000000000002 1
155.196 2.938 1
160.19899999999998 2.936 1
168.838 1.79 1
176.23800000000003 1.7910000000000004 -1
181.751 1.4780000000000002 1
186.979 3.25 1
197.53400000000002 1.795 -1
203.638 1.7910000000000004 -1
212.83200000000002 1.8969999999999998 1
219.888 3.041 1
229.41500000000002 2.415 -1
236.79599999999996 2.835 1
242.07899999999998 3.354 1
250.728 2.106 -1
259.664 1.1660000000000004 -1
262.99699999999996 2.833 1
269.94399999999996 1.5860000000000003 -1
277.408 2.522 1
282.701 2.729 -1
289.344 1.6860000000000004 1
293.989 3.041 1
302.421 2.209 1
307.384 3.147 1
313.277 3.354 1
319.296 2.835 -1
325.08 3.251 1
332.409 2.623 1
341.696 2.937 1
349.327 2.208 -1
354.688 3.043 1
363.21500000000003 2.316 1
371.00899999999996 2.623 1
376.08299999999997 3.248 1
381.894 2.938 1
389.20799999999997 2.524 1
394.312 2.52 1
400.80699999999996 2.625 -1
407.99899999999997 2.833 -1
418.419 2.313 -1
424.455 1.3769999999999998 1
430.23 2.103 -1
436.51900000000006 2.414 1
443.762 1.2719999999999998 -1
