5.195 2.852 -1
14.872 3.057 -1
20.063000000000002 3.3659999999999997 1
28.359 3.4699999999999998 1
34.577000000000005 2.852 -1
39.556999999999995 3.572 1
49.56499999999999 3.2640000000000002 1
56.772 3.058 1
65.16 3.471 -1
73.262 3.4699999999999998 -1
81.179 2.9539999999999997 -1
90.587 2.848 -1
96.902 2.028 1
101.66 3.4699999999999998 1
111.064 3.367 -1
121.402 2.129 1
125.473 3.058 1
132.585 2.5460000000000003 -1
140.898 2.233 -1
146.287 2.544 -1
151.378 2.853 -1
159.28500000000003 2.5460000000000003 -1
165.88500000000002 2.647 -1
172.09099999999998 2.542 -1
179.068 3.3659999999999997 1
185.602 2.233 -1
193.48600000000002 2.5460000000000003 1
199.859 3.573 1
209.681 2.851 -1
215.571 3.161 1
222.193 2.439 1
228.371 3.161 1
236.18400000000003 2.748 1
241.284 2.749 -1
248.268 3.2640000000000002 -1
255.29999999999998 2.233 1
259.974 3.059 1
265.26399999999995 3.3689999999999998 1
274.062 3.472 -1
279.675 3.06 -1
286.178 3.058 -1
291.775 3.058 -1
298.468 3.2649999999999997 -1
304.965 3.368 1
313.798 2.2359999999999998 -1
318.97 3.2640000000000002 -1
325.894 2.44 1
332.664 3.4699999999999998 -1
338.279 3.0549999999999997 -1
346.968 3.3659999999999997 1
352.86100000000005 3.573 1
358.56100000000004 3.573 1
367.359 3.675 1
375.567 3.368 1
380.56899999999996 3.367 -1
386.99699999999996 2.44 1
395.36 3.675 1
401.586 2.649 -1
410.695 2.44 -1
415.467 3.468 -1
423.68800000000005 2.847 -1
428.166 3.4690000000000003 -1
436.587 2.648 -1
441.771 3.2640000000000002 1
