4.568 3.4690000000000003 1
13.364999999999998 3.573 1
22.572 3.2640000000000002 1
27.865 3.572 -1
37.67 3.4690000000000003 1
47.683 2.541 -1
55.452 3.573 -1
61.459 3.367 -1
70.066 3.162 1
76.58 2.749 1
81.78200000000001 2.648 -1
86.882 2.749 -1
92.074 3.058 -1
97.575 3.258 -1
104.07000000000001 3.2640000000000002 -1
110.494 2.543 1
117.771 3.3659999999999997 -1
123.051 3.4699999999999998 1
132.571 2.851 -1
137.54999999999998 3.573 1
145.357 3.367 1
151.68900000000002 2.2359999999999998 -1
159.39600000000002 2.131 1
163.87 3.058 1
173.274 2.955 -1
183.29 2.541 1
192.074 3.058 1
197.47299999999998 3.16 -1
202.264 3.4699999999999998 -1
209.394 2.441 -1
215.58 2.4419999999999997 1
220.96500000000003 3.057 -1
230.556 3.367 1
237.95700000000002 3.367 1
245.256 3.4690000000000003 -1
251.56 3.368 -1
260.704 1.924 -1
265.059 3.4690000000000003 1
272.55899999999997 3.471 1
278.283 2.748 -1
286.687 2.545 -1
292.97100000000006 3.263 -1
298.26200000000006 3.472 1
305.37199999999996 3.2640000000000002 -1
311.389 2.234 -1
318.054 3.4690000000000003 -1
326.847 3.677 1
332.55 3.574 -1
340.66 3.2649999999999997 -1
347.97299999999996 2.853 1
353.56200000000007 3.3659999999999997 -1
359.97 3.159 -1
367.65999999999997 3.4699999999999998 1
376.864 3.367 1
382.06299999999993 3.3689999999999998 -1
390.008 2.026 -1
396.706 2.029 1
400.87 3.3659999999999997 -1
406.45 3.575 -1
414.058 3.367 1
420.452 3.573 1
428.459 3.3659999999999997 1
436.16200000000003 3.263 -1
441.35 3.676 1
