5.503 2.542 1
13.665000000000001 3.2640000000000002 -1
21.08 2.75 -1
26.064999999999998 3.3659999999999997 1
32.666 3.3659999999999997 1
39.589000000000006 2.544 -1
45.58899999999999 2.545 -1
53.097 2.439 -1
57.657 3.368 -1
65.353 3.572 -1
71.265 3.06 1
78.046 3.779 1
83.35000000000001 3.675 1
93.77300000000001 2.853 -1
101.16999999999999 3.058 -1
110.481 2.648 -1
114.863 3.367 -1
122.057 3.574 -1
127.36800000000001 3.2640000000000002 1
133.674 3.059 1
144.29899999999998 2.336 1
148.66199999999998 3.574 -1
158.46800000000002 3.058 1
168.593 2.233 -1
175.16500000000002 3.262 -1
180.966 3.161 -1
185.858 3.4690000000000003 1
194.377 2.75 -1
200.39399999999998 2.234 1
206.36900000000003 3.16 1
211.554 3.676 -1
220.46 3.572 -1
226.85799999999998 3.675 1
236.67999999999998 2.955 1
242.57199999999997 3.2640000000000002 1
248.867 3.161 1
257.274 2.9539999999999997 -1
262.558 3.4699999999999998 1
271.186 2.4419999999999997 -1
280.991 2.3369999999999997 1
287.259 3.4690000000000003 -1
293.37899999999996 2.749 1
302.993 2.237 1
307.562 3.4690000000000003 1
314.057 3.675 -1
320.967 3.3659999999999997 1
325.76 3.574 -1
334.266 3.4690000000000003 1
339.364 3.572 1
345.463 3.3659999999999997 1
352.564 3.2649999999999997 -1
360.255 3.675 1
366.55600000000004 3.573 1
375.558 3.472 -1
385.002 1.8280000000000003 -1
388.97499999999997 2.956 -1
397.388 2.543 -1
403.281 2.75 1
409.80699999999996 1.8250000000000002 1
413.86799999999994 3.2640000000000002 -1
422.806 2.028 1
427.065 3.4699999999999998 1
432.773 3.263 -1
441.46 3.5709999999999997 -1
