4.576 3.4690000000000003 -1
10.257 3.4699999999999998 -1
15.952000000000002 3.675 -1
23.059 3.4690000000000003 -1
32.06 3.4699999999999998 -1
41.574 3.058 1
47.160000000000004 3.573 -1
52.36 3.573 -1
57.861000000000004 3.574 -1
63.26100000000001 3.675 -1
71.562 3.3659999999999997 -1
80.75800000000001 3.4699999999999998 -1
86.854 3.574 -1
91.752 3.676 -1
98.65199999999999 3.676 -1
104.75 3.779 -1
110.35099999999998 3.778 -1
116.156 3.573 -1
122.054 3.675 -1
127.048 3.882 -1
132.956 3.675 -1
141.652 3.8810000000000002 -1
151.552 3.882 -1
157.056 3.779 -1
164.95 3.7800000000000002 -1
172.55200000000002 3.778 -1
177.951 3.779 -1
183.05200000000002 3.778 -1
189.65 3.7800000000000002 -1
195.76 3.4699999999999998 1
203.05499999999998 3.675 -1
211.958 3.572 -1
221.16 3.4699999999999998 -1
228.456 3.575 -1
237.566 3.367 1
243.062 3.572 -1
248.87099999999998 3.2640000000000002 -1
255.666 3.4699999999999998 1
264.479 2.852 1
271.262 3.4690000000000003 1
279.061 3.4699999999999998 -1
287.96 3.471 -1
292.96 3.471 -1
300.355 3.676 -1
306.959 3.573 -1
315.154 3.778 -1
325.06199999999995 3.4699999999999998 -1
331.26599999999996 3.3659999999999997 -1
340.65999999999997 3.675 -1
350.373 3.263 -1
355.566 3.266 -1
362.269 3.2640000000000002 -1
368.06100000000004 3.572 -1
375.35499999999996 3.677 -1
383.367 3.3659999999999997 -1
391.26000000000005 3.573 -1
398.27200000000005 3.161 -1
405.558 3.675 -1
411.261 3.572 -1
416.95700000000005 3.676 -1
424.55400000000003 3.6790000000000003 -1
430.056 3.677 -1
436.35900000000004 3.575 -1
441.25500000000005 3.7800000000000002 -1
