4.7780000000000005 3.25 1
11.677999999999999 3.249 -1
17.179 3.248 1
22.179000000000002 3.249 -1
31.567 3.5629999999999997 1
39.07 3.561 1
47.26199999999999 1.27 1
52.676 3.457 1
60.877 3.458 1
67.884 3.044 1
74.899 2.729 1
80.419 2.209 -1
84.98299999999999 3.145 1
91.20199999999998 2.626 -1
97.42999999999999 1.8980000000000001 1
101.48599999999999 3.042 -1
107.00499999999998 2.623 -1
114.47699999999999 3.251 -1
122.28699999999999 3.042 1
128.699 2.731 -1
135.997 2.834 1
143.282 3.25 1
152.975 3.459 1
160.97799999999998 3.251 1
166.268 3.561 1
176.93400000000003 1.795 -1
180.971 3.458 1
186.98700000000002 3.042 -1
195.23800000000003 1.7910000000000004 1
203.512 2.418 -1
211.582 3.148 -1
220.191 2.939 1
226.08499999999998 3.145 -1
234.31900000000002 2.313 -1
240.208 2.625 -1
244.67100000000002 3.5629999999999997 1
253.78099999999998 3.354 1
259.18299999999994 3.148 -1
266.877 3.354 1
272.59799999999996 2.833 -1
277.072 3.459 -1
285.39199999999994 2.939 -1
292.17 3.561 1
300.18499999999995 3.146 1
307.97499999999997 3.356 -1
319.447 1.484 1
323.47299999999996 3.458 1
332.88 3.3529999999999998 -1
342.70099999999996 2.833 -1
348.40000000000003 2.835 -1
354.98499999999996 3.147 -1
361.08299999999997 3.249 1
367.791 3.041 -1
374.19899999999996 2.833 -1
380.006 2.626 -1
385.775 3.457 1
392.084 3.249 1
401.60200000000003 2.731 -1
406.884 3.249 1
416.29200000000003 2.941 1
422.303 2.73 1
427.18300000000005 3.25 -1
433.1 2.833 -1
441.891 3.144 -1
