5.082000000000001 2.956 1
11.982000000000001 2.955 -1
17.273 3.2640000000000002 -1
26.365000000000002 2.955 1
34.955 3.467 1
41.154 3.4690000000000003 1
46.559 3.2649999999999997 -1
53.359 3.3659999999999997 -1
60.279 2.5469999999999997 1
69.07 3.058 -1
74.461 3.368 -1
82.36399999999999 3.266 -1
88.385 2.747 1
93.17500000000001 2.957 -1
102.98 2.854 1
110.17 3.2649999999999997 -1
115.76 3.262 -1
122.15400000000001 3.368 1
128.668 2.854 1
134.664 3.059 -1
143.171 2.9539999999999997 1
151.96800000000002 3.058 1
161.27200000000002 2.855 -1
166.56699999999998 3.061 -1
175.678 2.852 1
180.87099999999998 3.16 -1
188.977 2.855 -1
196.37500000000003 3.059 -1
206.192 2.543 -1
211.557 3.266 -1
220.392 2.031 1
226.968 2.855 1
233.775 2.749 1
239.071 2.9539999999999997 1
247.37499999999997 2.751 -1
252.66400000000002 3.263 1
259.471 3.057 1
265.968 3.161 1
271.375 2.955 -1
276.57099999999997 3.16 1
282.06199999999995 3.4699999999999998 1
289.062 3.471 1
297.582 2.853 -1
303.48999999999995 2.646 -1
311.596 2.029 -1
316.164 3.161 1
321.159 3.266 -1
330.65799999999996 3.367 -1
341.074 2.852 -1
347.06999999999994 3.057 -1
355.579 2.749 -1
362.09000000000003 2.339 -1
370.37699999999995 2.9539999999999997 -1
376.48199999999997 2.75 -1
383.973 3.26 1
389.375 3.059 -1
394.775 3.06 -1
404.385 2.441 1
410.191 2.235 -1
414.568 2.958 -1
421.55899999999997 3.367 1
429.165 3.162 -1
434.78 2.5469999999999997 -1
442.381 2.646 -1
