5.497999999999999 2.544 1
10.064 3.5709999999999997 1
18.564 3.16 1
26.568 2.956 1
32.758 3.266 1
40.366 3.359 1
47.874 2.851 -1
54.568000000000005 3.058 1
61.078 2.75 1
66.46799999999999 3.161 1
73.782 2.748 -1
78.573 3.058 -1
83.566 3.2649999999999997 1
88.56200000000001 3.4699999999999998 1
94.38499999999999 2.748 -1
104.914 1.8210000000000002 -1
113.078 2.748 -1
120.273 2.9530000000000003 1
127.66499999999999 3.061 1
132.657 3.4690000000000003 1
138.576 2.75 -1
144.174 2.852 1
151.363 3.2640000000000002 -1
159.06 3.468 1
167.56799999999998 3.162 -1
173.975 2.956 -1
181.88600000000002 2.646 1
190.89100000000002 2.543 -1
199.27700000000002 3.058 1
205.356 3.572 1
210.55900000000003 3.368 1
217.363 3.2640000000000002 -1
223.36 3.367 -1
232.968 3.06 1
238.36499999999998 3.263 1
247.15499999999997 3.573 1
257.67900000000003 2.75 -1
263.164 3.3659999999999997 1
270.768 3.1630000000000003 1
279.978 2.955 1
285.579 2.955 1
292.774 3.161 1
298.38 2.956 1
307.364 3.2640000000000002 1
313.46700000000004 3.162 -1
321.783 2.646 1
328.971 3.058 -1
339.225 1.2039999999999997 -1
347.168 3.161 -1
353.461 3.4690000000000003 -1
359.566 3.464 1
365.262 3.4690000000000003 1
372.198 2.234 1
376.27200000000005 3.161 -1
384.97200000000004 3.263 1
393.77 3.3659999999999997 1
399.46999999999997 3.16 -1
406.491 2.339 -1
411.27 3.06 1
417.689 2.441 1
423.383 2.647 -1
428.473 3.058 -1
433.77299999999997 3.257 -1
441.767 3.2640000000000002 1
