4.985 3.058 1
12.767999999999999 3.057 1
20.774 2.752 1
28.88 2.647 1
38.502 1.9260000000000002 1
45.38399999999999 2.545 -1
51.885000000000005 2.646 1
61.701 2.131 -1
67.393 2.44 1
72.889 2.645 1
81.48100000000001 2.955 1
90.97800000000001 2.749 1
96.681 2.5460000000000003 1
101.784 2.543 1
107.394 2.133 -1
114.787 2.34 -1
123.686 2.441 1
129.57899999999998 2.649 1
136.777 2.852 1
142.07 3.16 1
150.825 1.306 -1
155.86700000000002 3.2649999999999997 1
165.093 2.441 -1
171.965 3.4699999999999998 1
179.566 3.262 1
189.87599999999998 2.852 1
195.856 3.572 1
201.26600000000002 3.263 1
207.867 3.161 -1
215.387 2.542 1
220.76200000000003 3.367 1
230.38300000000004 2.646 1
235.369 3.161 1
240.571 3.16 -1
247.662 3.4699999999999998 1
254.279 2.9539999999999997 1
263.48199999999997 2.853 1
272.584 2.852 1
277.774 3.056 -1
286.486 2.544 -1
293.088 2.542 1
302.582 2.748 -1
311.173 2.957 1
316.362 3.368 1
322.666 3.2649999999999997 1
330.05899999999997 3.471 1
336.68 2.751 -1
341.8829999999999 2.749 1
349.37300000000005 3.06 -1
354.87600000000003 3.058 1
362.67900000000003 2.856 1
368.877 2.854 1
374.166 3.365 1
380.088 2.443 -1
386.19199999999995 2.439 -1
390.76399999999995 3.367 1
396.27799999999996 2.853 -1
401.26099999999997 3.4699999999999998 1
411.16799999999995 3.1630000000000003 1
417.281 2.75 -1
422.36499999999995 3.367 1
427.959 3.573 1
436.16099999999994 3.471 -1
442.28200000000004 2.751 1
