6.327 1.721 1
12.614 1.617 1
17.777 2.956 1
25.785000000000004 2.749 -1
32.307 2.028 1
41.194 2.029 1
48.787000000000006 2.2359999999999998 1
56.084 2.439 1
60.772999999999996 2.851 -1
67.708 1.517 1
73.284 2.542 1
78.176 2.851 -1
89.01999999999998 1.3080000000000003 -1
96.789 2.441 1
101.976 2.955 1
110.67599999999999 3.057 -1
116.17499999999998 3.058 -1
123.473 3.162 -1
129.691 2.645 1
135.177 2.647 -1
141.392 2.1319999999999997 1
146.96099999999998 3.263 1
156.779 2.545 -1
166.177 2.751 1
174.388 2.439 -1
181.089 2.339 1
185.473 2.956 -1
193.282 2.748 -1
199.89699999999996 2.234 1
204.277 2.955 1
210.47799999999998 2.955 -1
221.40800000000002 1.927 1
228.988 2.338 1
234.269 2.957 1
242.165 3.161 -1
247.26299999999998 3.263 1
253.069 2.957 -1
258.277 2.749 1
263.064 3.162 1
270.158 3.4690000000000003 -1
278.875 2.9539999999999997 1
284.067 3.263 1
294.01099999999997 1.7200000000000002 1
302.283 2.75 -1
309.693 2.3409999999999997 -1
316.37 3.2649999999999997 1
323.36699999999996 3.16 1
330.61599999999993 1.5110000000000001 -1
335.16799999999995 3.059 -1
344.86699999999996 3.06 -1
354.279 2.748 1
359.86600000000004 3.262 1
367.29900000000004 2.029 1
374.39300000000003 2.336 -1
379.579 2.751 -1
385.864 3.367 -1
395.90000000000003 2.233 1
401.599 2.336 -1
408.268 3.367 1
413.771 3.2649999999999997 -1
422.495 2.134 -1
430.88100000000003 2.748 -1
436.982 2.647 -1
443.413 1.616 1
