5.199 2.851 1
12.415 1.6180000000000003 1
17.784 2.751 1
26.884 2.545 1
35.504 1.9260000000000002 -1
43.672999999999995 3.057 -1
49.885 2.645 1
54.259 3.471 1
63.077 2.853 -1
69.709 1.721 1
77.286 2.544 -1
84.172 3.058 -1
92.07700000000001 2.9539999999999997 -1
99.699 2.234 1
104.893 2.44 1
109.98 2.854 1
115.377 3.058 -1
124.57700000000001 2.9539999999999997 -1
132.011 1.7200000000000002 -1
140.191 2.44 -1
146.264 3.367 -1
152.089 2.542 -1
159.22600000000003 1.2060000000000004 1
167.024 1.3080000000000003 1
172.71200000000002 1.7200000000000002 1
176.972 3.16 1
184.805 1.927 -1
190.109 1.823 1
198.286 2.649 -1
205.787 2.748 -1
215.788 2.644 1
222.81300000000002 1.7189999999999999 1
228.20799999999997 1.9249999999999998 1
234.033 1.1 -1
238.304 2.029 1
244.506 2.0269999999999997 1
253.382 2.851 -1
260.292 2.541 -1
269.597 2.336 1
275.303 2.03 1
282.972 3.161 -1
288.981 2.852 -1
295.675 3.059 -1
302.378 3.057 1
309.779 3.057 1
318.392 2.543 1
323.465 3.3689999999999998 -1
330.86100000000005 3.573 -1
339.236 0.8980000000000001 -1
344.03000000000003 1.2039999999999997 1
347.98600000000005 2.748 -1
356.09400000000005 2.441 1
361.887 2.748 1
367.9 2.235 1
371.971 3.2640000000000002 1
379.56899999999996 3.266 -1
388.778 2.957 1
396.58 2.855 1
403.195 2.441 1
410.03099999999995 1.2060000000000004 -1
417.535 1.1030000000000002 1
425.599 2.336 -1
432.378 3.058 1
441.874 3.162 -1
