4.585 3.458 1
9.965 3.561 1
16.587 3.04 1
22.393000000000004 2.935 1
28.178 3.251 1
33.684 3.146 1
42.785999999999994 3.146 1
51.272999999999996 3.56 1
61.285 3.25 1
69.187 2.938 -1
75.386 2.939 -1
83.60900000000001 2.416 1
88.59 2.935 1
94.684 3.041 1
100.719 2.206 -1
105.685 3.041 -1
114.17199999999998 3.456 1
120.201 2.628 -1
125.712 2.518 -1
129.671 3.56 1
140.195 2.937 1
145.288 3.045 1
152.876 3.458 1
161.59 2.936 -1
167.49699999999999 2.729 1
175.77199999999996 3.354 1
183.29799999999997 2.728 -1
190.59500000000003 2.832 -1
196.67100000000002 3.456 1
205.199 2.728 1
210.37399999999997 3.354 1
216.70600000000002 2.623 1
221.679 3.251 1
227.57399999999998 3.457 1
234.61700000000002 2.415 -1
242.00599999999997 2.627 -1
247.50900000000001 2.625 -1
254.482 3.146 1
261.395 2.833 1
269.30699999999996 2.521 -1
277.00100000000003 2.727 -1
284.89099999999996 2.937 1
290.929 1.999 -1
295.927 2.101 -1
300.887 3.041 1
307.906 2.622 1
316.395 2.935 1
324.195 2.936 -1
332.90700000000004 2.626 -1
342.42 2.414 -1
349.499 2.73 -1
357.106 2.523 1
362.474 3.355 1
372.72200000000004 2.207 1
377.48900000000003 2.94 -1
387.93800000000005 1.7919999999999998 1
392.28999999999996 3.04 -1
401.81 2.52 1
408.34499999999997 1.685 -1
413.28 3.25 -1
422.98699999999997 3.145 -1
431.86600000000004 1.1669999999999998 1
435.307 2.727 1
441.786 3.249 1
