4.789 3.251 1
10.072 3.457 1
17.367 3.5629999999999997 1
26.980999999999998 3.251 1
35.906000000000006 2.727 1
41.601 2.833 -1
48.594 2.729 -1
55.300000000000004 2.623 1
63.209 2.314 -1
68.285 2.939 -1
73.797 2.627 -1
80.41499999999999 2.209 1
88.58800000000001 2.938 -1
98.08899999999998 3.039 1
103.916 2.312 -1
112.393 2.937 1
117.47800000000001 3.3529999999999998 1
125.78000000000002 3.252 1
131.284 3.249 1
137.596 2.938 1
142.46800000000002 3.457 1
147.859 3.666 1
157.00900000000001 2.416 -1
162.501 2.624 -1
172.017 2.208 -1
177.683 3.042 -1
183.179 3.147 1
190.477 3.25 1
199.621 2.207 1
208.272 3.458 1
215.767 3.564 1
226.09699999999998 2.936 -1
232.115 2.419 1
237.579 3.147 1
242.684 3.042 -1
248.29999999999998 2.626 1
255.444 1.5819999999999999 1
258.874 3.3529999999999998 1
264.985 3.041 1
271.47700000000003 3.25 1
278.793 2.834 1
283.58500000000004 3.042 -1
291.802 2.626 1
299.97 3.46 1
306.301 2.73 -1
313.08000000000004 3.3520000000000003 1
320.88 3.3529999999999998 1
327.916 2.419 1
334.50699999999995 2.42 -1
341.48400000000004 3.044 1
351.82700000000006 2.001 1
358.90000000000003 2.628 -1
365.516 2.2119999999999997 -1
372.684 3.044 1
378.473 3.355 1
387.267 3.461 1
394.584 3.146 -1
399.881 3.25 1
405.5 2.731 -1
411.71500000000003 2.418 -1
416.378 3.456 -1
425.379 3.356 1
433.708 2.521 1
441.468 3.561 1
