5.2 2.851 1
13.792 2.443 -1
19.275 3.161 1
25.612 1.8199999999999998 1
30.183 2.749 1
34.770999999999994 3.161 1
41.077 2.955 -1
47.367999999999995 3.2640000000000002 1
54.414 1.718 1
61.862 3.37 -1
68.07900000000001 2.853 1
73.958 3.574 1
82.165 3.268 -1
87.765 3.367 -1
94.87099999999998 3.162 -1
100.47599999999998 3.057 -1
107.39 2.645 1
115.078 3.058 1
124.48799999999999 2.545 1
131.677 2.956 -1
137.16899999999998 3.2640000000000002 -1
143.7 2.133 1
152.075 3.059 -1
157.682 2.852 -1
164.716 1.718 -1
170.87800000000001 2.956 -1
178.401 2.133 -1
185.47600000000003 3.058 1
194.068 3.3659999999999997 -1
201.764 3.471 -1
208.688 2.648 1
213.86700000000002 3.4699999999999998 1
221.118 1.7200000000000002 -1
228.474 3.161 -1
233.465 3.37 1
242.875 3.06 -1
250.375 3.16 -1
259.168 3.367 -1
264.98199999999997 3.154 -1
271.18699999999995 2.648 -1
276.493 2.543 1
283.392 2.544 -1
291.468 3.368 -1
302.602 2.134 1
311.794 2.543 -1
318.972 2.75 -1
324.70500000000004 2.131 1
329.565 3.059 -1
337.885 2.44 1
344.086 2.44 -1
349.38599999999997 2.3409999999999997 1
355.96400000000006 3.164 1
363.468 3.262 -1
370.76099999999997 3.4699999999999998 1
380.166 3.367 1
388.068 3.266 -1
394.065 3.472 1
401.04999999999995 3.471 -1
407.371 2.75 1
412.753 3.4690000000000003 1
422.6940000000001 1.9289999999999998 1
426.96200000000005 3.263 -1
431.85499999999996 3.4699999999999998 -1
442.895 2.1319999999999997 -1
