5.823 2.205 -1
11.629999999999999 1.9980000000000002 1
20.183999999999997 3.146 1
30.919999999999998 2.312 1
36.099 2.834 1
41.184 3.25 1
46.867 3.667 1
55.486 3.042 -1
61.595000000000006 2.833 -1
67.944 1.5839999999999996 1
71.998 2.73 1
79.734 1.895 -1
87.647 1.5819999999999999 -1
91.785 3.144 1
97.99 3.039 1
104.606 2.623 -1
111.684 3.145 -1
117.789 3.041 1
124.38000000000001 3.3520000000000003 -1
130.184 3.148 1
138.919 2.315 -1
146.881 3.249 1
154.481 3.249 -1
160.288 3.042 1
165.393 2.937 1
174.11 2.42 1
179.832 1.8980000000000001 -1
184.383 3.147 -1
194.622 2.208 -1
203.505 2.625 -1
210.582 3.249 -1
216.19 3.041 -1
221.713 2.519 -1
226.183 3.149 1
234.775 3.459 -1
242.207 2.728 -1
249.494 2.8369999999999997 1
259.264 1.1669999999999998 1
262.07 3.561 -1
273.68 0.7510000000000003 1
281.639 1.7919999999999998 1
288.74199999999996 1.6889999999999996 -1
295.686 3.146 -1
303.24 1.7919999999999998 -1
311.714 2.418 1
318.80199999999996 2.73 -1
326.60299999999995 2.73 -1
333.039 1.795 1
338.432 2.104 -1
343.17499999999995 3.457 -1
349.184 3.249 1
359.408 2.625 -1
365.175 3.458 1
370.57200000000006 3.561 1
377.42300000000006 2.21 -1
383.656 1.3769999999999998 1
392.44500000000005 1.6880000000000002 -1
397.19000000000005 3.143 -1
405.214 2.519 -1
413.952 1.5810000000000004 -1
418.992 3.042 -1
426.07599999999996 3.458 -1
432.989 3.146 1
441.58 3.457 -1
