4.792 3.247 1
14.716000000000001 2.414 -1
20.953 1.3780000000000001 -1
27.163 1.2689999999999997 -1
32.883 3.25 1
40.980000000000004 3.355 1
50.587999999999994 2.834 -1
56.86599999999999 3.456 1
65.178 3.144 1
71.81700000000001 2.106 -1
76.368 3.456 1
84.00500000000001 2.521 -1
92.383 3.144 1
100.508 2.52 -1
107.515 2.415 1
115.812 2.519 -1
121.07500000000002 3.457 -1
128.57199999999997 3.561 -1
136.335 2.0 1
141.78 3.144 1
151.685 2.939 -1
159.696 2.728 -1
167.972 3.3520000000000003 1
173.868 3.457 1
180.29199999999997 2.834 1
188.186 3.041 -1
193.476 3.3520000000000003 -1
198.992 2.937 1
203.868 3.5620000000000003 1
209.06199999999998 3.769 1
218.661 3.7720000000000002 1
225.31000000000003 2.624 -1
230.07299999999998 3.5620000000000003 1
238.703 2.522 -1
246.563 3.5620000000000003 -1
254.1 2.625 1
263.611 2.415 -1
268.164 3.5620000000000003 1
276.90799999999996 2.418 -1
281.492 2.835 1
288.67199999999997 3.456 -1
295.314 2.315 1
299.068 3.5620000000000003 -1
304.688 3.043 -1
310.498 2.834 -1
319.56800000000004 3.666 -1
328.678 3.457 1
334.56199999999995 3.665 1
341.179 3.248 -1
348.491 2.936 -1
354.483 3.043 1
359.89599999999996 2.831 -1
364.98799999999994 2.939 -1
373.1 2.727 -1
379.075 3.252 1
386.06200000000007 3.667 -1
391.98 3.25 1
400.76 3.771 1
408.26700000000005 3.666 1
417.27500000000003 3.459 -1
423.286 3.249 -1
428.5760000000001 3.3520000000000003 -1
435.97600000000006 3.3520000000000003 -1
441.57 3.458 -1
