5.090999999999999 2.956 -1
10.16 3.4699999999999998 1
19.576 2.956 1
25.369000000000003 3.2640000000000002 -1
30.674 3.16 1
38.56699999999999 3.468 1
44.67400000000001 2.852 1
49.879 2.748 1
57.660000000000004 3.367 1
62.661 3.3659999999999997 1
68.77499999999999 2.852 1
76.574 2.853 1
84.58900000000001 2.338 1
91.28399999999999 2.544 1
97.39699999999999 2.1319999999999997 1
102.361 3.3689999999999998 1
108.48 2.751 1
114.581 2.751 1
119.791 2.542 1
125.382 2.752 1
133.076 3.059 1
139.185 2.851 1
144.667 3.161 1
150.783 2.445 -1
158.28 2.748 1
168.383 2.545 1
175.371 2.957 1
182.58599999999998 2.4419999999999997 1
191.976 2.753 -1
200.878 2.852 1
207.98999999999998 2.3409999999999997 1
216.78099999999998 2.852 1
224.9 2.334 1
233.898 2.438 1
243.09799999999998 2.1319999999999997 1
252.697 2.133 1
258.668 3.162 -1
267.879 2.751 -1
277.08500000000004 2.645 1
282.89300000000003 2.3369999999999997 1
288.90700000000004 1.823 -1
294.406 1.924 -1
301.697 2.234 1
308.509 1.923 -1
315.53200000000004 1.0010000000000003 1
319.50000000000006 2.234 1
328.4 2.2359999999999998 1
334.294 2.3369999999999997 -1
341.68299999999994 2.648 1
346.98900000000003 2.542 1
353.509 1.722 1
358.27 3.161 1
363.165 3.3659999999999997 1
371.57099999999997 3.06 1
377.258 3.573 1
386.09799999999996 2.334 -1
391.58599999999996 2.5460000000000003 1
398.79699999999997 2.235 -1
406.09600000000006 2.3369999999999997 1
413.067 3.2670000000000003 1
422.78299999999996 2.853 1
430.078 2.9539999999999997 1
435.57899999999995 2.853 1
442.182 2.851 1
