5.401 2.645 1
13.97 2.959 -1
22.467 3.2640000000000002 1
27.661 3.4699999999999998 1
36.492000000000004 2.541 1
40.764 3.4699999999999998 1
48.982 2.853 1
58.571999999999996 2.957 1
64.586 2.543 -1
69.676 2.853 1
76.964 3.2649999999999997 1
84.092 2.3369999999999997 1
88.973 2.958 -1
96.882 2.648 -1
105.979 2.851 1
111.178 2.852 1
120.804 2.13 1
125.67300000000002 3.059 1
131.992 2.441 1
138.006 2.028 1
146.695 2.441 1
155.691 2.44 1
161.309 1.822 1
168.39499999999998 2.2359999999999998 1
175.897 2.134 -1
180.894 2.3369999999999997 1
187.172 3.059 1
197.19799999999998 2.133 1
202.68099999999998 2.75 -1
211.569 3.162 1
219.98 2.955 1
229.186 2.647 -1
236.475 3.16 1
242.069 3.367 1
250.082 2.75 -1
258.287 2.545 1
263.08299999999997 2.749 1
269.091 2.441 1
276.668 3.2649999999999997 1
282.994 2.438 1
288.39000000000004 2.643 1
293.76800000000003 3.2649999999999997 1
302.09 2.543 1
307.374 3.159 1
314.193 2.44 1
319.589 2.544 -1
325.687 2.647 1
331.66900000000004 3.3659999999999997 1
341.578 3.058 1
349.19 2.344 -1
354.983 2.75 1
363.301 2.233 1
371.089 2.545 1
376.482 2.852 1
382.083 2.751 1
388.88200000000006 2.852 1
394.184 2.65 1
400.58000000000004 2.854 1
407.671 3.1630000000000003 -1
417.675 3.059 1
422.469 3.3659999999999997 1
429.589 2.746 1
435.779 3.16 1
442.599 2.439 1
