5.606 2.443 -1
11.379 2.852 -1
21.182 2.751 1
28.885 2.749 1
33.967 3.368 1
42.171 2.753 -1
51.477 2.747 -1
59.858 3.266 -1
68.804 1.8210000000000002 -1
73.682 2.443 -1
78.783 2.443 1
84.99300000000001 2.234 -1
93.925 1.1039999999999996 1
100.91 1.7200000000000002 1
106.37 3.161 -1
114.37199999999999 3.161 -1
123.26899999999999 3.2649999999999997 1
131.732 0.903 1
137.287 2.339 1
142.669 3.057 -1
147.958 3.368 1
153.34900000000002 3.677 1
161.876 2.75 1
168.09599999999998 2.03 -1
175.371 2.956 1
182.52399999999997 1.2039999999999997 -1
186.05900000000003 3.4699999999999998 1
202.658 3.573 1
210.253 3.7800000000000002 1
216.961 3.573 1
227.78799999999998 2.648 -1
234.007 1.62 -1
243.734 0.7930000000000001 -1
251.389 2.238 1
259.263 3.2640000000000002 -1
264.66400000000004 3.263 -1
270.66799999999995 3.16 1
278.964 3.2640000000000002 -1
283.959 3.4699999999999998 -1
291.088 2.542 1
299.495 2.237 -1
303.465 3.368 -1
311.27900000000005 2.955 -1
319.962 3.574 1
327.584 2.545 -1
333.689 2.54 -1
338.152 3.677 1
348.372 3.057 -1
355.358 3.471 -1
361.886 2.443 1
366.853 3.676 1
373.291 2.238 -1
378.28800000000007 2.441 -1
384.888 2.4419999999999997 -1
389.97099999999995 3.16 -1
398.11199999999997 1.7200000000000002 -1
402.269 3.2640000000000002 1
407.668 3.367 1
413.368 3.2670000000000003 1
422.259 3.471 1
429.165 3.465 1
434.05899999999997 3.5709999999999997 1
442.48699999999997 2.543 1
