4.792 3.257 -1
13.363999999999999 3.567 -1
20.572 3.2590000000000003 -1
25.758 3.673 1
32.464 3.568 1
38.46 3.671 1
44.667 3.466 -1
52.585 2.949 1
57.986 3.0490000000000004 1
66.60900000000001 2.327 -1
71.271 3.06 -1
78.16 3.672 1
83.668 3.364 1
93.47800000000001 3.154 1
100.97700000000002 3.255 -1
109.771 3.362 -1
116.10999999999999 2.123 1
122.684 2.949 1
127.474 3.1580000000000004 1
134.094 2.638 1
143.47799999999998 3.1550000000000002 1
148.87300000000002 3.3609999999999998 -1
157.86 3.676 1
167.472 3.3609999999999998 -1
174.862 3.5709999999999997 -1
180.873 3.26 -1
186.28 3.0540000000000003 1
193.979 3.1550000000000002 1
199.27300000000002 3.3609999999999998 -1
205.966 3.568 1
211.87300000000002 3.3609999999999998 -1
221.294 2.74 -1
226.96500000000003 3.569 1
236.16600000000003 3.468 1
242.369 3.466 1
248.258 3.777 1
256.769 3.467 -1
262.36400000000003 3.673 1
270.479 3.1559999999999997 -1
280.592 2.7430000000000003 -1
287.166 3.569 -1
292.566 3.569 1
302.18399999999997 3.0519999999999996 1
307.671 3.365 1
314.892 2.8440000000000003 -1
321.283 3.053 1
326.072 3.263 -1
334.062 3.674 1
339.677 3.261 1
345.57300000000004 3.263 1
352.58 3.257 -1
360.37000000000006 3.568 1
367.27199999999993 2.85 1
375.455 3.569 -1
383.256 3.569 -1
388.767 3.159 -1
396.354 3.573 -1
402.665 3.364 1
408.682 2.9480000000000004 1
413.86999999999995 3.261 -1
421.161 3.671 1
426.862 3.671 1
432.358 3.676 -1
441.676 3.3609999999999998 -1
