5.2989999999999995 2.75 -1
14.309 1.924 -1
18.383000000000003 2.851 1
27.308 2.0269999999999997 1
35.172000000000004 3.059 1
43.265 3.367 1
48.877 2.955 -1
56.681999999999995 2.75 -1
65.886 2.646 -1
72.977 2.955 -1
83.819 1.4130000000000003 1
88.08600000000001 2.646 -1
96.19000000000001 2.4419999999999997 -1
104.10199999999999 2.131 1
113.491 2.443 -1
118.783 2.852 -1
126.89900000000002 2.237 1
132.99699999999999 2.336 -1
140.513 1.7200000000000002 1
148.695 2.338 -1
154.104 2.129 1
163.207 1.9260000000000002 1
168.7 2.133 1
173.382 2.852 -1
179.48 2.854 -1
186.984 2.75 -1
192.892 2.4419999999999997 1
199.29 2.544 1
207.19400000000002 2.44 -1
215.98600000000002 2.749 -1
222.82999999999998 1.5060000000000002 1
227.412 2.025 -1
233.109 2.025 1
241.18300000000002 2.851 1
248.883 2.852 -1
255.474 3.161 -1
262.005 2.13 -1
267.07 3.2649999999999997 -1
271.861 3.574 -1
280.098 2.3369999999999997 -1
286.387 2.748 -1
295.488 2.647 -1
302.09000000000003 2.645 1
310.109 2.0269999999999997 -1
315.70899999999995 1.927 1
320.593 2.544 1
328.90299999999996 2.235 1
334.925 1.6139999999999999 1
340.29699999999997 2.339 -1
345.792 2.644 -1
351.397 2.028 -1
356.79 2.2359999999999998 -1
362.691 2.2359999999999998 -1
367.87600000000003 2.852 1
375.89 2.44 -1
382.198 2.133 -1
387.58 2.852 1
398.613 1.721 1
404.806 2.131 -1
411.21599999999995 1.9210000000000003 1
420.28000000000003 2.441 1
427.566 2.956 1
437.176 2.648 -1
443.306 1.7189999999999999 -1
