5.196999999999999 2.853 1
10.061 3.472 1
16.061 3.572 1
22.274 3.059 1
28.478 2.955 1
33.672 3.161 1
42.567 3.3659999999999997 1
51.568999999999996 3.2640000000000002 1
61.57899999999999 2.956 -1
69.79500000000002 2.3409999999999997 -1
75.483 2.851 -1
83.17999999999999 2.854 1
88.78399999999999 2.75 1
95.19099999999999 2.543 1
99.67099999999999 3.263 -1
106.094 2.641 -1
114.06 3.574 1
119.468 3.3659999999999997 -1
125.485 2.75 1
129.86800000000002 3.367 1
140.798 2.3369999999999997 -1
145.686 2.649 1
153.174 3.161 1
161.581 2.955 -1
167.898 2.339 1
177.106 2.029 -1
183.182 2.853 -1
190.48 2.956 1
196.564 3.572 1
204.681 3.263 1
210.164 3.572 1
217.719 1.617 1
222.39700000000002 2.542 1
227.87599999999998 3.16 1
235.31699999999998 1.7189999999999999 1
242.08899999999997 2.544 -1
247.284 2.852 -1
254.578 3.058 -1
262.39700000000005 1.823 1
268.556 3.2649999999999997 1
276.87100000000004 2.852 1
284.35699999999997 3.468 1
290.283 2.645 -1
295.379 2.647 1
300.875 3.056 1
308.293 2.235 1
316.993 2.3369999999999997 1
323.969 3.162 -1
332.165 3.368 -1
342.39300000000003 2.441 1
349.4870000000001 2.751 -1
356.46 3.161 1
362.453 3.368 1
371.762 3.161 1
376.95200000000006 3.472 1
387.902 1.8239999999999998 1
393.812 1.5150000000000001 1
400.75600000000003 3.572 1
407.383 2.646 1
414.191 2.339 -1
423.17699999999996 2.955 1
429.563 3.4699999999999998 1
434.668 3.3659999999999997 1
441.358 3.677 1
