4.577 3.471 -0.4982169373582957
12.867 3.263 -0.4999685530224119
42.162 3.4690000000000003 -0.4942605386632252
56.25300000000001 3.778 -0.4942922174169344
84.66599999999998 3.367 -0.49930370610254876
93.56200000000001 3.573 -0.499999815764771
99.762 3.574 -0.49339449471336405
106.756 3.575 -0.49555642284923285
113.36 3.572 -0.4999728502647999
142.659 3.573 -0.4993288080967961
151.555 3.677 -0.4999986799284863
170.868 3.2649999999999997 -0.49973128561755686
176.063 3.4699999999999998 -0.49977512430256316
190.56199999999998 3.573 -0.4997503189853013
207.366 3.367 -0.4999964739181008
212.75799999999998 3.675 -0.4999963392423219
236.266 3.367 -0.49777811035763025
241.157 3.676 -0.4999878670103915
247.87300000000002 3.161 -0.49799846787348667
264.264 3.4699999999999998 -0.4992548072834612
270.36100000000005 3.573 -0.4999698558384632
276.16 3.574 -0.4999738315886279
285.46200000000005 3.573 -0.499398821339969
307.269 3.365 -0.4981400167959426
314.56 3.675 -0.49485650791081304
329.37 3.2649999999999997 -0.4993075699214797
334.459 3.676 -0.4999959374761739
354.86499999999995 3.4699999999999998 -0.49922693859770506
391.361 3.676 -0.4976951417106111
420.54900000000004 3.676 -0.4999099927313696
428.34999999999997 3.677 -0.499995626513153
441.457 3.572 -0.4999894691117109
