4.576 3.4690000000000003 -0.5000000007415776
21.958000000000002 3.677 -0.49999999965576525
27.355999999999998 3.471 -0.5000000012077035
33.355 3.572 -0.49999999985653965
40.855 3.572 -0.5000000007730664
62.449999999999996 3.677 -0.49999999381856547
71.252 3.676 -0.500000000124906
80.75 3.779 -0.4999999967079951
100.66000000000001 3.572 -0.49999999963365926
109.658 3.676 -0.49999999938696765
115.15899999999999 3.676 -0.49999999845891235
128.65200000000002 3.676 -0.4999999851378157
143.552 3.677 -0.4999999994445718
151.254 3.675 -0.5000000002479247
168.55300000000003 3.676 -0.4999999991320926
174.754 3.675 -0.5000000005550798
180.452 3.678 -0.5000000004876739
201.561 3.573 -0.499999961005539
214.176 3.16 -0.4999999892710701
219.55499999999998 3.675 -0.4999999988839151
227.554 3.676 -0.5000000001017546
233.561 3.4690000000000003 -0.49999999769078196
262.55400000000003 3.676 -0.4999999960605185
284.553 3.779 -0.5000000016843286
291.455 3.778 -0.49999999856854727
299.459 3.675 -0.4999999971856091
306.757 3.778 -0.4999999911366622
321.566 3.367 -0.4999999917786546
340.86199999999997 3.4699999999999998 -0.4999999995911083
369.76199999999994 3.4699999999999998 -0.5000000005913635
419.766 3.367 -0.4999999943293824
425.062 3.471 -0.4999999643408445
430.455 3.778 -0.4999999981957181
435.75800000000004 3.675 -0.499999998736332
441.26 3.773 -0.49999997073010766
