21.367 3.367 -0.499999955084196
29.959000000000003 3.676 -0.4999999991307302
40.05800000000001 3.471 -0.4999999992191772
69.354 3.675 -0.499993674766554
75.572 2.957 -0.5000000011496138
83.36200000000001 3.368 -0.49999999542539125
88.561 3.3689999999999998 -0.4999995127824736
103.266 3.266 -0.4999999954021869
109.457 3.676 -0.4999994915651232
126.159 3.777 -0.5000000002685886
132.761 3.3689999999999998 -0.5000000003169454
152.05200000000002 3.779 -0.499999946884804
157.55599999999998 3.675 -0.4999999984302308
166.05899999999997 3.572 -0.5000000008686907
174.364 3.367 -0.49999428926639156
179.655 3.676 -0.4999947828687354
212.56400000000002 3.4699999999999998 -0.5000000012285699
242.968 3.2640000000000002 -0.49999995618542487
248.059 3.573 -0.5000000006790452
256.37600000000003 3.056 -0.4999949806071514
265.172 3.06 -0.4999999996558006
279.266 3.3659999999999997 -0.4999994100296215
285.05899999999997 3.574 -0.5000000000202243
293.16299999999995 3.4699999999999998 -0.4999999989436087
311.36199999999997 3.574 -0.49999939636567436
332.79200000000003 2.441 -0.4999947155359013
351.05400000000003 3.7800000000000002 -0.4999995377319293
373.45300000000003 3.8810000000000002 -0.4999999955467
379.652 3.882 -0.5000000000559948
411.567 3.4690000000000003 -0.4999999959827269
419.1669999999999 3.4699999999999998 -0.4999942161935538
424.16200000000003 3.573 -0.4999993882657163
441.257 3.778 -0.49999994556703214
