15.96 3.471 -0.4999994166067917
21.962 3.4699999999999998 -0.5000000002176475
31.663999999999994 3.368 -0.5000000007022974
39.167 3.3659999999999997 -0.5000000008947497
67.16300000000001 3.4690000000000003 -0.5000000006409062
72.763 3.3689999999999998 -0.49999333980867916
78.161 3.5709999999999997 -0.4999999969663854
85.062 3.5709999999999997 -0.49999994751031257
90.46099999999998 3.572 -0.499999999375291
116.56599999999999 3.367 -0.49999999916290583
126.46 3.573 -0.49999994506654666
132.97099999999998 3.162 -0.49999359347680633
139.368 3.3659999999999997 -0.49999999643042853
150.967 3.4690000000000003 -0.5000000002708809
165.359 3.675 -0.5000000009898617
173.06 3.574 -0.49999953251824364
183.56500000000003 3.4690000000000003 -0.49999936413695467
200.86100000000002 3.573 -0.4999999999825867
216.37 3.2649999999999997 -0.4999999996015837
228.072 3.1630000000000003 -0.4999999981901534
240.768 3.367 -0.4999999542463917
264.863 3.572 -0.49999994208191895
284.763 3.572 -0.49999999938471895
324.161 3.572 -0.4999999938937316
333.264 3.572 -0.4999999543627139
351.64399999999995 3.677 -0.4999999992291796
360.05100000000004 3.472 -0.4999934265076585
382.459 3.368 -0.49999950880596294
434.464 3.574 -0.49999999451715343
