4.674 3.367 -0.49998744940155265
10.153 3.5709999999999997 -0.4999997750026973
19.587999999999997 2.338 -0.4996917064704455
54.568 3.2640000000000002 -0.499827269451878
66.67699999999999 3.057 -0.4994575436399547
71.568 3.3689999999999998 -0.49999426296723654
77.54800000000002 3.573 -0.49999776329063145
85.45100000000001 3.471 -0.4995098700934849
91.052 3.4699999999999998 -0.498439888443113
100.184 2.439 -0.49874402728538314
104.964 3.161 -0.49999809182451965
110.95700000000001 3.368 -0.49837037631938985
118.456 3.671 -0.4999988653531223
163.863 3.572 -0.49996590464958146
174.068 2.9539999999999997 -0.4958314599776417
182.348 3.575 -0.4999481029132131
189.846 3.677 -0.499897469402262
195.75 3.574 -0.49788580025107193
210.85299999999998 3.573 -0.4996587875942835
216.96099999999998 3.3659999999999997 -0.4998527045543785
230.785 2.645 -0.4969253494490647
235.55599999999998 3.574 -0.49977581115530356
244.659 3.573 -0.4995571526913905
296.087 2.237 -0.4969222891824426
314.964 3.2640000000000002 -0.4964432125358096
341.513 1.7189999999999999 -0.49912542287815803
345.16 3.573 -0.49999827603344943
353.563 3.572 -0.4999622634421958
361.255 3.4699999999999998 -0.4998088221675012
366.35499999999996 3.4699999999999998 -0.49776021085551103
378.464 3.161 -0.49939167670107676
404.75699999999995 3.4699999999999998 -0.499994814163324
428.269 3.162 -0.49762954054313757
433.56199999999995 3.4699999999999998 -0.499903231459218
441.459 3.574 -0.49999126489971235
