11.274000000000001 2.957 -0.49565308764770705
24.574 3.057 -0.49165193230104615
33.888 2.544 -0.4852313781747742
46.476 3.058 -0.49950604377437924
55.888 2.647 -0.49873003535702787
62.976000000000006 2.955 -0.4948458989175876
82.87299999999999 3.058 -0.49862562825576584
102.29 2.542 -0.4988415594989162
122.574 3.058 -0.4964713560226649
129.174 3.058 -0.49974692266539605
134.467 3.266 -0.49971907448274894
140.361 3.573 -0.4999761631419591
146.87900000000002 2.956 -0.4952945302037569
166.66699999999997 3.3659999999999997 -0.4999102753008419
181.16699999999997 3.3659999999999997 -0.4999489786507584
188.064 3.4690000000000003 -0.49860778897322683
201.767 3.266 -0.49990162685779366
217.482 2.852 -0.49642565311046827
225.072 3.162 -0.48559531933310657
252.979 3.058 -0.49776868323741935
267.38 2.955 -0.4915485995246569
274.36600000000004 3.368 -0.49814308912606453
291.966 3.4690000000000003 -0.4999738652766609
297.06600000000003 3.4690000000000003 -0.4999617658471604
310.578 3.057 -0.4970613159127855
329.271 3.2640000000000002 -0.4999540395273759
349.78 3.057 -0.49904798616092594
365.27 3.3659999999999997 -0.4999936680742591
372.279 3.057 -0.499555004951614
378.923 1.513 -0.48402696968003667
382.971 3.2649999999999997 -0.49972253487070545
407.39000000000004 2.543 -0.4898580706748382
423.067 3.266 -0.49921766019280456
434.21799999999996 1.7189999999999999 -0.49847379097085975
