17.989 2.647 -0.38603735203736766
22.369999999999997 3.367 -0.46890758747962313
46.260000000000005 3.676 -0.4747913552284225
66.563 3.2649999999999997 -0.44476773240327316
80.361 3.3689999999999998 -0.4852519874217164
97.26799999999999 3.2649999999999997 -0.37787725202388794
123.45100000000001 3.4699999999999998 -0.37768481255247416
138.762 3.162 -0.493053724719311
151.168 3.058 -0.46721186086456323
176.16799999999998 3.263 -0.43584868470486265
181.859 3.573 -0.49497413640937815
190.46699999999998 3.3659999999999997 -0.40421487069923817
196.67100000000002 3.263 -0.47204795265210003
202.37800000000001 3.057 -0.46548677499492613
207.56500000000003 3.057 -0.4930413400380604
223.95999999999998 3.263 -0.42893870289871355
237.254 3.471 -0.480721718730932
243.56699999999998 3.059 -0.4903895293073469
259.46500000000003 3.2640000000000002 -0.45508448880819563
268.673 2.957 -0.4852259011878196
278.48400000000004 2.748 -0.3720736549099188
285.87 3.263 -0.4972300137987397
307.272 2.851 -0.40856404967911775
312.762 3.161 -0.4734541054172562
320.76800000000003 2.955 -0.43236260206514926
326.369 2.955 -0.38363731145447916
351.254 3.574 -0.4937598705198449
371.38599999999997 2.646 -0.42316430953844275
380.985 2.748 -0.4616383644239258
399.75600000000003 3.368 -0.4174148380209157
409.26000000000005 3.164 -0.45030576701173786
426.268 3.057 -0.49089783963607375
436.67699999999996 2.749 -0.47051828421020603
