38.363 3.667 -0.5000000007706105
44.188 3.044 -0.4999999999721894
58.065999999999995 3.668 -0.4999999999833512
64.267 3.668 -0.5000000016141347
76.374 3.5629999999999997 -0.5000000029725884
90.471 3.459 -0.5000000015476391
95.67 3.46 -0.5000000008991576
111.265 3.565 -0.5000000019844253
151.278 3.356 -0.5000000000796094
206.671 3.461 -0.5000000010975427
221.771 3.461 -0.50000000149075
235.57600000000002 3.356 -0.5000000013023893
243.071 3.4619999999999997 -0.4999999999752254
253.183 3.252 -0.5000000015828732
260.58099999999996 3.252 -0.5000000007030102
276.381 3.252 -0.5000000003625796
297.56600000000003 3.667 -0.5000000001383041
311.166 3.667 -0.5000000006485431
337.779 3.355 -0.5000000001064097
345.76300000000003 3.7720000000000002 -0.4999999999986543
360.39 3.147 -0.5000000004483626
366.384 3.25 -0.5000000000695682
372.583 3.251 -0.5000000000371365
378.37 3.565 -0.5000000002018811
400.973 3.5620000000000003 -0.5000000007613656
412.58299999999997 3.252 -0.5000000005003148
421.78 3.355 -0.500000000307764
433.766 3.669 -0.5000000008203523
