10.059 3.669 -0.49999999976792014
16.572 3.357 -0.4999999989549605
34.769999999999996 3.5629999999999997 -0.4999997424957663
40.893 2.94 -0.49999996580796685
61.757999999999996 3.564 -0.5000000005619992
67.883 3.043 -0.4999864323772972
73.56 3.5629999999999997 -0.49999999989720734
88.681 3.044 -0.4999999349018652
120.37500000000001 3.356 -0.49999952702135414
134.494 2.939 -0.499901504218612
140.386 3.148 -0.4999965698664216
146.472 3.5629999999999997 -0.49999999957819447
175.36599999999999 3.357 -0.49999974330794
186.26399999999998 3.461 -0.4999999993959479
207.363 3.667 -0.4999999980336525
213.48799999999997 3.043 -0.49997508322542855
228.885 3.148 -0.49990150370269876
235.868 3.667 -0.5000000003273718
243.974 3.4619999999999997 -0.4999997445535511
253.461 3.564 -0.49999999035544307
262.65500000000003 3.669 -0.499999998126552
277.45799999999997 3.567 -0.4999999989912803
312.065 3.566 -0.4999999652722076
318.275 3.257 -0.4999750801120647
334.56800000000004 3.667 -0.4999999992562337
342.19399999999996 2.942 -0.4999965676473739
348.163 3.5629999999999997 -0.5000000008267292
356.786 2.94 -0.49999656883990684
365.98999999999995 2.836 -0.49999999554190033
384.792 2.835 -0.49998643434180495
399.083 3.147 -0.4999864335055252
420.06300000000005 3.671 -0.49997508159638715
428.17900000000003 3.356 -0.4999750801959418
435.68399999999997 3.252 -0.4999965680340673
