49.25 1.4849999999999999 -0.49471657380774003
60.78 3.043 -0.42992184957255025
78.684 2.94 -0.3496880560428615
112.473 3.356 -0.4753359328810147
120.08200000000001 3.149 -0.37919952194009876
127.58200000000002 3.15 -0.43394192512698754
132.77899999999997 3.354 -0.49571498920608276
138.394 2.94 -0.41653438808544985
151.474 3.15 -0.44502770717960743
159.376 3.148 -0.4956238830010135
167.26399999999998 3.461 -0.4827261035071404
190.38199999999998 3.044 -0.4492569874866063
199.179 3.149 -0.48653159780703376
205.575 3.356 -0.4934469356064884
217.17099999999996 3.46 -0.37751172461429683
223.583 3.15 -0.41813666533621835
233.30300000000003 2.731 -0.357502564441564
238.072 3.5629999999999997 -0.4549910116525018
248.09699999999998 2.628 -0.4531391970877089
256.962 3.463 -0.46034037955669704
263.689 2.8369999999999997 -0.4799228090814866
307.377 3.253 -0.47950284811618715
313.275 3.356 -0.48792933870935723
328.365 3.669 -0.44164011860260594
337.08099999999996 3.355 -0.45026517767952356
346.971 3.356 -0.42125741371184267
353.78000000000003 3.149 -0.488896772579719
359.567 3.46 -0.438969004401231
365.36899999999997 3.3579999999999997 -0.48033433531682895
376.59100000000007 2.8369999999999997 -0.488423038518513
399.17 3.46 -0.49241661556402877
417.08900000000006 3.044 -0.36752160166798026
428.49100000000004 3.044 -0.39254320930200903
441.56800000000004 3.46 -0.4676234607117517
