4.688 3.356 -0.4999999992700464
17.787999999999997 2.94 -0.5000000011932293
31.601 2.73 -0.5000000014113491
40.083999999999996 3.148 -0.5000000005481907
47.783 3.251 -0.5000000005019284
66.28 2.94 -0.5000000002016319
72.568 3.253 -0.4999999994442648
95.972 3.253 -0.4999999990609782
101.777 3.149 -0.5000000002393449
128.973 3.3579999999999997 -0.5000000021553207
147.499 2.7350000000000003 -0.5000000009842313
165.67 3.252 -0.5000000012328354
180.276 3.148 -0.499999998617864
185.066 3.3579999999999997 -0.5000000007968225
198.76799999999997 3.3579999999999997 -0.499999999929439
203.97599999999997 3.252 -0.5000000024768426
228.391 2.941 -0.5000000007419266
234.707 2.526 -0.49999999791354455
248.007 2.528 -0.49999999913573717
262.761 3.4619999999999997 -0.4999999991730453
278.36400000000003 3.46 -0.5000000005012244
316.277 3.354 -0.5000000007044081
323.69399999999996 2.838 -0.4999999991102257
353.773 3.251 -0.5000000014972417
359.871 3.254 -0.49999999879747103
367.11199999999997 2.213 -0.5000000005845617
395.29400000000004 2.834 -0.500000001081825
408.066 3.564 -0.4999999995755002
421.58799999999997 3.044 -0.49999999872178147
442.2 2.836 -0.49999999944533413
