6.1739999999999995 1.9060000000000001 -0.49930994468677403
20.225 2.109 -0.49719654756638426
24.581 3.254 -0.49426844209001314
71.61 2.217 -0.4915763143642505
85.00099999999999 2.527 -0.4663611386406187
100.587 3.045 -0.49975802455842955
122.342 1.693 -0.49900283464394063
126.477 3.149 -0.49898992047469076
157.23100000000002 1.6949999999999998 -0.4999167533572649
170.57999999999998 3.148 -0.49994017044544237
207.42800000000003 2.006 -0.46572743177199927
216.626 2.109 -0.4941572896844589
226.89700000000002 2.63 -0.4998325880404148
241.624 1.904 -0.4772128250135122
248.765 0.7629999999999999 -0.49579390435522064
253.43699999999998 1.6910000000000003 -0.49173615842185364
264.86199999999997 0.9660000000000002 -0.49411976458232937
277.413 2.3169999999999997 -0.48266078383340594
284.599 2.731 -0.49135841104848543
304.11800000000005 2.316 -0.48362116373667763
312.023 2.2119999999999997 -0.4979042836417643
319.924 1.904 -0.49858607726546644
324.38 3.149 -0.49708642864760666
344.177 3.252 -0.4989702384637042
353.777 3.252 -0.4829869030386111
370.494 2.835 -0.48341236851903907
393.20200000000006 2.731 -0.48287887389738376
400.489 3.045 -0.4995071421675376
412.18100000000004 0.6549999999999998 -0.49419457675112893
422.20399999999995 2.627 -0.47588589626005745
436.274 3.356 -0.49988044572352736
441.464 3.566 -0.4997548875447936
