10.685 2.94 -0.49856777469322033
16.375 3.151 -0.4914680524687738
38.015 2.315 -0.49423162620986616
53.503 2.629 -0.4997533050378633
68.70500000000001 2.731 -0.4979443012682723
81.911 2.215 -0.4655136513816979
90.08700000000002 2.939 -0.4832009598902609
96.20700000000001 2.419 -0.4958207892823506
101.38300000000001 3.044 -0.4884656393360935
106.99100000000001 2.939 -0.49590042462881
121.61699999999999 2.211 -0.49965898710028794
129.993 2.836 -0.48824328560031827
145.897 2.835 -0.4998781138824794
151.682 3.252 -0.4998304186648609
167.31699999999998 2.419 -0.4986041473039104
176.608 2.42 -0.46656985111708865
185.916 2.211 -0.49184104971393466
194.081 3.147 -0.4998796748150787
209.796 2.732 -0.4669835254732452
216.39499999999998 2.733 -0.48816822924156067
232.11199999999997 2.419 -0.49930100621155016
236.48600000000002 3.0460000000000003 -0.4958475050979837
272.182 3.147 -0.49951030199862073
312.691 2.839 -0.49152235457796883
349.483 3.252 -0.46529858238071575
363.4 2.731 -0.4761871347069414
401.73199999999997 1.8989999999999996 -0.4999855861034035
409.692 2.839 -0.48277016371332515
415.9 2.731 -0.4996567842228402
428.49999999999994 2.732 -0.49797055347753305
442.093 2.941 -0.49899640041181026
