10.768 3.459 -0.4917874749463313
33.177 3.252 -0.4785942660581057
45.968999999999994 3.5629999999999997 -0.49889116848190523
54.969 3.564 -0.496875147745269
62.785999999999994 3.148 -0.4963638611596985
82.57 3.3579999999999997 -0.4989703026453052
101.78299999999999 3.0460000000000003 -0.49766666076886573
122.377 3.252 -0.49709774575170007
128.76999999999998 3.459 -0.4990544509174661
134.16899999999998 3.5620000000000003 -0.49950737526958694
140.364 3.567 -0.49992937358316886
158.09199999999998 3.043 -0.4800930833430398
166.46999999999997 3.566 -0.4997499952945242
180.757 3.773 -0.49988898273355303
188.175 3.355 -0.49581626565624043
201.571 3.459 -0.49966495195863114
217.078 3.252 -0.48827525217269635
225.291 2.94 -0.4863760861838591
243.082 3.251 -0.4733067350840938
252.782 3.253 -0.4929894866986145
267.28799999999995 3.043 -0.4903813649511643
274.17 3.5620000000000003 -0.49608519992959044
291.869 3.5629999999999997 -0.49990534415528237
297.07099999999997 3.461 -0.4998813239558537
310.069 3.5629999999999997 -0.48328627670726215
329.176 3.356 -0.4997868369350957
349.47799999999995 3.357 -0.49666029975060355
365.069 3.564 -0.49998005037569493
372.18600000000004 3.147 -0.49787290665850314
383.086 3.147 -0.4987331062438726
406.37 3.564 -0.482852866418442
422.979 3.355 -0.4952219830146305
432.684 3.25 -0.4944005909196924
