9.964 3.67 -0.5000000004201041
25.272 3.356 -0.5000000004430913
38.464999999999996 3.5629999999999997 -0.5000000006082786
43.964999999999996 3.5629999999999997 -0.5000000019412467
49.167 3.461 -0.500000000968928
62.36 3.668 -0.5000000025883041
68.066 3.5620000000000003 -0.500000000390874
83.367 3.5629999999999997 -0.5000000002717065
90.164 3.668 -0.500000000809042
102.16899999999998 3.564 -0.5000000023668504
107.98299999999999 3.251 -0.5000000008948687
113.67 3.666 -0.5000000005967405
118.76599999999999 3.5629999999999997 -0.5000000010273545
124.77199999999999 3.357 -0.5000000007913898
132.773 3.356 -0.5000000011639901
144.161 3.668 -0.4999999999712067
158.506 2.523 -0.49999999992133465
167.369 3.564 -0.500000000134689
191.481 3.252 -0.5000000009555157
200.169 3.565 -0.500000000315282
216.06799999999998 3.5620000000000003 -0.5000000022023398
242.18699999999998 3.043 -0.5000000009090421
251.26399999999998 3.567 -0.5000000001076067
260.34599999999995 1.4849999999999999 -0.5000000006273818
276.37399999999997 3.357 -0.5000000014058301
281.77000000000004 3.4619999999999997 -0.5000000002668225
287.377 3.356 -0.5000000014593257
312.864 3.668 -0.5000000012871473
333.68999999999994 2.942 -0.5000000003660822
372.21200000000005 2.421 -0.5000000017253923
377.058 3.774 -0.5000000009728172
385.18300000000005 3.25 -0.5000000004031864
404.76400000000007 3.669 -0.5000000003352869
412.869 3.464 -0.5000000010493008
422.06700000000006 3.566 -0.5000000003139413
441.575 3.459 -0.49999999998989414
