4.367000000000001 3.666 -0.4999975285286324
29.578000000000003 3.355 -0.4983824785210751
51.376999999999995 3.357 -0.4999998977714803
58.382 3.3529999999999998 -0.49999989915157683
64.27000000000001 3.666 -0.49970290361277975
71.07799999999999 3.456 -0.4997830643417767
77.41 2.524 -0.4999945089471253
84.26899999999999 3.665 -0.49999998998843537
96.408 2.726 -0.4984296593639097
111.479 3.356 -0.49949407265278156
118.184 3.151 -0.49890947924174256
138.40200000000002 2.833 -0.4999999524841348
144.306 2.629 -0.49762633180436266
157.513 2.623 -0.4997788636641512
170.88899999999998 2.732 -0.4983992952335058
184.38600000000002 2.938 -0.49655406808676783
192.696 2.729 -0.4999982145041662
200.561 3.666 -0.49998705572977914
235.37 3.5629999999999997 -0.49990045103254505
242.872 3.665 -0.4999720835682306
253.17 3.25 -0.49977220841245446
265.882 3.04 -0.4996655080259989
270.75300000000004 3.669 -0.49999831733246625
297.86400000000003 3.363 -0.4999992406396625
306.083 2.9450000000000003 -0.4992571765795899
311.469 3.3600000000000003 -0.4993203545434898
337.564 3.57 -0.49986222476848047
345.95699999999994 3.564 -0.4977194582342557
352.76399999999995 3.357 -0.4995181718642483
372.776 3.0469999999999997 -0.49999998419602687
378.46400000000006 3.46 -0.49999881943642377
387.364 3.4619999999999997 -0.4976955172042784
395.679 3.048 -0.4989413045401139
413.683 2.147 -0.4992788611243455
429.09700000000004 2.936 -0.4999914410208195
