4.583 3.459 -0.4999809908668352
16.759 3.666 -0.49995518888368257
31.771 3.355 -0.49999626196634284
39.065999999999995 3.561 -0.49999984291194066
53.089000000000006 3.041 -0.4999960324774707
61.705000000000005 2.626 -0.4999941737862276
67.682 3.25 -0.49979768064202895
74.072 3.561 -0.4999728998526763
84.876 3.25 -0.4999322123510869
96.284 3.042 -0.4989722038408652
121.763 3.5629999999999997 -0.49995649813455506
153.90800000000002 2.523 -0.4996752763581695
180.97000000000003 3.457 -0.49999984773036604
193.987 3.041 -0.49969396600245797
220.708 2.42 -0.49934019577279837
245.188 3.042 -0.4999994981975096
253.98600000000002 3.146 -0.4999712429680505
292.16700000000003 3.5620000000000003 -0.49999993220054983
300.288 3.041 -0.49849131877750724
324.30400000000003 2.625 -0.4974330281684843
361.084 3.25 -0.4999996480573903
385.874 3.356 -0.4999961488551665
392.08 3.25 -0.49998666805862896
406.57 3.561 -0.4988766986854823
421.468 3.5629999999999997 -0.49990892337878157
427.287 3.144 -0.49993544287136654
432.47299999999996 3.458 -0.4992925534740376
441.47 3.561 -0.49978940189363613
