33.211 2.52 -0.4999941442742977
51.683 3.252 -0.49999998119014677
60.991 2.935 -0.499853258861616
66.799 2.627 -0.4999999962976234
71.88600000000001 2.94 -0.4988839475472213
82.982 3.144 -0.4999761373012638
100.683 3.144 -0.4999285922071592
106.612 2.416 -0.4999999756865076
122.19 3.04 -0.49976317884491134
135.19899999999998 2.834 -0.4999999914855878
144.102 2.832 -0.4999327200512845
164.59 2.937 -0.49956098779631714
170.51899999999998 2.209 -0.49999991229458524
183.99899999999997 2.729 -0.4997258892458145
193.387 3.041 -0.49999999087617253
199.91799999999998 2.31 -0.4999982342513576
213.49 3.04 -0.49999202825225314
250.78900000000002 3.04 -0.49999910230288275
257.49100000000004 2.938 -0.499998898682811
281.991 3.0380000000000003 -0.4997863309497778
311.988 3.143 -0.499180137434808
326.806 2.627 -0.4999998690508862
331.60200000000003 2.832 -0.4995134255082168
338.221 2.414 -0.4999027669771286
366.678 3.252 -0.4999947156963442
373.01 2.52 -0.49999985543436254
392.78999999999996 3.041 -0.4999963434042758
405.387 3.144 -0.49998057609664276
414.69399999999996 2.938 -0.49909135914032166
421.886 3.147 -0.49977686658278686
427.284 3.25 -0.49997971418768267
