4.984 3.041 -0.4999195355402858
9.965 3.561 -0.49999257478043546
16.481 3.146 -0.49930301122887083
34.101 2.729 -0.4952280216356023
42.992000000000004 2.939 -0.4770585576975307
51.478 3.355 -0.49995162120648284
75.389 2.935 -0.4967514735641685
99.88499999999999 3.04 -0.4954455076000082
114.376 3.251 -0.4998219532738451
119.68099999999998 3.147 -0.4979366950048069
126.544 1.685 -0.4843971993731222
129.878 3.3520000000000003 -0.4999861304197952
152.87800000000001 3.456 -0.49999787123829825
161.383 3.143 -0.4867091869015805
190.79999999999998 2.626 -0.496179616434605
197.50399999999996 2.622 -0.49944709003106424
204.783 3.143 -0.47582224595697914
210.894 2.833 -0.4991287209041288
227.575 3.456 -0.4996060849342282
268.784 3.043 -0.48822635847039453
284.888 2.939 -0.4981745958824024
301.825 2.103 -0.48892745273768257
324.195 2.936 -0.49710582685469173
332.489 3.043 -0.49949998871972423
356.69100000000003 2.937 -0.4989017770399474
362.895 2.934 -0.49771877928050084
379.05300000000005 1.3760000000000003 -0.49712563791955955
403.056 1.2730000000000001 -0.49112425634270634
424.02399999999994 2.1069999999999998 -0.49955772129657317
434.889 3.144 -0.4978379104493515
443.141 1.8939999999999997 -0.4998731675914465
