5.727 2.316 -0.48804806687062047
46.494 3.039 -0.4928254760341075
55.703 2.835 -0.4754987194742133
63.92400000000001 1.9969999999999999 -0.49973360513046566
74.726 1.8960000000000004 -0.4625176897730971
83.29999999999998 2.623 -0.4999290937121975
88.18799999999999 2.936 -0.4930338282721134
95.784 3.041 -0.4652805047561425
103.34200000000001 1.484 -0.4856433876151041
123.31899999999999 2.311 -0.4997535955984013
130.23 2.001 -0.4894521693730414
135.629 2.103 -0.49775717972125955
140.684 3.249 -0.4995268932043931
159.12599999999998 1.9969999999999999 -0.498830902568484
167.191 2.832 -0.49822448212034887
181.587 2.936 -0.49944702448866946
202.09300000000002 2.934 -0.49694228861701734
225.813 2.418 -0.4984055070077394
259.84200000000004 1.5819999999999999 -0.4976463222663474
267.909 2.415 -0.4642237602743215
274.787 2.937 -0.47356271064862865
292.59299999999996 2.833 -0.49918447142160094
297.695 2.832 -0.4991183381904984
330.63800000000003 1.895 -0.4973829840833596
344.071 1.1639999999999997 -0.49121240932162247
350.19899999999996 2.627 -0.4614838396558279
357.99299999999994 2.833 -0.49625132179688053
365.58299999999997 3.043 -0.4998740565763789
374.68399999999997 0.6419999999999999 -0.4668651521260033
