5.7219999999999995 2.313 -0.4954895665049777
18.484 3.145 -0.4994196428524101
50.719 2.417 -0.4870905420199483
57.080999999999996 2.938 -0.4983575518858759
69.38900000000001 2.832 -0.49950346569994925
83.78999999999999 2.834 -0.4980806523377317
102.382 3.145 -0.48975747853217305
107.38099999999999 3.147 -0.49978284449491056
138.41400000000002 2.623 -0.4837406016217569
151.976 3.044 -0.49904684866445703
172.76999999999998 3.3529999999999998 -0.49914410073899584
182.711 2.314 -0.47228918684528753
188.885 3.041 -0.4924726910894748
195.20700000000002 2.42 -0.4642719279667729
205.577 3.3520000000000003 -0.49996648259086074
215.12400000000002 2.206 -0.499245643449899
219.99699999999999 2.834 -0.499867816890377
225.687 3.146 -0.49186672643961715
266.654 1.068 -0.4922476858146566
281.686 3.04 -0.4998835120921971
295.697 2.731 -0.49431446718138666
316.43399999999997 1.8969999999999998 -0.4789647740122232
321.194 2.938 -0.4961388264683361
328.446 1.5869999999999997 -0.4832819609369537
350.35800000000006 1.0660000000000003 -0.4902362605130356
361.26 1.0639999999999996 -0.4989996726475644
366.40400000000005 2.52 -0.4772962630039171
380.79 2.936 -0.4967912802675742
404.63 2.0 -0.4832589762647282
411.5079999999999 2.624 -0.4905059583727383
419.82800000000003 2.105 -0.49403446103667203
