4.907 3.148 -0.4999813032181713
16.604 2.734 -0.4988768266930044
31.264 3.458 -0.49999785062090085
40.164 3.459 -0.49998612428033423
68.179 3.149 -0.4999977025000812
73.07799999999999 3.251 -0.49999699181852725
114.79299999999999 3.147 -0.4999997368096196
132.97199999999998 3.251 -0.49999737045988135
140.266 3.3579999999999997 -0.4984272869704799
146.679 3.0460000000000003 -0.4999993431839108
165.49 2.939 -0.4999301695736962
213.074 3.15 -0.4999999942890108
219.188 2.836 -0.4994691200402051
224.372 3.252 -0.499997187139602
232.697 2.627 -0.4999252996038795
244.70899999999997 2.3169999999999997 -0.4996807638401133
251.29500000000002 2.732 -0.499895356287668
256.906 2.522 -0.4981487072130487
262.41 2.419 -0.4987149056310112
268.475 3.255 -0.49925646481842306
293.17900000000003 3.356 -0.4996316331992947
309.983 2.8419999999999996 -0.49972102230298276
316.217 2.108 -0.49980083810433734
320.964 3.461 -0.49999901358977816
332.964 3.4619999999999997 -0.49722826413593746
342.568 3.459 -0.49973920468115496
348.896 2.732 -0.49987082766979357
354.60600000000005 2.522 -0.5000000001087903
362.183 3.147 -0.49981381803077585
396.87899999999996 3.357 -0.4999999258440323
405.776 3.251 -0.49996570272306856
412.371 3.356 -0.4999630046424609
419.075 3.252 -0.4998871195474391
