9.969999999999999 3.46 -0.4999925003522213
25.967000000000002 3.5629999999999997 -0.4980198455431607
39.962 3.669 -0.49994295593254423
50.562999999999995 3.77 -0.49998000206741355
66.68700000000001 3.044 -0.4999960267619894
77.77900000000001 3.252 -0.49999999316085414
88.77900000000001 3.252 -0.49990855689663877
95.29100000000001 2.94 -0.49997860616439027
103.79400000000001 2.838 -0.49999997171987665
111.68700000000001 3.045 -0.49985218421530064
117.282 3.15 -0.498949975715177
126.37400000000001 3.3579999999999997 -0.4991492253059194
163.986 3.147 -0.49773465732715044
174.38099999999997 3.252 -0.49998787746934314
182.921 2.2119999999999997 -0.4999679396123871
189.769 3.564 -0.4997015722156478
199.99999999999997 2.633 -0.49951766321286506
206.668 3.565 -0.49975620359690803
220.787 3.148 -0.49988805885361365
231.586 3.148 -0.4999997516301197
246.31 2.628 -0.4999999295073327
254.998 2.94 -0.4999999187439271
268.074 3.46 -0.4978820355117825
281.009 2.525 -0.4999755168272509
293.398 2.836 -0.49999387395814626
298.475 3.4619999999999997 -0.4999979924839015
305.82500000000005 2.21 -0.4995784807423156
330.89500000000004 3.043 -0.4999901781316812
358.609 2.628 -0.49999913680981245
366.20099999999996 2.838 -0.4995490956925821
399.7 2.836 -0.4999999064636555
424.79499999999996 2.8369999999999997 -0.4999957503874459
434.39799999999997 2.939 -0.4999894935287421
