4.899 3.149 -0.4999581128021997
10.279 3.251 -0.4999964407668398
16.379 3.253 -0.49995513466759955
21.874000000000002 3.459 -0.49829144768266204
33.27 3.565 -0.4993216930625501
42.883 3.044 -0.4965002248328697
51.68 3.148 -0.4999916211089346
88.068 3.46 -0.4936089137403471
114.795 2.8369999999999997 -0.49990472460506585
124.66999999999999 3.564 -0.49981312012615997
129.673 3.5629999999999997 -0.4999952664232138
153.07600000000002 3.254 -0.4999979897122183
168.531 1.698 -0.4971802375688624
190.595 2.835 -0.4999382337368616
197.08899999999997 3.042 -0.49936667497396825
268.164 3.667 -0.49958934498481616
276.064 3.667 -0.49207448430486395
284.789 3.042 -0.49982551972097644
355.65199999999993 3.98 -0.49996509574671394
362.05899999999997 3.773 -0.4980860310430216
373.66 1.275 -0.4950208236092464
377.07599999999996 3.356 -0.4998642511141819
386.479 3.254 -0.4994347210805666
400.77000000000004 3.5629999999999997 -0.4990978591310882
422.571 3.5620000000000003 -0.49994233087707807
431.132 1.9010000000000002 -0.4990663801153081
434.776 3.257 -0.49970168827527495
441.367 3.667 -0.4999674119693398
