19.963 3.572 -0.4999985692591159
33.446999999999996 3.575 -0.4998850759011578
42.448 3.574 -0.49991953958568586
54.853 3.471 -0.4993487542876693
63.54900000000001 3.677 -0.49999620588185445
69.253 3.574 -0.49999966990143635
74.851 3.677 -0.4999991223743044
82.851 3.678 -0.4999623932459984
117.972 3.263 -0.4999566283585129
124.254 3.4690000000000003 -0.4999596146504548
170.46499999999997 3.1630000000000003 -0.49983779477418194
177.76400000000004 3.2649999999999997 -0.4957302861618828
207.163 3.471 -0.49998580806116233
219.952 3.572 -0.4997710630705685
237.452 3.573 -0.49358213589813194
245.355 3.573 -0.4999673918955765
253.856 3.4699999999999998 -0.49984895489759257
276.462 3.4699999999999998 -0.4983945395197083
285.459 3.572 -0.49980148521144446
300.067 3.367 -0.4999867857358823
311.07300000000004 3.263 -0.49953852701355705
318.553 3.573 -0.49549828236784754
354.37799999999993 2.749 -0.491581679280274
359.161 3.3659999999999997 -0.4909650628450307
381.561 3.4699999999999998 -0.49943526957739354
389.062 3.471 -0.4981488884599005
416.35200000000003 3.676 -0.4990810149139784
421.758 3.4690000000000003 -0.49260559788735314
430.06200000000007 3.3659999999999997 -0.4992578768099245
436.262 3.266 -0.49657125092318677
441.454 3.574 -0.4998151463159708
