10.464 3.161 -0.4999836321856623
30.152000000000005 3.676 -0.49999063772181174
38.457 3.573 -0.4971967137748461
43.75300000000001 3.778 -0.49994299697665556
57.457 3.576 -0.4999733570485933
62.769999999999996 3.2640000000000002 -0.49999945952393193
67.96000000000001 3.675 -0.49803580891720256
90.35300000000001 3.4690000000000003 -0.4993006521632166
95.95 3.573 -0.49991359526817114
102.04699999999998 3.677 -0.499996709263705
107.54899999999999 3.676 -0.4931110297033034
138.457 3.574 -0.49990035053100296
144.259 3.573 -0.4999847581797323
157.666 3.368 -0.49738915267591244
174.74899999999997 3.574 -0.4999799682889695
206.754 3.572 -0.49575683391908665
216.05599999999998 3.572 -0.4992030668779555
224.068 3.161 -0.49850487569249613
241.66 3.572 -0.4940212197806932
251.261 3.573 -0.49973597754236115
276.15 3.574 -0.4982760779447924
282.168 3.057 -0.49789093145707847
300.663 3.266 -0.4960477268546453
313.16200000000003 3.3659999999999997 -0.49999766962860326
351.868 3.367 -0.49773539424561514
357.964 3.472 -0.49996963667066424
362.954 3.572 -0.49999797824100933
377.25199999999995 3.574 -0.4988755000551006
404.95699999999994 3.4699999999999998 -0.4996955152878604
412.65000000000003 3.6790000000000003 -0.49999918023911144
421.955 3.675 -0.49951029262485175
429.356 3.676 -0.4981707515435559
434.86100000000005 3.572 -0.4987924823725546
441.461 3.573 -0.4986076373109541
