4.888999999999999 3.161 -0.49555254313677355
11.190999999999999 2.543 -0.4987563424138782
46.516000000000005 1.617 -0.3927365021119023
55.909 1.9249999999999998 -0.43571099913846734
61.605999999999995 2.028 -0.41407544286787934
68.012 1.722 -0.48220087407698176
72.083 2.851 -0.4935836730330983
78.386 2.748 -0.4954702672753802
87.833 1.1010000000000004 -0.4596602661095247
100.608 2.0269999999999997 -0.4437025959423756
105.793 2.3409999999999997 -0.4977868549685836
112.925 1.4100000000000001 -0.4498837244305894
119.489 2.647 -0.4971723091264712
166.641 0.7939999999999996 -0.4707136143772786
174.905 2.13 -0.4303393575911546
196.79299999999998 2.543 -0.455418257617844
232.012 1.4100000000000001 -0.48219699673537314
265.398 2.13 -0.46872301701789465
276.083 2.647 -0.4219298299092117
306.483 2.854 -0.44467291058957614
316.193 2.028 -0.46478682751254186
323.091 2.131 -0.4561867269360758
346.698 2.028 -0.49488129146289267
353.965 3.162 -0.4871605846410468
361.67100000000005 3.058 -0.4712325726772639
378.469 3.162 -0.4921035608276181
396.699 2.2359999999999998 -0.40551183910772903
405.98699999999997 2.235 -0.48524151189144676
419.46 3.162 -0.4232606038617037
428.57200000000006 2.852 -0.47991698990384135
433.76099999999997 3.2640000000000002 -0.4818760905514075
441.76 3.266 -0.4884188838785697
