4.888 3.16 -0.4740107626405717
17.07 3.363 -0.48992901927383437
22.994 2.44 -0.43894241152255664
31.872 3.263 -0.4791838162426563
39.364 3.263 -0.4984395285785671
52.657 3.4699999999999998 -0.4949742130731588
60.858 3.4690000000000003 -0.4909184966656103
74.776 2.852 -0.4096546017274313
84.96699999999998 3.161 -0.49108271255129826
115.39299999999999 2.34 -0.4507426784966646
121.968 3.3659999999999997 -0.4795558385999788
135.36 3.4690000000000003 -0.4219457900717354
153.886 2.543 -0.45462734264981747
166.87300000000002 2.956 -0.4126358373215535
181.062 3.367 -0.4968039291228444
244.964 3.266 -0.490751288053232
253.763 3.367 -0.4769455246548528
267.484 2.747 -0.43789112704860117
292.26099999999997 3.4699999999999998 -0.49800585356270155
324.389 2.543 -0.4749268960029345
333.379 2.852 -0.40392457438956436
355.48699999999997 2.645 -0.444661316701961
360.965 3.367 -0.49749833663367354
385.765 3.468 -0.4897437776551449
391.863 3.4690000000000003 -0.4928824916286923
407.077 3.057 -0.4681671074085571
427.37500000000006 3.058 -0.4888304960077806
432.6700000000001 3.263 -0.4554088101031867
441.769 3.2640000000000002 -0.4681602713643269
