28.279000000000003 2.955 -0.49999998662673306
34.894000000000005 2.544 -0.4999990982607636
49.283 2.338 -0.4999999904967144
58.162 3.161 -0.4999999981791221
63.56099999999999 3.263 -0.4999999995925734
69.06099999999999 3.263 -0.499999912306756
107.62299999999999 1.3080000000000003 -0.49999489539421316
157.66 3.263 -0.49999129701943806
162.75799999999998 3.3659999999999997 -0.4999900388817056
173.356 3.4699999999999998 -0.4999999964513561
195.782 2.748 -0.49999999889148866
207.158 3.675 -0.4999999991151617
224.478 3.057 -0.4999999232539573
243.95700000000002 3.367 -0.4999915858225073
250.156 3.368 -0.49994723459428886
255.65300000000002 3.5709999999999997 -0.49999213600944664
261.752 3.573 -0.4999988594422118
269.957 3.4699999999999998 -0.499999999952426
278.255 3.573 -0.49999991532214544
284.855 3.574 -0.49999999910634124
319.083 2.852 -0.4999999249826392
323.469 3.467 -0.49999999948142615
328.85499999999996 3.471 -0.4999989707228732
344.758 3.468 -0.49999991988309805
351.354 3.573 -0.49999988480822855
359.354 3.572 -0.49998934326058875
365.86899999999997 3.258 -0.49999999155347047
371.3550000000001 3.573 -0.5000000000524722
379.05899999999997 3.4699999999999998 -0.4999930834719603
399.763 3.4699999999999998 -0.49999999810365064
419.858 3.4690000000000003 -0.49999999765760206
434.34999999999997 3.677 -0.49999999813228335
441.763 3.2640000000000002 -0.4999554305025191
