11.279 2.955 -0.4983706391978485
17.776 3.059 -0.4999550774782344
36.469 2.955 -0.49999336748330353
52.085 2.74 -0.49957668611414147
57.777 2.749 -0.49997074746567316
76.096 2.133 -0.49995044111110154
81.28999999999999 2.34 -0.4999976899014804
103.28 2.9539999999999997 -0.4999374581046966
109.516 1.7189999999999999 -0.499992679293063
114.48100000000001 2.955 -0.4999630848095596
132.313 1.512 -0.4998978244562783
157.785 2.541 -0.4999768221708419
171.68400000000003 2.545 -0.49965212834360057
178.587 2.543 -0.49999947707605724
199.27800000000002 2.956 -0.4999995231787397
205.776 3.159 -0.49999989149285196
223.32999999999998 0.9969999999999999 -0.4993500122183199
250.419 1.3080000000000003 -0.4999238882826699
258.28999999999996 2.237 -0.49999240831751307
271.606 1.924 -0.49999887949661953
280.092 2.439 -0.4999990209973535
287.58399999999995 2.749 -0.49983727702215286
318.824 1.105 -0.4990020766096013
345.028 1.1 -0.4999875980753752
361.322 1.307 -0.4996645428450115
381.29799999999994 2.134 -0.499997905387305
387.788 2.646 -0.4998268984587068
393.988 2.647 -0.4983104258638363
407.46700000000004 3.162 -0.49999919336504023
424.064 3.3659999999999997 -0.49998581316100144
434.69399999999996 2.336 -0.49995927745381685
442.58799999999997 2.4419999999999997 -0.4998710546824837
