54.359 3.3659999999999997 -0.49967023810678907
62.971 2.9539999999999997 -0.49613200209481395
91.766 3.2640000000000002 -0.49748682480027934
104.37700000000001 2.955 -0.4988544587561246
109.363 3.4699999999999998 -0.49563345712875195
115.48 2.9539999999999997 -0.49943143956647446
130.667 3.059 -0.4787274758929126
146.466 3.16 -0.4796180650010165
151.464 3.162 -0.4937872317783196
176.863 3.2649999999999997 -0.48690379066836487
215.892 2.543 -0.496028582577862
221.58599999999998 2.95 -0.44965731274105714
226.967 3.16 -0.48094653013986366
237.578 2.749 -0.45802253317161934
253.47699999999998 2.751 -0.47544607595069577
271.033 0.895 -0.4949464302544564
274.47499999999997 2.853 -0.45589900678601075
282.96999999999997 3.16 -0.4982050764577809
288.568 3.263 -0.46758830891213693
295.46900000000005 3.263 -0.4484447649238578
302.582 2.851 -0.4983956447381525
324.081 2.748 -0.49723638168496836
331.37 3.059 -0.4943484722715447
336.96700000000004 3.162 -0.48392955791147446
348.497 2.2319999999999998 -0.43829383516340403
355.677 2.852 -0.4993239213118525
372.78900000000004 2.44 -0.4779997408296642
379.77299999999997 3.057 -0.49346059311776425
402.783 2.851 -0.49146322730010905
415.983 2.647 -0.4826475000164292
432.891 2.539 -0.49963729782958066
442.488 2.542 -0.4990365600776064
