5.421 2.627 -0.499988192784725
20.116999999999997 2.213 -0.4999044120777848
24.683 3.147 -0.49969394258008787
70.786 3.045 -0.49929566928011226
84.48700000000001 3.044 -0.49405301251046063
100.584 3.0469999999999997 -0.4999973485150511
121.19400000000002 2.838 -0.49997641277238225
126.588 3.043 -0.49997407074102984
156.724 2.211 -0.4999995225744537
170.479 3.253 -0.49999965551872727
187.886 3.147 -0.49970807716513
217.248 1.4849999999999999 -0.4996472910418859
227.32199999999997 2.211 -0.4999986723555735
241.52900000000002 2.005 -0.49764153019536217
252.406 2.73 -0.49938879573561834
263.92900000000003 1.9049999999999998 -0.4996302134956472
276.58700000000005 3.147 -0.4975249552693816
283.77 3.564 -0.4991490837170702
303.18100000000004 3.253 -0.4983816806861638
310.67 3.564 -0.4999087307430923
318.686 3.148 -0.49996218447087065
325.736 1.798 -0.49987304253764747
344.6 2.835 -0.4999701175725082
354.096 2.941 -0.4978517018575869
369.979 3.356 -0.49822138524613885
392.789 3.147 -0.4977478728147144
400.383 3.153 -0.49999190406052707
410.30899999999997 2.526 -0.4996635828668934
423.349 1.487 -0.4963943952966542
436.48999999999995 3.146 -0.4999990878422762
442.305 2.731 -0.499997086645883
