13.975 3.355 -0.4974081171699527
19.788 3.043 -0.49795075367006475
27.389000000000003 3.044 -0.49977996258703555
32.800000000000004 2.733 -0.4999639332983282
48.988 2.836 -0.49999860902404086
61.674 3.252 -0.4934667718202369
66.67699999999999 3.251 -0.4999911002999283
102.01299999999999 2.316 -0.4999876215910063
127.39500000000001 2.939 -0.4997341397781811
148.686 2.94 -0.4999863921611929
161.062 3.564 -0.4999244637393502
191.095 2.835 -0.495299717351005
200.403 2.627 -0.4991892243241952
210.272 3.46 -0.49999679714591216
217.69299999999998 2.94 -0.49999554445046596
226.78900000000002 3.148 -0.4999996876643351
232.724 2.2119999999999997 -0.49715166704531855
238.299 2.8369999999999997 -0.4998090691365315
243.871 3.356 -0.49999067070547654
249.90300000000002 2.524 -0.4999902180656238
262.377 3.251 -0.49740537532607276
267.781 3.0460000000000003 -0.49972156026830067
312.48 3.252 -0.4999312816749263
318.58400000000006 3.15 -0.4983034208241349
332.98799999999994 3.148 -0.4999998887476708
342.392 2.836 -0.49752757054908975
349.239 1.6919999999999997 -0.49887132900107406
353.38800000000003 2.94 -0.4945869356960741
358.562 3.567 -0.4999775024568501
365.99500000000006 2.734 -0.4965604096526165
379.182 3.147 -0.4990657192086653
384.786 3.044 -0.49999989322457694
392.075 3.355 -0.4988167218617199
400.766 3.566 -0.49988450323448574
