9.966000000000001 3.67 -0.4999584355627524
16.376 3.147 -0.4992258345225308
22.268 3.356 -0.4999671895586388
36.657 3.667 -0.49967912098129863
53.187999999999995 2.939 -0.499996943756618
68.07300000000001 3.356 -0.49992080376324605
89.78199999999998 3.251 -0.49804524702209724
95.071 3.5629999999999997 -0.49975813210989944
101.287 3.148 -0.49910884526768523
106.897 3.044 -0.4997901267138323
121.405 2.42 -0.4999959464923614
145.577 3.149 -0.4999989514842928
151.883 3.045 -0.4999985411378577
166.683 3.0469999999999997 -0.4999655989164697
176.19599999999997 2.835 -0.49432621416689904
184.88199999999998 3.251 -0.4994439379079165
193.669 3.565 -0.4999990444056802
209.48199999999997 3.044 -0.49483573760057836
215.98100000000002 3.146 -0.4989234193027828
231.17000000000002 3.357 -0.4999870205411132
237.626 1.9010000000000002 -0.49976930518812396
272.496 2.836 -0.49999227884902275
312.27500000000003 3.253 -0.4992615759322919
363.60799999999995 2.523 -0.4967188022981141
381.64 1.694 -0.497014106871563
400.171 3.459 -0.49999996479368636
409.589 2.941 -0.4976390379585546
415.272 3.357 -0.49999574831464066
428.18800000000005 3.042 -0.49992795377349586
441.56899999999996 3.461 -0.49997527065061526
