38.689 2.542 -0.4967456886648377
43.672000000000004 3.059 -0.4916858313278168
51.78300000000001 2.748 -0.4978353205945191
57.267999999999994 3.2640000000000002 -0.49986276582451905
92.46300000000001 3.4690000000000003 -0.49996424602503853
104.979 2.854 -0.4949537321740399
116.672 3.263 -0.49996788120448277
122.76999999999998 3.263 -0.48985325973086735
137.877 2.956 -0.4970756501080183
143.483 2.85 -0.499998887476621
151.475 3.058 -0.4996813593503858
156.57 3.1630000000000003 -0.4982839693968478
179.06699999999998 3.3659999999999997 -0.49991697288773784
186.861 3.572 -0.49939496268026556
192.168 3.2649999999999997 -0.49906671499348854
244.764 3.4699999999999998 -0.49984231700367265
272.863 3.572 -0.4999676654481364
278.762 3.573 -0.4999926673355234
288.063 3.572 -0.49992491396976074
293.874 3.161 -0.4997882558634926
305.777 3.058 -0.4954645551864222
319.063 3.574 -0.4995951940362846
325.07099999999997 3.367 -0.4973545764142957
332.37899999999996 3.057 -0.4954341220820773
353.963 3.573 -0.4991821820405155
369.961 3.4690000000000003 -0.4993310237243745
375.76 3.471 -0.49676741154657406
396.48199999999997 2.855 -0.49463197836431033
401.67699999999996 3.3600000000000003 -0.49998297571013633
436.559 3.3659999999999997 -0.49999741726896535
441.76 3.2649999999999997 -0.49998749107992096
