28.57 3.456 -0.48548793920628025
34.183 3.043 -0.49036320537587214
39.078 3.248 -0.4993107794817777
44.78600000000001 2.94 -0.4972182348081353
51.974999999999994 3.252 -0.4963723495974448
78.173 3.457 -0.499805254280314
89.02000000000001 2.311 -0.47215342935368154
94.09400000000001 2.938 -0.4934182792687297
135.59199999999998 2.936 -0.4687739573806592
146.486 3.042 -0.48661052682754524
160.379 3.249 -0.4970270118976939
196.01500000000001 2.419 -0.4563441921855032
201.594 3.041 -0.46213414497954886
220.686 3.143 -0.4984926364767225
234.454 1.275 -0.4880833637223091
243.782 3.247 -0.49954446642242684
266.505 2.625 -0.4997324481044178
271.898 2.832 -0.4998404998809331
282.979 3.3529999999999998 -0.4909791591999298
290.99600000000004 2.938 -0.4986801099865337
303.086 3.144 -0.4989187545737482
312.303 2.727 -0.496655825275626
321.30400000000003 2.727 -0.46448972423756757
326.788 3.042 -0.4990532814940558
334.59 3.041 -0.49743578016276563
357.308 2.623 -0.4952720861408444
363.72599999999994 2.105 -0.48259533247678665
378.275 3.457 -0.4995951604313975
395.01500000000004 2.52 -0.4959197590683841
421.31699999999995 2.415 -0.4788373622518152
428.804 2.728 -0.47589139587786217
436.48699999999997 3.145 -0.49921281557195835
442.615 2.417 -0.4888433961422348
