13.567 3.56 -0.49994444900975604
18.976 3.3520000000000003 -0.4999986217421072
32.673 3.457 -0.49999999775685106
56.873999999999995 3.46 -0.49999998737983237
64.763 3.5620000000000003 -0.4999999993380454
76.681 3.144 -0.4999999986382866
92.06800000000001 3.457 -0.4998847336814916
99.569 3.456 -0.49992944221459906
106.888 3.039 -0.49998122434843034
141.683 3.25 -0.4999967272552966
173.975 3.3520000000000003 -0.4999999251544448
203.96900000000002 3.458 -0.4999995037786624
209.683 3.145 -0.499996942495868
224.57799999999997 3.3529999999999998 -0.49999976730043716
276.077 3.251 -0.49999857721119634
299.067 3.561 -0.4999999991611181
305.103 2.625 -0.49993845466801934
319.878 3.3529999999999998 -0.5000000001983282
329.08899999999994 3.043 -0.4999769551926667
335.818 2.415 -0.49998185647806564
341.08200000000005 3.3520000000000003 -0.49999999947583856
348.59400000000005 2.835 -0.49999999562374525
354.281 3.248 -0.49999999971418124
364.78200000000004 3.147 -0.49999063745586814
379.289 3.041 -0.4998678586951082
386.16800000000006 3.561 -0.4999999993416395
391.87600000000003 3.354 -0.499999535144034
402.424 2.106 -0.4999970453947576
417.27299999999997 3.458 -0.49999842097785085
428.68300000000005 3.25 -0.49999999440528586
435.877 3.457 -0.4999912557061662
441.577 3.458 -0.4999999919463468
