32.303000000000004 2.131 -0.3837999297202196
49.895 2.1319999999999997 -0.3017060641125608
132.729 1.2060000000000004 -0.2742934385669272
140.229 1.307 -0.1941652380270969
159.20499999999998 1.8239999999999998 -0.41109615944636274
219.893 2.441 -0.22563535906455262
315.79 2.544 -0.41585897957356693
331.832 1.2000000000000002 -0.17998742650133542
366.07599999999996 2.956 -0.40280328053101344
382.188 2.544 -0.26700301220678635
397.19899999999996 2.233 -0.4065732332459327
403.50200000000007 2.131 -0.3441572729099214
408.394 2.439 -0.17165143190399113
415.275 3.16 -0.23377088782007518
422.634 1.0010000000000003 -0.25253250482904
438.312 1.721 -0.27760097080598517
