20.355 3.572 -0.4985425361494095
28.159 3.4690000000000003 -0.4983297143671903
34.58 2.749 -0.49975742919975685
51.996 2.2359999999999998 -0.49980290951282
60.693000000000005 2.44 -0.49940581366816156
84.993 2.235 -0.49528569316402127
99.05599999999998 3.572 -0.48995724774840654
106.264 3.2640000000000002 -0.49794071839271925
122.75099999999999 3.778 -0.49998837982222083
136.778 2.852 -0.4868972838972869
142.364 3.367 -0.496422110660542
148.066 3.266 -0.49778915428548265
153.45899999999997 3.574 -0.4999537712730043
174.757 3.573 -0.49944337601563027
186.266 3.2640000000000002 -0.49986058431528363
210.456 3.574 -0.49126177665504805
216.855 3.675 -0.488505234610272
259.478 3.057 -0.49996243922272116
279.277 2.9539999999999997 -0.4984381258336212
284.37399999999997 3.057 -0.4937905747970231
303.66999999999996 3.161 -0.4968772232763619
320.269 3.263 -0.49998668180051203
338.774 3.058 -0.4970971361781057
348.788 2.646 -0.49931626882889096
361.067 3.2649999999999997 -0.48684607249990447
389.66400000000004 3.4690000000000003 -0.4999751587197162
402.16700000000003 3.3659999999999997 -0.4999734321018351
413.059 3.574 -0.4999300986999658
422.161 3.572 -0.4985367695343582
429.06100000000004 3.572 -0.4966608340133114
