4.584 3.459 -0.4992478483570476
18.993000000000002 2.833 -0.46935394811698317
24.268000000000004 3.56 -0.4990694102534037
30.677000000000003 3.351 -0.4983697260987812
44.872 3.459 -0.49379565420229937
53.464000000000006 3.769 -0.49118714847102896
60.623 2.311 -0.48836317472555973
65.89099999999999 3.144 -0.49967756404391395
71.16799999999999 3.459 -0.4918006297955847
90.277 3.25 -0.49784284186913635
96.674 3.3529999999999998 -0.4891146116581815
131.552 1.4769999999999999 -0.4358316497452217
149.484 3.249 -0.4933288124184168
155.285 3.249 -0.4933651930297878
165.771 3.457 -0.4875635370934965
173.739 1.6889999999999996 -0.4358168997522934
181.569 3.459 -0.4749600694961658
197.66 3.668 -0.4982468789482289
218.75800000000004 3.771 -0.495918248640528
224.471 3.458 -0.4990044803539426
254.383 3.251 -0.49175574282429535
262.077 3.3529999999999998 -0.4928661899771854
293.20599999999996 2.624 -0.47340720160667116
305.674 3.456 -0.4354854612907738
327.303 2.627 -0.4693612436815872
361.50899999999996 2.622 -0.482285769640884
368.175 3.356 -0.4823813020639573
390.10099999999994 2.73 -0.4946020405421153
397.49 3.041 -0.4598268751833734
403.93 2.102 -0.43974072215739
412.72599999999994 2.206 -0.450745753085739
437.144 1.6889999999999996 -0.4766765721435558
441.36899999999997 3.665 -0.49973804654801146
