5.609999999999999 2.44 -0.48964348115117545
51.875 2.852 -0.49979559350175484
67.961 3.3659999999999997 -0.49972798509297467
74.367 3.161 -0.47978013017399207
83.314 1.617 -0.4913021376675584
89.182 2.749 -0.4955355469963799
107.97099999999999 3.263 -0.4895624638247827
113.771 3.2640000000000002 -0.49817691897090505
120.67499999999998 2.9530000000000003 -0.49463802244596955
134.65699999999998 3.471 -0.4999552228920609
155.36599999999999 3.162 -0.49940163288124395
188.47 3.162 -0.4999470150794902
194.76699999999997 3.3659999999999997 -0.49328029987643185
215.967 3.162 -0.49946791994342005
223.46099999999998 3.4699999999999998 -0.4999940688644892
240.679 2.851 -0.4890238192854315
252.56300000000002 3.367 -0.49852049390848313
265.968 3.263 -0.49955032014078843
275.279 2.851 -0.4952294972508425
284.074 3.058 -0.49977192143021243
289.267 3.3659999999999997 -0.4912339789603504
298.991 2.543 -0.4996001401884124
313.364 3.367 -0.49710933538905605
330.50999999999993 1.8210000000000002 -0.4761614344208955
338.683 2.748 -0.4977132303139174
358.36799999999994 3.2640000000000002 -0.49550041051955623
370.866 3.3659999999999997 -0.49622462371040577
378.32199999999995 1.4100000000000001 -0.4799355388061608
403.173 3.263 -0.49263980259630635
408.86499999999995 3.367 -0.4997701182054847
433.37000000000006 3.263 -0.49997446500973025
441.668 3.365 -0.49868426412356603
