4.578 3.4699999999999998 -0.4694595899884146
10.453 3.778 -0.4999423205011143
18.854 3.779 -0.4988073165236736
38.352 3.779 -0.49521030263400195
53.666000000000004 3.365 -0.4999067154627374
88.754 3.778 -0.4993303782818894
98.06 3.572 -0.49743378224391666
113.05799999999999 3.675 -0.48564832718475215
144.45 3.882 -0.49543599292332485
167.754 3.779 -0.4723157394246203
183.658 3.675 -0.48343817225398017
198.654 3.779 -0.4960514808179713
204.254 3.779 -0.49688616297375227
209.65600000000003 3.778 -0.4800451191991894
237.053 3.7809999999999997 -0.4790743485744421
250.953 3.8810000000000002 -0.49874812723591133
265.264 3.4699999999999998 -0.49984164001336173
270.26 3.677 -0.4964003111904007
284.153 3.882 -0.4989686290667793
289.85699999999997 3.778 -0.4870278446907934
299.06000000000006 3.674 -0.4936031267559329
304.67199999999997 3.2640000000000002 -0.49971782910173157
345.65799999999996 3.778 -0.4929851421866104
354.95799999999997 3.778 -0.48420976099365465
360.455 3.7809999999999997 -0.46799067133783107
368.058 3.778 -0.49976757069236044
377.657 3.779 -0.4980724332322499
395.45200000000006 3.8810000000000002 -0.49787653869536613
402.45799999999997 3.778 -0.4932874145223848
408.161 3.675 -0.499911131896839
413.661 3.676 -0.47348487629998376
419.541 3.779 -0.48185611037668435
426.24699999999996 3.574 -0.4997785707775288
