47.263000000000005 3.4699999999999998 -0.49999999920215377
61.50000000000001 2.336 -0.49999923204987706
74.3 2.233 -0.4998941243616688
113.187 2.646 -0.49999995120935564
120.38 2.853 -0.49996993798586986
127.466 3.2670000000000003 -0.4999992811887942
132.55999999999997 3.574 -0.4999999992477281
138.996 2.338 -0.49998144952183976
151.57899999999998 3.056 -0.49999746454478133
159.375 3.161 -0.5000000002889461
167.67600000000002 3.058 -0.49999999276169466
174.39000000000001 2.544 -0.49998416219984065
191.30100000000002 2.133 -0.4999976842232943
199.072 3.263 -0.4999999994592344
205.67100000000002 3.263 -0.4999999997236021
225.014 1.721 -0.49998186514213994
232.978 3.057 -0.499963161390628
238.988 2.647 -0.4999998966286937
248.5 2.235 -0.49999989212163026
258.30600000000004 2.131 -0.4999996099611158
263.48 3.058 -0.49999999855138794
307.373 3.263 -0.4999999980589666
313.67799999999994 2.958 -0.4999999994321136
328.872 3.161 -0.4999972896543421
337.68699999999995 2.75 -0.49999773655674323
348.001 2.336 -0.49998266525229673
354.792 2.129 -0.49999999966787306
360.167 2.855 -0.4999993417451016
365.97200000000004 2.751 -0.4999999977901773
376.367 3.057 -0.4999999990888183
399.98100000000005 2.647 -0.4999999994844285
417.07499999999993 3.057 -0.4999663439071983
429.404 2.13 -0.4998867012568839
442.702 2.3369999999999997 -0.4999999835309756
