71.291 2.544 -0.4801586762602102
84.367 3.16 -0.43872977186988643
100.98099999999998 2.647 -0.49874094554132564
121.797 2.231 -0.4960714154908976
127.70499999999998 1.924 -0.49630023376506605
156.7 2.234 -0.49946681825037104
170.566 3.1630000000000003 -0.4996320082315722
188.27900000000002 2.75 -0.4824323483346184
206.166 3.263 -0.4437254582789741
215.87699999999998 2.853 -0.4843952403544386
226.37 3.16 -0.499013772299841
240.78300000000002 2.749 -0.4439134510677588
247.19699999999997 2.336 -0.48917940510213426
251.973 3.161 -0.4783230041485148
262.675 3.161 -0.4848512300631151
276.671 3.059 -0.4687827575001181
283.965 3.3659999999999997 -0.4823710523146603
304.094 2.3369999999999997 -0.4594565050222978
310.968 3.263 -0.49412350595047577
318.878 2.9530000000000003 -0.49480539282463687
325.40000000000003 2.131 -0.49150653301878755
343.86000000000007 3.573 -0.4966188006204792
353.46200000000005 3.573 -0.4659311952844828
370.58299999999997 2.749 -0.4617360273323909
392.773 3.16 -0.46690858836541793
400.063 3.4690000000000003 -0.49780832831024824
409.671 3.161 -0.48392574792675397
422.29200000000003 2.541 -0.45665355601569857
436.266 3.367 -0.49929843087365244
441.358 3.676 -0.4988144630775966
