5.709 2.339 -0.4527480798978944
22.982 2.749 -0.4715010398782348
38.072 3.161 -0.44043942655062474
51.787 2.749 -0.4912490915888274
57.681999999999995 2.85 -0.49275421192222535
67.688 2.544 -0.4485096658468782
92.668 3.2640000000000002 -0.4964096150920138
116.56599999999999 3.367 -0.49945052338833634
137.776 3.058 -0.4904294603157803
143.072 3.263 -0.4996207630213317
151.063 3.4699999999999998 -0.487442813623468
156.367 3.3659999999999997 -0.4628291479377126
179.47799999999998 2.955 -0.4937609056483915
187.479 2.955 -0.47956436703627214
192.27100000000002 3.1630000000000003 -0.4949587436898032
235.98999999999998 2.645 -0.4688898041095933
245.076 3.161 -0.4898055391881447
273.687 2.748 -0.4965157732758151
279.48199999999997 2.853 -0.4987782581226121
288.269 3.3659999999999997 -0.49394490446234324
293.975 3.06 -0.49823048820994636
306.90799999999996 1.927 -0.48529409601845186
319.887 2.748 -0.4818417808475776
325.07099999999997 3.365 -0.4907107881174087
370.26300000000003 3.162 -0.47895263953573597
376.166 3.06 -0.49013969856306405
395.85999999999996 3.4699999999999998 -0.431422881469175
401.869 3.162 -0.4978732170513627
437.068 2.853 -0.49933941857528646
441.758 3.263 -0.4996939183978317
