16.287 3.148 -0.4999191261703104
22.081 3.355 -0.500000000584086
31.567999999999998 3.459 -0.499999988905454
39.068 3.459 -0.49999997316650036
67.168 3.46 -0.5000000005798204
78.478 3.251 -0.49999946527417655
85.276 3.355 -0.4999842328375698
90.78000000000002 3.252 -0.49999998360950637
116.57900000000001 3.357 -0.4999999791553756
126.98599999999999 3.043 -0.49999532623918663
139.37199999999999 3.356 -0.4999988895228408
151.282 3.147 -0.4999999968064114
165.982 3.0460000000000003 -0.499999998338737
173.27100000000002 3.3579999999999997 -0.49996273985209866
183.77899999999997 3.252 -0.49998526142236166
201.07800000000003 3.356 -0.4999997725461435
216.27300000000002 3.356 -0.49999996054897927
228.084 3.146 -0.5000000003925711
235.376 3.254 -0.4997721705090856
241.607 2.523 -0.4999978456472417
264.97299999999996 3.458 -0.499996336186092
284.97499999999997 3.357 -0.4999999543264734
324.478 3.253 -0.4999992858092682
333.68199999999996 3.149 -0.49999553293489307
345.98599999999993 3.146 -0.4998213455496345
351.97499999999997 3.357 -0.4999999956980829
374.779 3.253 -0.4999035803660465
382.579 3.253 -0.4999859145251138
434.571 3.4619999999999997 -0.49999908823925915
