13.591999999999999 2.335 -0.49999486108663377
35.916 1.5139999999999998 -0.4855559691483357
52.891 2.543 -0.47596396824858145
62.499 2.2359999999999998 -0.48427376754637075
69.78 2.646 -0.4785233467496336
75.382 2.544 -0.48055820493581003
88.58800000000001 2.339 -0.4813644364534441
95.99100000000001 2.336 -0.4999901690993519
100.269 3.058 -0.49968769782815436
148.082 2.852 -0.4986224867635194
175.481 2.647 -0.49002041064549695
192.078 2.851 -0.49497822808410064
198.071 2.957 -0.4997135272319306
210.874 2.9539999999999997 -0.498906459701866
225.083 2.748 -0.4963393022864805
232.37500000000003 3.057 -0.4997256251886568
243.37 3.2640000000000002 -0.4794121937681927
249.17999999999998 2.955 -0.49934896361903663
274.47800000000007 2.751 -0.4977223040682018
278.961 3.368 -0.47034424267726543
287.082 2.748 -0.49565221925978475
296.388 2.742 -0.4997372202729712
316.097 2.233 -0.46727602577203275
329.695 2.3369999999999997 -0.4979984644892106
350.981 2.749 -0.4999640324660867
357.96999999999997 3.161 -0.49725257907449777
363.56699999999995 3.2640000000000002 -0.49903918494691046
372.56699999999995 3.2640000000000002 -0.4769562458848176
390.881 2.75 -0.4821378484531845
418.58099999999996 2.75 -0.49984360653588805
