21.186 2.75 -0.4939842083128345
34.379000000000005 2.955 -0.4998625646988625
51.276999999999994 2.957 -0.49998893677426826
59.87 3.2649999999999997 -0.4998486455575839
86.339 0.8960000000000004 -0.49987928041950647
99.372 3.263 -0.49914203966369786
106.27199999999999 3.263 -0.499721282354287
123.377 3.161 -0.49999830357593344
142.47 3.266 -0.4998404450212876
148.783 2.542 -0.49938411576737385
153.657 3.3689999999999998 -0.49998245195167584
175.579 2.751 -0.4999404780296074
180.777 2.9539999999999997 -0.49412687431373653
186.268 3.2640000000000002 -0.4997599178375147
203.077 3.16 -0.4972446527249204
210.553 3.468 -0.49366024262788216
217.15499999999997 3.3659999999999997 -0.49519614342621154
227.569 2.854 -0.49471211303004853
233.08200000000002 2.542 -0.4957780272643888
259.365 3.1630000000000003 -0.4999985870183542
279.894 2.338 -0.4996316338110808
284.169 3.2640000000000002 -0.4999086660236856
304.707 2.131 -0.49997161320055095
311.78 2.4419999999999997 -0.4986840306629609
320.258 3.2640000000000002 -0.4999904700384216
327.786 2.3369999999999997 -0.4995906393360377
348.16299999999995 3.2640000000000002 -0.49997962599656487
355.362 3.467 -0.4930225430846076
372.369 3.162 -0.49498259935980876
389.971 3.1630000000000003 -0.49999966969710646
401.951 3.572 -0.4999693431137963
412.94700000000006 3.676 -0.49992537266690823
422.047 3.676 -0.4998551183433468
429.052 3.573 -0.497385933536365
