5.195 2.852 -0.499934449206957
20.063000000000002 3.3659999999999997 -0.49992132813416373
28.359 3.4699999999999998 -0.4965477291805084
39.556999999999995 3.572 -0.4989797497572191
65.16 3.471 -0.4999133607863822
73.262 3.4699999999999998 -0.49999986413354647
101.66 3.4699999999999998 -0.4997469121238674
125.473 3.058 -0.4998085105099174
132.585 2.5460000000000003 -0.4998854873590158
172.09099999999998 2.542 -0.4978210056664213
179.068 3.3659999999999997 -0.49964738248794544
185.602 2.233 -0.4999995606461186
199.859 3.573 -0.49997680317214216
228.371 3.161 -0.49999454890645184
241.284 2.749 -0.4999954552376648
248.268 3.2640000000000002 -0.49998458738429286
255.29999999999998 2.233 -0.4999977596710664
259.974 3.059 -0.4954419831424144
291.775 3.058 -0.49993089661730594
304.965 3.368 -0.4988662923917816
318.97 3.2640000000000002 -0.49905521555406823
346.968 3.3659999999999997 -0.4999435385070635
358.56100000000004 3.573 -0.4998960163048029
380.56899999999996 3.367 -0.4994867937945496
395.36 3.675 -0.49751999130586566
415.467 3.468 -0.49696639844370816
428.166 3.4690000000000003 -0.4988157014581544
436.587 2.648 -0.4999624793226277
