21.08 2.75 -0.4968025153427804
26.064999999999998 3.3659999999999997 -0.49981835265381824
32.666 3.3659999999999997 -0.4999013623492136
65.353 3.572 -0.4999991932417479
110.481 2.648 -0.49961167502276815
158.46800000000002 3.058 -0.4980210277968015
168.593 2.233 -0.4999883372439432
175.16500000000002 3.262 -0.49875159728136365
180.966 3.161 -0.499706177991406
220.46 3.572 -0.4982613344552053
226.85799999999998 3.675 -0.49999587460393524
242.57199999999997 3.2640000000000002 -0.4989245131753016
248.867 3.161 -0.4991861119598906
257.274 2.9539999999999997 -0.49999656031535383
262.558 3.4699999999999998 -0.49850205512249784
287.259 3.4690000000000003 -0.49999366737918155
293.37899999999996 2.749 -0.4999867232803753
307.562 3.4690000000000003 -0.49812257466977244
314.057 3.675 -0.4991037435897574
320.967 3.3659999999999997 -0.4996655031051069
334.266 3.4690000000000003 -0.4963613115357381
339.364 3.572 -0.4994157613979054
352.564 3.2649999999999997 -0.4959942091899253
360.255 3.675 -0.4999997150563861
375.558 3.472 -0.4999644081568616
385.002 1.8280000000000003 -0.49928504427583686
388.97499999999997 2.956 -0.4975790071626495
397.388 2.543 -0.49978911939644083
403.281 2.75 -0.49999279132679136
413.86799999999994 3.2640000000000002 -0.4999529550950064
427.065 3.4699999999999998 -0.49331894855983477
441.46 3.5709999999999997 -0.49999739919569364
