4.57 3.461 -0.4998646050541111
29.682 3.249 -0.49998344998700806
38.47 3.5620000000000003 -0.4998302546058284
43.88 3.3529999999999998 -0.49854922029495186
51.48499999999999 3.249 -0.49999845752925415
58.067 3.665 -0.4999972496209019
71.38799999999999 3.144 -0.49999806510818295
76.784 3.148 -0.4996413860745372
84.163 3.769 -0.4999998530427828
95.88000000000001 3.252 -0.49997050686988664
111.269 3.5629999999999997 -0.49437122817989654
132.59199999999998 3.041 -0.4998273342853043
138.192 3.041 -0.49999941739747644
143.686 3.248 -0.4999640399613736
152.42499999999998 2.21 -0.49900689593946923
156.886 3.25 -0.4962068337449171
176.691 3.042 -0.49609997939343653
191.975 3.458 -0.4999803757251577
200.776 3.458 -0.4997008050331079
230.192 0.5419999999999998 -0.4978446978822011
237.35100000000003 1.5830000000000002 -0.49856482827266757
243.07800000000003 3.456 -0.49858906436548545
253.80999999999997 2.626 -0.49786787227295504
265.79 3.145 -0.4953788824988789
271.082 3.3529999999999998 -0.49993768204101197
281.59000000000003 3.145 -0.49985838129824534
299.127 2.108 -0.4999764775870173
352.87 3.25 -0.49999487476857796
372.159 3.665 -0.49999982042682706
378.26 3.665 -0.4999839054694349
387.784 3.042 -0.4999359188071616
401.799 2.73 -0.4982012780750361
429.51599999999996 2.521 -0.49975460174125463
