22.973 3.058 -0.4821226959274583
36.269999999999996 3.162 -0.44425920486850945
63.369 3.263 -0.4337824123889313
80.163 3.4699999999999998 -0.4824090990458225
89.36699999999999 3.3659999999999997 -0.4976383152730071
114.065 3.368 -0.4594407675118644
140.26999999999998 3.263 -0.49086194880085027
170.973 3.261 -0.44789669432335727
177.66400000000002 3.4699999999999998 -0.4941304415014449
188.28300000000002 2.751 -0.4994480605538092
193.485 2.749 -0.492871865191277
199.073 3.162 -0.4970175765674212
205.57100000000003 3.368 -0.49901461846031586
257.577 2.958 -0.4929872901845359
264.77299999999997 3.1630000000000003 -0.4476841256049825
270.27200000000005 3.263 -0.49747498929138123
279.375 3.16 -0.47927915539845223
292.671 3.2640000000000002 -0.45110968748767744
302.386 2.851 -0.4994000406193644
307.787 2.851 -0.48190818735701046
323.183 2.853 -0.4985847173265665
330.892 2.544 -0.455369076731642
337.382 2.9539999999999997 -0.4619704474474523
366.97099999999995 3.16 -0.494946443624964
371.965 3.2670000000000003 -0.49981793801887625
380.27200000000005 3.162 -0.49100962444511664
400.859 3.162 -0.4516713915424022
407.25399999999996 3.368 -0.4945979684314401
416.461 3.263 -0.4964194120688792
423.955 3.4699999999999998 -0.4753153997326157
