4.99 3.058 -0.4941109893365787
22.368000000000002 3.465 -0.4990708340312263
35.066 3.3689999999999998 -0.4879742747558237
44.16400000000001 3.367 -0.48196300887589455
52.255 3.676 -0.4954401901492573
62.185 2.647 -0.49772556570517196
71.074 3.057 -0.47244394798422257
98.96000000000001 3.572 -0.4449785015747733
117.877 2.956 -0.4992036148220925
131.977 3.159 -0.45782718093609204
157.494 2.339 -0.4534621376434991
185.97299999999998 3.16 -0.49520022598683533
191.159 3.574 -0.4911397572083902
197.35999999999999 3.473 -0.4636304811835933
213.86 3.574 -0.4486817135891305
249.86200000000002 3.572 -0.4363805057313241
256.587 2.647 -0.443439373731644
263.862 3.572 -0.47559969048494927
274.262 3.572 -0.4927745589275175
280.358 3.677 -0.49959176183136456
288.38800000000003 2.647 -0.4993370771255898
325.38699999999994 2.749 -0.47165006927978176
353.977 3.159 -0.48369647777221464
366.26599999999996 3.4699999999999998 -0.4981882901040674
395.97999999999996 2.752 -0.48568760404639727
401.278 2.955 -0.48857135240584715
409.79499999999996 2.4419999999999997 -0.4578170501812555
415.57099999999997 3.266 -0.4524734814152939
422.28499999999997 2.235 -0.4899706965137828
427.448 3.573 -0.4833389012746406
433.85499999999996 3.367 -0.4975347617897821
442.274 2.75 -0.4845026141354285
