23.783 2.851 -0.46866894554790733
32.883 2.853 -0.43938203882086346
51.767999999999994 3.161 -0.49986133985251074
60.766999999999996 3.162 -0.4500857356445545
66.371 3.058 -0.49747991554955395
71.36 3.4690000000000003 -0.49380150844726406
105.665 3.367 -0.492614594509719
134.56 3.4699999999999998 -0.4970605922544912
143.46300000000002 3.4690000000000003 -0.49726856135946834
169.673 3.058 -0.48156812482447015
176.21499999999997 1.616 -0.46539388950610266
183.363 3.368 -0.4958838468073351
192.95999999999998 3.471 -0.4962019402251602
198.659 3.572 -0.475069029033557
213.47500000000002 3.059 -0.4710290078452418
227.173 3.059 -0.45985058274515916
250.56799999999998 3.2640000000000002 -0.49897032988136963
256.963 3.4690000000000003 -0.499384077623791
265.16 3.472 -0.43769667992642
274.959 3.573 -0.4767967337737105
290.77200000000005 3.162 -0.4944037052138851
312.077 3.058 -0.4866894902064887
326.17 3.263 -0.4933313304154387
347.30400000000003 2.13 -0.46707471546204565
361.17600000000004 3.058 -0.47901610192986777
372.683 2.851 -0.49483559253075
377.865 3.4690000000000003 -0.4743487843483295
385.672 3.162 -0.44223704321259905
392.26 3.574 -0.4984469910040757
414.26899999999995 3.367 -0.4896763946828164
421.464 3.573 -0.49313495802778107
427.06300000000005 3.472 -0.4989159381753936
