4.9879999999999995 3.057 -0.49863178609709713
14.076999999999998 2.851 -0.4911677433181859
22.464 3.263 -0.4988083780465626
51.573 2.955 -0.4998536837323734
67.173 3.058 -0.49592945327711585
92.46600000000001 3.4699999999999998 -0.4899570767348362
116.769 3.16 -0.49998814923751966
129.083 2.646 -0.4861912985404335
137.872 2.957 -0.49956365070946246
142.961 3.368 -0.4990573724471174
171.102 2.03 -0.4809423870943197
179.16800000000003 3.266 -0.4835055614274806
192.579 2.851 -0.4999114888693262
197.27 3.16 -0.4781760317982026
205.073 3.057 -0.4967500474932411
213.472 3.058 -0.49702180178279737
235.36699999999996 3.2640000000000002 -0.496453585707392
244.863 3.368 -0.48679753007234894
263.575 2.957 -0.4950861002299788
272.96500000000003 3.4690000000000003 -0.4930020856862274
278.76399999999995 3.5709999999999997 -0.49468478911609154
288.26399999999995 3.367 -0.4884839090413552
293.97499999999997 3.057 -0.4999328843822257
305.67 3.162 -0.4998319777542215
325.16700000000003 3.2649999999999997 -0.49969684354168703
363.886 2.647 -0.492941464974045
376.074 3.162 -0.49937197984257115
381.78100000000006 2.852 -0.4818687154379202
401.767 3.266 -0.4912434630540952
409.475 3.058 -0.49384796081369975
422.771 3.263 -0.49571835591109864
436.565 3.3689999999999998 -0.49844263352577994
441.871 3.1630000000000003 -0.4999950211389051
