14.169 3.16 -0.4941507305685012
32.472 3.057 -0.4998166021357286
48.358999999999995 3.4699999999999998 -0.49998040900358
66.664 3.266 -0.49390084475161583
73.491 2.339 -0.4889532657968944
101.172 3.1630000000000003 -0.49992292727077764
109.49 2.6399999999999997 -0.4992413196611242
127.477 2.854 -0.4811041012883849
142.078 2.9530000000000003 -0.48733473544383205
148.264 3.367 -0.4999628050490988
172.29699999999997 2.234 -0.49071200947971716
184.879 2.9539999999999997 -0.49626956986814696
199.87599999999998 3.16 -0.4949027222562109
210.671 3.061 -0.4982119392972165
217.266 3.3659999999999997 -0.499977501075685
226.461 3.471 -0.49864360451599377
231.97500000000002 2.957 -0.4971688198457839
243.762 3.4699999999999998 -0.4957552305989355
249.06400000000002 3.368 -0.4970474847976725
267.97999999999996 2.853 -0.49785176753788085
292.7 2.235 -0.49774013151143
305.378 2.955 -0.4883846048751073
333.283 2.851 -0.49960368907219455
342.38100000000003 2.853 -0.49160130525394036
347.98 2.955 -0.49960023334623277
366.29200000000003 2.4419999999999997 -0.4993392910363442
379.481 2.853 -0.4982855039887777
384.57099999999997 3.2640000000000002 -0.49942959282397004
392.479 2.957 -0.4997222611738073
401.585 2.75 -0.49978938940802026
425.18 2.955 -0.49984029515456924
