4.566000000000001 3.472 -0.4995291488685332
12.567 3.4699999999999998 -0.48922748078795725
18.476999999999997 3.161 -0.4977706277965618
56.660000000000004 3.3659999999999997 -0.49995575130026004
68.96300000000001 3.2649999999999997 -0.4988983926151
83.471 3.16 -0.49991035550009116
106.962 3.573 -0.4999963887544188
151.351 3.675 -0.4999654317992125
173.174 2.956 -0.4985902982920102
194.67800000000003 2.956 -0.4991121931199392
205.572 3.365 -0.49999940309228835
214.162 3.162 -0.49998801343186583
219.45700000000002 3.367 -0.4997666730330104
257.97 3.058 -0.4974440004974414
264.36100000000005 3.368 -0.49939735546196656
281.15900000000005 3.573 -0.49999801825841955
294.965 3.4699999999999998 -0.49985311875961325
305.566 3.059 -0.4992015121344654
314.95799999999997 3.367 -0.49930630663837033
320.45 3.675 -0.4997675440704956
326.968 3.058 -0.49975934480501305
348.26599999999996 3.161 -0.4998119871686639
359.478 2.851 -0.4971480267156986
365.767 3.1630000000000003 -0.4990128952617792
380.363 3.37 -0.49337341123672995
386.875 3.059 -0.49623802971903874
403.15599999999995 3.471 -0.4977789376546895
419.486 2.441 -0.4879915210014481
424.65799999999996 3.4690000000000003 -0.4953526388291143
434.868 3.159 -0.49581860680031964
