10.16 3.4699999999999998 -0.4999976361967483
30.674 3.16 -0.49999889287584415
38.56699999999999 3.468 -0.4991580506046223
44.67400000000001 2.852 -0.499992009612182
57.660000000000004 3.367 -0.4999957693154615
62.661 3.3659999999999997 -0.49999995952258985
68.77499999999999 2.852 -0.4996510739046507
91.28399999999999 2.544 -0.4998248307299285
97.39699999999999 2.1319999999999997 -0.49998800935473015
102.361 3.3689999999999998 -0.4999997107519796
108.48 2.751 -0.4977411102788827
139.185 2.851 -0.4999829407791448
144.667 3.161 -0.4999980184922136
158.28 2.748 -0.4992940212723281
175.371 2.957 -0.49999790996144594
207.98999999999998 2.3409999999999997 -0.4987368968827521
216.78099999999998 2.852 -0.4998701018286514
224.9 2.334 -0.49966924111763167
243.09799999999998 2.1319999999999997 -0.4984111652506425
252.697 2.133 -0.499945333422894
277.08500000000004 2.645 -0.49952950206959873
282.89300000000003 2.3369999999999997 -0.4995838412305611
301.697 2.234 -0.4989408094576152
315.53200000000004 1.0010000000000003 -0.4999997695761838
353.509 1.722 -0.4995036653004232
358.27 3.161 -0.4999968624757388
363.165 3.3659999999999997 -0.49999983982737256
377.258 3.573 -0.49983655614189226
406.09600000000006 2.3369999999999997 -0.49992222727108143
413.067 3.2670000000000003 -0.499999941067102
422.78299999999996 2.853 -0.4999274332250892
430.078 2.9539999999999997 -0.4997074472291846
435.57899999999995 2.853 -0.49980505495828564
442.182 2.851 -0.49972268094353195
