11.294 2.832 -0.4989339391026819
31.403 2.624 -0.44137400499941526
37.729 1.9980000000000002 -0.44343469683354086
49.615 2.312 -0.4773989990402112
61.207 2.522 -0.49186987865125725
71.25 1.5810000000000004 -0.4425600128093976
76.63499999999999 1.8969999999999998 -0.49817267743890603
83.428 2.105 -0.48664396654913944
98.12899999999999 1.999 -0.4862082399821893
136.91599999999997 2.312 -0.46519102786182664
142.09900000000002 2.73 -0.49890599587737644
148.822 2.1069999999999998 -0.49705905524052457
172.207 2.625 -0.492085687786661
179.923 2.31 -0.4775185099887043
217.416 2.314 -0.4949928011912735
227.935 1.895 -0.47787335098974876
234.152 1.4780000000000002 -0.4076552379412113
267.645 1.6869999999999998 -0.4396211396956231
295.736 1.895 -0.4777556803313805
301.762 1.2689999999999997 -0.44077242245453657
308.587 0.6439999999999997 -0.47799040877459625
324.55699999999996 1.3739999999999997 -0.48698100526124205
332.407 2.624 -0.49179186843858197
358.71599999999995 2.416 -0.46389259092162755
366.11 2.623 -0.49702707306218186
371.488 3.146 -0.464454675832788
383.59999999999997 2.832 -0.495093789348843
413.96500000000003 1.2680000000000002 -0.4982096461545827
435.99800000000005 2.935 -0.4428529768540493
442.30600000000004 2.727 -0.47842687677769724
