34.214 1.8210000000000002 -0.40663869000953123
47.985 2.75 -0.4981825427884193
61.498000000000005 2.3369999999999997 -0.47772912493005676
73.88799999999999 2.647 -0.4081088724228727
113.811 2.026 -0.4865002544748291
122.01700000000001 1.2039999999999997 -0.4437234647570222
127.76500000000001 2.957 -0.47808071426651416
133.067 3.057 -0.4993549990239228
138.67899999999997 2.645 -0.4399281359752767
153.113 1.513 -0.46336504511048826
159.676 2.852 -0.4993514911102519
168.081 2.649 -0.4917475936485944
174.59499999999997 2.336 -0.4420365214654426
191.30300000000003 2.131 -0.46412312935798217
200.514 1.823 -0.49709069462193217
205.761 3.16 -0.4989223259899349
223.76799999999997 2.955 -0.4402336733465751
233.891 2.133 -0.4410739326980442
239.391 2.234 -0.4866992492619616
247.975 2.752 -0.48655612440133084
258.295 2.134 -0.47727886691484334
263.679 2.851 -0.4951725997275517
280.391 2.542 -0.40845906909032437
286.815 1.7189999999999999 -0.4102474650028756
308.284 2.338 -0.49514647013960933
314.38800000000003 2.234 -0.4949657050722052
329.481 2.543 -0.46278639368835633
338.5 1.9260000000000002 -0.46431027905920874
347.785 2.543 -0.44084038219563243
353.76800000000003 3.161 -0.4950732240367836
360.385 2.645 -0.4785410734724497
366.496 2.235 -0.49519858678313716
378.43300000000005 1.0 -0.4950197548396452
400.08000000000004 2.543 -0.49701458629028317
417.47700000000003 2.647 -0.44226563974748573
429.808 1.717 -0.4067419338091158
443.00100000000003 2.0269999999999997 -0.4918260193193011
