33.177 2.543 -0.463745993695062
52.793 2.131 -0.4996098194079844
67.089 2.336 -0.498192357363418
71.76899999999999 3.058 -0.4779641251461687
83.27599999999998 2.852 -0.4411415677516778
101.184 2.647 -0.4071995944440426
134.86100000000002 3.16 -0.496982120981722
143.86800000000002 3.057 -0.4919135018910761
170.599 2.128 -0.49187971137143344
194.19599999999997 2.235 -0.49699839766835113
198.97 3.262 -0.4776374037883286
213.89 2.645 -0.4631731301492965
251.17700000000002 2.647 -0.4982384926095229
257.36899999999997 3.057 -0.4982193139252143
265.467 3.16 -0.44314453575078355
275.574 2.955 -0.4419698531310692
292.005 1.927 -0.46351312361123975
312.181 2.955 -0.4783120894195475
327.19000000000005 2.234 -0.4917030820491938
346.986 2.439 -0.4648247066161864
367.18 2.749 -0.4639350366935681
372.883 2.646 -0.49165833202049286
378.171 3.159 -0.46464015789367186
392.362 3.471 -0.49707491709449614
405.992 2.543 -0.4417396314443353
415.393 2.233 -0.4781967031306303
422.483 2.542 -0.48677024782885814
427.26 3.2649999999999997 -0.4950672368383855
435.971 2.955 -0.4093572382826678
