10.790000000000001 2.8369999999999997 -0.4999999732472922
25.376 3.252 -0.4996491852339135
30.785 3.044 -0.4999999870426385
39.401 2.629 -0.4997785421806807
44.489 3.043 -0.4999996895379898
57.989000000000004 3.044 -0.4999999386479246
62.888999999999996 3.146 -0.5000000003916173
68.69300000000001 2.942 -0.4997837522082187
91.40499999999999 2.423 -0.4999810634984828
96.16999999999999 3.3579999999999997 -0.49999929721561265
102.16199999999999 3.566 -0.49999999698818803
139.296 2.7350000000000003 -0.49999929092394974
144.57999999999998 3.252 -0.4999999735573724
159.031 2.004 -0.49977959460155835
174.973 3.356 -0.499999939240538
191.788 2.941 -0.4998471321067639
208.01500000000001 2.315 -0.4994990323386707
216.689 2.941 -0.49995796055255887
224.082 3.148 -0.49990350704636644
251.895 2.939 -0.4999963351137412
267.48199999999997 3.148 -0.49993275537281245
276.99899999999997 2.732 -0.4999025842286718
283.745 1.4860000000000002 -0.49978272052462147
301.51300000000003 2.419 -0.4995014110949142
313.277 3.254 -0.499999997655043
352.706 2.529 -0.4997816846752165
357.972 3.46 -0.49999986552409137
362.967 3.565 -0.5000000000416702
377.581 3.251 -0.4999053273531861
385.28399999999993 3.148 -0.49965085041000207
405.701 2.732 -0.49999630198409395
413.497 2.836 -0.5000000005094398
423.41600000000005 2.217 -0.4999815084364407
429.886 3.147 -0.4997847793927011
435.285 3.149 -0.4999048754996147
441.885 3.149 -0.4999039647228375
