4.033 4 1
12.933 4 1
21.133000000000006 4 1
27.333000000000002 4 1
33.133 4 1
38.334 4 1
47.636 4 1
57.333 4 1
66.234 4 1
71.434 4 1
80.334 4 1
86.03399999999998 4 1
94.834 4 1
102.934 4 1
108.634 4 1
114.734 4 1
122.334 4 1
130.135 4 1
135.735 4 1
144.736 4 1
150.137 4 1
156.835 4 1
163.735 4 1
168.735 4 1
174.625 4 1
179.735 4 1
185.827 4 1
192.428 4 1
198.229 4 1
205.83 4 1
212.03099999999998 4 1
218.033 4 1
225.83599999999998 4 1
233.736 4 1
238.71900000000002 4 1
244.22 4 1
250.822 4 1
256.422 4 1
262.124 4 1
269.625 4 1
278.726 4 1
284.2270000000001 4 1
291.629 4 1
301.23 4 1
306.731 4 1
316.633 4 1
324.034 4 1
332.421 4 1
339.82099999999997 4 1
349.12199999999996 4 1
357.12300000000016 4 1
362.524 4 1
369.026 4 1
374.227 4 1
380.42800000000005 4 1
386.029 4 1
391.53 4 1
398.531 4 1
403.63199999999995 4 1
412.733 4 1
420.335 4 1
426.42199999999997 4 1
433.32199999999995 4 1
