4.051 4 1
10.734000000000002 4 1
19.636 4 1
28.734 4 1
34.834 4 1
41.033 4 1
50.934 4 1
59.733999999999995 4 1
66.734 4 1
75.134 4 1
82.734 4 1
90.235 4 1
95.734 4 1
103.135 4 1
109.735 4 1
117.536 4 1
123.537 4 1
130.935 4 1
137.835 4 1
147.535 4 1
153.735 4 1
163.336 4 1
168.93599999999995 4 1
174.03599999999997 4 1
179.736 4 1
187.43599999999998 4 1
192.93599999999998 4 1
198.136 4 1
203.53599999999997 4 1
208.736 4 1
213.92 4 1
219.821 4 1
225.422 4 1
231.123 4 1
238.72400000000002 4 1
247.726 4 1
253.827 4 1
259.228 4 1
266.829 4 1
275.031 4 1
282.832 4 1
287.83299999999997 4 1
293.534 4 1
302.638 4 1
308.121 4 1
317.022 4 1
322.522 4 1
330.4240000000001 4 1
336.025 4 1
344.126 4 1
350.727 4 1
360.029 4 1
368.931 4 1
375.032 4 1
380.032 4 1
386.23400000000004 4 1
391.335 4 1
397.836 4 1
405.223 4 1
412.12300000000016 4 1
417.92199999999997 4 1
427.224 4 1
435.226 4 1
441.027 4 1
