4.048 4 1
12.13 4 1
17.230999999999998 4 1
23.73 4 1
29.53 4 1
36.23 4 1
41.631 4 1
50.53100000000001 4 1
56.03100000000001 4 1
63.631 4 1
71.031 4 1
76.132 4 1
84.03299999999999 4 1
93.135 4 1
99.336 4 1
106.331 4 1
112.932 4 1
120.33200000000001 4 1
127.932 4 1
137.032 4 1
142.232 4 1
151.232 4 1
159.43200000000004 4 1
164.93200000000004 4 1
170.13299999999995 4 1
175.533 4 1
181.233 4 1
190.135 4 1
195.636 4 1
201.733 4 1
206.733 4 1
212.433 4 1
219.033 4 1
225.933 4 1
235.63299999999998 4 1
240.833 4 1
247.03400000000002 4 1
255.93400000000003 4 1
263.73400000000004 4 1
269.934 4 1
275.73400000000004 4 1
285.035 4 1
291.13599999999997 4 1
300.7340000000001 4 1
306.634 4 1
314.235 4 1
320.235 4 1
328.635 4 1
334.135 4 1
341.635 4 1
346.635 4 1
354.335 4 1
363.635 4 1
369.235 4 1
376.63599999999997 4 1
382.236 4 1
391.037 4 1
400.939 4 1
406.63599999999997 4 1
414.624 4 1
420.225 4 1
428.027 4 1
434.93 4 1
441.029 4 1
