4.043 4 1
12.935 4 1
21.135 4 1
27.335 4 1
33.135 4 1
38.335 4 1
47.635 4 1
57.33600000000001 4 1
66.236 4 1
71.437 4 1
80.339 4 1
86.023 4 1
94.825 4 1
102.927 4 1
108.62700000000001 4 1
114.728 4 1
122.329 4 1
130.131 4 1
135.732 4 1
144.733 4 1
150.137 4 1
156.83700000000005 4 1
163.721 4 1
168.72099999999998 4 1
174.622 4 1
179.72299999999996 4 1
185.824 4 1
192.425 4 1
198.226 4 1
205.827 4 1
212.02900000000002 4 1
218.03 4 1
225.831 4 1
233.732 4 1
238.733 4 1
244.234 4 1
250.835 4 1
256.422 4 1
262.122 4 1
269.622 4 1
278.724 4 1
284.224 4 1
291.626 4 1
301.228 4 1
306.7290000000001 4 1
316.63 4 1
324.032 4 1
332.43300000000005 4 1
339.834 4 1
349.13599999999997 4 1
357.12300000000016 4 1
362.523 4 1
369.024 4 1
374.224 4 1
380.425 4 1
386.026 4 1
391.527 4 1
398.528 4 1
403.629 4 1
412.73 4 1
420.332 4 1
426.43300000000005 4 1
433.334 4 1
441.035 4 1
