4.066 4 1
9.031 4 1
14.632 4 1
20.132 4 1
25.531999999999996 4 1
31.232 4 1
37.033 4 1
46.13399999999999 4 1
51.235 4 1
58.132 4 1
67.432 4 1
77.133 4 1
82.93299999999998 4 1
90.53299999999999 4 1
97.93299999999999 4 1
104.53299999999999 4 1
110.73299999999999 4 1
117.633 4 1
126.03299999999999 4 1
133.534 4 1
138.634 4 1
147.435 4 1
153.537 4 1
163.434 4 1
171.63400000000001 4 1
177.234 4 1
183.93400000000003 4 1
191.93400000000003 4 1
197.334 4 1
205.135 4 1
213.234 4 1
219.335 4 1
225.935 4 1
235.035 4 1
240.935 4 1
247.937 4 1
252.937 4 1
258.939 4 1
267.936 4 1
274.436 4 1
283.335 4 1
291.236 4 1
298.63599999999997 4 1
308.236 4 1
315.832 4 1
323.433 4 1
328.63599999999997 4 1
334.736 4 1
342.12 4 1
347.82099999999997 4 1
353.022 4 1
359.223 4 1
364.42400000000004 4 1
369.925 4 1
375.526 4 1
381.027 4 1
389.931 4 1
396.129 4 1
401.83 4 1
411.13199999999995 4 1
420.034 4 1
427.835 4 1
433.338 4 1
441.022 4 1
