4.043 4 1
13.335999999999999 4 1
20.736 4 1
26.336 4 1
35.436 4 1
42.136 4 1
47.833 4 1
54.036 4 1
61.636 4 1
69.72 4 1
77.221 4 1
84.22200000000002 4 1
92.024 4 1
98.025 4 1
103.82600000000001 4 1
108.82700000000001 4 1
117.62799999999999 4 1
125.83 4 1
134.731 4 1
140.232 4 1
147.834 4 1
157.738 4 1
163.121 4 1
170.021 4 1
176.222 4 1
181.925 4 1
187.824 4 1
193.025 4 1
199.12599999999998 4 1
207.127 4 1
213.22799999999998 4 1
220.93 4 1
226.53099999999998 4 1
233.132 4 1
239.233 4 1
248.335 4 1
253.43599999999998 4 1
260.02299999999997 4 1
265.02299999999997 4 1
270.52299999999997 4 1
277.02299999999997 4 1
283.9240000000001 4 1
289.425 4 1
298.327 4 1
307.628 4 1
316.53 4 1
321.731 4 1
331.43199999999996 4 1
338.834 4 1
344.035 4 1
351.624 4 1
360.624 4 1
366.42400000000004 4 1
371.524 4 1
377.024 4 1
386.626 4 1
394.527 4 1
399.92800000000005 4 1
405.529 4 1
411.23 4 1
418.631 4 1
426.43300000000005 4 1
432.634 4 1
441.035 4 1
