4.051 4 1
9.433 4 1
16.433 4 1
25.535 4 1
32.233000000000004 4 1
39.633 4 1
44.833 4 1
50.333 4 1
59.233000000000004 4 1
65.734 4 1
71.834 4 1
77.03399999999998 4 1
82.53399999999998 4 1
88.03399999999998 4 1
94.234 4 1
102.634 4 1
110.734 4 1
116.434 4 1
125.736 4 1
132.33700000000002 4 1
139.235 4 1
146.135 4 1
152.135 4 1
157.235 4 1
163.135 4 1
168.635 4 1
173.635 4 1
181.135 4 1
189.335 4 1
198.636 4 1
206.236 4 1
212.03599999999997 4 1
219.93599999999998 4 1
225.137 4 1
230.738 4 1
239.523 4 1
244.924 4 1
253.925 4 1
259.526 4 1
267.528 4 1
273.72900000000004 4 1
279.53 4 1
287.131 4 1
292.232 4 1
297.936 4 1
304.034 4 1
309.0370000000001 4 1
314.737 4 1
320.82099999999997 4 1
329.92199999999997 4 1
336.523 4 1
345.42400000000015 4 1
351.626 4 1
357.227 4 1
365.028 4 1
373.93 4 1
383.531 4 1
391.13300000000004 4 1
398.534 4 1
408.436 4 1
415.82199999999995 4 1
423.62199999999996 4 1
433.32300000000004 4 1
441.025 4 1
