4.0489999999999995 4 1
12.232000000000001 4 1
18.433 4 1
23.434 4 1
28.935 4 1
33.93 4 1
40.029 4 1
46.629 4 1
52.129 4 1
61.229 4 1
66.931 4 1
73.529 4 1
81.429 4 1
87.12899999999998 4 1
94.03 4 1
99.531 4 1
106.03200000000001 4 1
114.134 4 1
123.035 4 1
130.63 4 1
136.43 4 1
141.83 4 1
151.131 4 1
156.53 4 1
162.43 4 1
169.83 4 1
176.53 4 1
184.53099999999998 4 1
193.43099999999998 4 1
201.232 4 1
207.333 4 1
213.334 4 1
218.835 4 1
227.63099999999997 4 1
232.831 4 1
241.93400000000003 4 1
249.532 4 1
258.532 4 1
264.132 4 1
269.832 4 1
275.032 4 1
281.933 4 1
290.832 4 1
300.733 4 1
310.335 4 1
317.736 4 1
322.83299999999997 4 1
328.6330000000001 4 1
336.333 4 1
342.533 4 1
347.733 4 1
355.13300000000015 4 1
362.733 4 1
370.233 4 1
379.534 4 1
387.334 4 1
393.534 4 1
400.534 4 1
406.135 4 1
412.236 4 1
420.63699999999994 4 1
426.23400000000004 4 1
431.334 4 1
441.035 4 1
