4.052 4 1
9.533 4 1
17.133 4 1
23.634 4 1
29.135 4 1
35.333 4 1
40.933 4 1
46.934 4 1
54.934 4 1
61.133 4 1
68.634 4 1
75.334 4 1
80.53399999999998 4 1
85.634 4 1
91.53399999999999 4 1
96.634 4 1
104.834 4 1
110.53399999999999 4 1
117.935 4 1
122.935 4 1
129.036 4 1
134.537 4 1
141.135 4 1
150.235 4 1
159.335 4 1
168.235 4 1
178.135 4 1
185.535 4 1
193.335 4 1
202.236 4 1
207.636 4 1
215.43599999999998 4 1
226.42 4 1
234.321 4 1
243.923 4 1
251.324 4 1
259.025 4 1
268.72700000000003 4 1
277.129 4 1
285.23 4 1
290.83099999999996 4 1
299.733 4 1
305.834 4 1
314.637 4 1
320.421 4 1
328.02099999999996 4 1
333.42199999999997 4 1
342.4240000000001 4 1
347.42400000000015 4 1
356.726 4 1
366.028 4 1
372.92900000000003 4 1
379.13 4 1
384.731 4 1
390.43199999999996 4 1
396.533 4 1
403.134 4 1
408.835 4 1
415.82199999999995 4 1
423.42199999999997 4 1
428.62199999999996 4 1
434.12300000000016 4 1
441.024 4 1
