4.045 4 1
9.629 4 1
19.331 4 1
28.932 4 1
38.034 4 1
43.235 4 1
50.724 4 1
57.724 4 1
63.924 4 1
70.524 4 1
75.925 4 1
83.925 4 1
89.926 4 1
95.12700000000001 4 1
104.12899999999999 4 1
110.83 4 1
117.331 4 1
122.33200000000001 4 1
131.634 4 1
137.235 4 1
142.925 4 1
150.626 4 1
156.126 4 1
161.826 4 1
169.62599999999995 4 1
175.726 4 1
183.326 4 1
191.42700000000002 4 1
200.229 4 1
206.13 4 1
215.032 4 1
221.233 4 1
226.734 4 1
234.935 4 1
242.52700000000002 4 1
252.42700000000002 4 1
259.827 4 1
264.927 4 1
270.427 4 1
275.628 4 1
280.728 4 1
289.828 4 1
297.2290000000001 4 1
305.031 4 1
310.832 4 1
316.33299999999997 4 1
321.334 4 1
328.235 4 1
337.1280000000001 4 1
345.528 4 1
352.129 4 1
359.529 4 1
365.629 4 1
371.829 4 1
377.92900000000003 4 1
386.829 4 1
394.73 4 1
400.531 4 1
406.23199999999997 4 1
411.833 4 1
421.135 4 1
428.03 4 1
433.43 4 1
441.03 4 1
