4.043 4 1
10.227 4 1
18.628 4 1
26.63 4 1
32.431 4 1
38.132 4 1
45.133 4 1
53.034 4 1
60.42100000000001 4 1
69.321 4 1
76.822 4 1
81.82300000000002 4 1
88.524 4 1
97.625 4 1
103.82600000000001 4 1
112.728 4 1
122.03 4 1
127.531 4 1
136.532 4 1
144.334 4 1
154.222 4 1
159.922 4 1
167.52200000000005 4 1
174.422 4 1
183.324 4 1
193.025 4 1
198.426 4 1
204.02700000000002 4 1
209.428 4 1
217.03 4 1
222.53099999999998 4 1
228.732 4 1
236.833 4 1
244.234 4 1
250.82299999999998 4 1
255.924 4 1
264.724 4 1
269.92400000000004 4 1
278.124 4 1
284.025 4 1
289.626 4 1
298.7270000000001 4 1
303.928 4 1
311.63 4 1
316.83099999999996 4 1
322.932 4 1
329.533 4 1
335.334 4 1
340.335 4 1
345.425 4 1
354.725 4 1
360.225 4 1
367.825 4 1
377.425 4 1
383.526 4 1
389.62699999999995 4 1
395.32800000000003 4 1
402.22900000000004 4 1
407.83 4 1
413.33099999999996 4 1
419.332 4 1
425.833 4 1
433.635 4 1
441.026 4 1
