4.042 4 1
9.726 4 1
15.927 4 1
21.128 4 1
26.229 4 1
34.33 4 1
39.830999999999996 4 1
48.933 4 1
55.534 4 1
61.335 4 1
66.923 4 1
73.123 4 1
80.82300000000002 4 1
87.723 4 1
92.92399999999999 4 1
98.625 4 1
104.82600000000001 4 1
113.728 4 1
119.728 4 1
127.33 4 1
133.431 4 1
139.532 4 1
146.033 4 1
151.434 4 1
156.635 4 1
164.22400000000005 4 1
169.62400000000005 4 1
174.725 4 1
180.225 4 1
185.725 4 1
190.725 4 1
197.726 4 1
207.02700000000002 4 1
212.528 4 1
221.329 4 1
228.03099999999998 4 1
235.532 4 1
243.433 4 1
253.035 4 1
262.32599999999996 4 1
271.226 4 1
277.026 4 1
286.726 4 1
294.32599999999996 4 1
301.7270000000001 4 1
311.629 4 1
317.53 4 1
325.33099999999996 4 1
334.233 4 1
341.134 4 1
347.735 4 1
355.727 4 1
364.827 4 1
373.027 4 1
378.62800000000004 4 1
383.62800000000004 4 1
389.228 4 1
398.228 4 1
405.629 4 1
414.03 4 1
419.731 4 1
427.533 4 1
434.934 4 1
441.035 4 1
