4.052 4 1
12.232000000000001 4 1
21.831999999999997 4 1
27.433000000000003 4 1
35.335 4 1
41.536 4 1
46.733000000000004 4 1
52.233000000000004 4 1
57.833 4 1
66.933 4 1
75.333 4 1
81.93299999999998 4 1
88.833 4 1
94.53299999999999 4 1
100.133 4 1
107.03299999999999 4 1
114.03399999999999 4 1
119.834 4 1
126.03399999999999 4 1
133.835 4 1
139.336 4 1
144.737 4 1
150.434 4 1
158.034 4 1
165.734 4 1
173.13400000000001 4 1
182.035 4 1
191.735 4 1
196.93400000000003 4 1
204.734 4 1
214.635 4 1
222.035 4 1
228.635 4 1
233.83599999999998 4 1
239.937 4 1
246.639 4 1
252.635 4 1
258.336 4 1
267.135 4 1
272.635 4 1
278.435 4 1
285.936 4 1
294.836 4 1
299.931 4 1
309.032 4 1
317.036 4 1
324.637 4 1
330.72 4 1
338.32099999999997 4 1
347.32300000000015 4 1
356.624 4 1
362.726 4 1
370.12699999999995 4 1
379.42900000000003 4 1
385.63 4 1
390.631 4 1
395.731 4 1
401.23199999999997 4 1
407.733 4 1
415.835 4 1
421.73699999999997 4 1
426.721 4 1
432.12199999999996 4 1
441.022 4 1
