4.038 4 1
9.629 4 1
15.53 4 1
21.631 4 1
28.631999999999998 4 1
36.333 4 1
44.735 4 1
52.121 4 1
62.021 4 1
67.422 4 1
73.923 4 1
80.124 4 1
89.02600000000002 4 1
94.62700000000001 4 1
100.428 4 1
105.929 4 1
111.03 4 1
119.831 4 1
128.833 4 1
136.634 4 1
144.72299999999996 4 1
150.923 4 1
156.423 4 1
165.72299999999996 4 1
175.024 4 1
184.12599999999998 4 1
193.227 4 1
198.22799999999998 4 1
203.429 4 1
208.53 4 1
215.13099999999997 4 1
220.832 4 1
230.53400000000002 4 1
235.535 4 1
242.424 4 1
249.324 4 1
254.824 4 1
263.724 4 1
271.324 4 1
277.525 4 1
285.027 4 1
290.728 4 1
298.329 4 1
304.13 4 1
311.532 4 1
321.133 4 1
328.935 4 1
336.925 4 1
342.626 4 1
348.725 4 1
354.226 4 1
362.126 4 1
367.526 4 1
374.126 4 1
379.327 4 1
386.92800000000005 4 1
393.629 4 1
399.63 4 1
408.532 4 1
414.63300000000004 4 1
422.034 4 1
427.235 4 1
435.42699999999996 4 1
441.027 4 1
