4.042 4 1
13.325999999999999 4 1
18.827 4 1
26.429000000000002 4 1
31.529 4 1
39.431 4 1
47.832 4 1
55.233999999999995 4 1
60.935 4 1
65.92399999999999 4 1
71.824 4 1
80.824 4 1
86.324 4 1
95.22399999999999 4 1
100.325 4 1
108.126 4 1
113.727 4 1
119.428 4 1
126.33 4 1
134.031 4 1
141.032 4 1
147.63299999999995 4 1
153.034 4 1
160.625 4 1
178.02599999999995 4 1
183.826 4 1
189.926 4 1
199.02599999999998 4 1
204.227 4 1
209.72799999999998 4 1
216.62900000000002 4 1
225.93 4 1
230.93099999999998 4 1
237.132 4 1
243.233 4 1
248.43400000000003 4 1
254.926 4 1
261.627 4 1
266.827 4 1
275.72700000000003 4 1
285.327 4 1
290.927 4 1
296.527 4 1
304.327 4 1
311.7290000000001 4 1
317.73 4 1
323.931 4 1
332.13199999999995 4 1
341.2340000000001 4 1
346.935 4 1
352.32800000000015 4 1
358.12800000000016 4 1
364.728 4 1
370.92800000000005 4 1
378.32800000000003 4 1
383.82800000000003 4 1
391.42900000000003 4 1
400.329 4 1
406.42900000000003 4 1
416.13 4 1
424.13199999999995 4 1
432.93300000000005 4 1
441.035 4 1
