4.048 4 1
10.231 4 1
16.730999999999998 4 1
23.631 4 1
32.431999999999995 4 1
37.933 4 1
45.534 4 1
54.535 4 1
61.931000000000004 4 1
67.631 4 1
72.631 4 1
81.931 4 1
87.132 4 1
94.83200000000001 4 1
100.83200000000001 4 1
107.73200000000001 4 1
112.73200000000001 4 1
121.632 4 1
128.232 4 1
133.733 4 1
139.934 4 1
145.835 4 1
151.336 4 1
157.13299999999995 4 1
166.033 4 1
172.13299999999995 4 1
180.533 4 1
187.533 4 1
192.933 4 1
201.033 4 1
207.233 4 1
216.334 4 1
224.234 4 1
234.13400000000001 4 1
242.335 4 1
252.037 4 1
257.434 4 1
266.335 4 1
273.73400000000004 4 1
285.335 4 1
291.435 4 1
296.535 4 1
302.235 4 1
309.635 4 1
315.235 4 1
322.835 4 1
328.535 4 1
336.035 4 1
341.236 4 1
348.837 4 1
356.839 4 1
364.63599999999997 4 1
371.336 4 1
376.436 4 1
382.236 4 1
388.82800000000003 4 1
396.629 4 1
405.93300000000005 4 1
411.531 4 1
416.73199999999997 4 1
422.333 4 1
431.93699999999995 4 1
441.02099999999996 4 1
