4.048 4 1
12.231 4 1
21.131 4 1
28.031 4 1
33.232 4 1
38.332 4 1
43.733999999999995 4 1
51.235 4 1
61.131 4 1
70.232 4 1
77.632 4 1
87.33200000000002 4 1
93.03200000000001 4 1
100.632 4 1
106.73200000000001 4 1
112.33200000000001 4 1
119.73200000000001 4 1
128.833 4 1
134.533 4 1
140.034 4 1
145.535 4 1
151.736 4 1
159.63299999999995 4 1
164.733 4 1
170.233 4 1
179.833 4 1
188.733 4 1
194.43400000000003 4 1
200.63400000000001 4 1
206.734 4 1
213.234 4 1
219.834 4 1
225.03400000000002 4 1
231.734 4 1
237.234 4 1
243.035 4 1
250.637 4 1
259.936 4 1
265.135 4 1
270.735 4 1
276.735 4 1
282.335 4 1
289.935 4 1
296.035 4 1
302.235 4 1
311.035 4 1
320.035 4 1
325.836 4 1
333.63599999999997 4 1
342.939 4 1
350.93800000000016 4 1
355.92199999999997 4 1
361.836 4 1
370.724 4 1
377.726 4 1
386.12699999999995 4 1
393.529 4 1
406.231 4 1
412.832 4 1
419.733 4 1
427.537 4 1
435.63699999999994 4 1
441.02099999999996 4 1
