4.053 4 1
10.135 4 1
16.636 4 1
21.737 4 1
27.138 4 1
32.936 4 1
40.336 4 1
45.93600000000001 4 1
51.33600000000001 4 1
57.036 4 1
65.828 4 1
70.829 4 1
79.73 4 1
87.432 4 1
96.53299999999999 4 1
103.43700000000001 4 1
108.637 4 1
115.32 4 1
122.921 4 1
129.923 4 1
137.924 4 1
144.525 4 1
150.226 4 1
158.328 4 1
167.229 4 1
175.43099999999995 4 1
181.43200000000002 4 1
189.833 4 1
195.93400000000003 4 1
201.435 4 1
206.622 4 1
215.622 4 1
223.22299999999998 4 1
230.62400000000002 4 1
236.725 4 1
242.62599999999998 4 1
252.528 4 1
258.72900000000004 4 1
267.63 4 1
277.232 4 1
285.133 4 1
290.634 4 1
296.835 4 1
306.123 4 1
311.923 4 1
319.723 4 1
325.324 4 1
330.824 4 1
338.426 4 1
345.327 4 1
350.82800000000015 4 1
356.029 4 1
362.63 4 1
370.032 4 1
379.733 4 1
387.23400000000004 4 1
392.935 4 1
399.124 4 1
408.42400000000004 4 1
417.525 4 1
425.325 4 1
430.425 4 1
435.426 4 1
441.027 4 1
