4.048 4 1
9.532 4 1
17.133 4 1
23.634 4 1
29.135 4 1
35.327 4 1
40.927 4 1
46.927 4 1
54.928000000000004 4 1
61.128 4 1
68.628 4 1
75.328 4 1
80.528 4 1
85.62799999999999 4 1
91.529 4 1
96.63 4 1
104.83200000000001 4 1
110.53299999999999 4 1
117.934 4 1
122.935 4 1
129.036 4 1
134.529 4 1
141.129 4 1
150.22899999999996 4 1
159.329 4 1
168.229 4 1
178.12900000000005 4 1
185.53 4 1
193.331 4 1
202.232 4 1
207.63299999999998 4 1
215.43400000000003 4 1
220.635 4 1
226.43 4 1
234.33 4 1
243.93099999999998 4 1
251.331 4 1
259.03 4 1
268.731 4 1
277.131 4 1
285.231 4 1
290.83099999999996 4 1
299.733 4 1
305.834 4 1
314.635 4 1
320.432 4 1
328.032 4 1
333.43199999999996 4 1
342.43199999999996 4 1
347.43199999999996 4 1
356.73199999999997 4 1
366.032 4 1
372.934 4 1
379.13199999999995 4 1
384.733 4 1
390.43300000000005 4 1
396.533 4 1
403.134 4 1
408.835 4 1
415.833 4 1
423.43300000000005 4 1
428.63300000000004 4 1
434.13300000000004 4 1
441.033 4 1
