4.047 4 1
11.931 4 1
18.132 4 1
26.533 4 1
33.435 4 1
42.33600000000001 4 1
51.431000000000004 4 1
60.73 4 1
68.431 4 1
73.933 4 1
81.73100000000002 4 1
86.932 4 1
94.331 4 1
99.331 4 1
108.131 4 1
113.632 4 1
123.53399999999999 4 1
130.235 4 1
138.032 4 1
146.934 4 1
152.032 4 1
160.032 4 1
166.532 4 1
174.132 4 1
179.132 4 1
185.332 4 1
190.93400000000003 4 1
197.033 4 1
204.63299999999998 4 1
209.833 4 1
216.433 4 1
223.834 4 1
231.43599999999998 4 1
237.233 4 1
242.63299999999998 4 1
248.13299999999998 4 1
254.334 4 1
261.23400000000004 4 1
267.134 4 1
273.23400000000004 4 1
278.334 4 1
285.834 4 1
295.135 4 1
303.2340000000001 4 1
308.936 4 1
314.334 4 1
322.535 4 1
328.036 4 1
334.037 4 1
343.635 4 1
349.735 4 1
357.135 4 1
362.835 4 1
371.835 4 1
377.035 4 1
384.035 4 1
389.635 4 1
395.236 4 1
401.835 4 1
407.63599999999997 4 1
417.336 4 1
423.036 4 1
431.921 4 1
441.023 4 1
