4.055 4 1
11.436 4 1
18.328 4 1
27.229 4 1
33.429 4 1
41.028999999999996 4 1
47.629 4 1
57.32899999999999 4 1
62.82899999999999 4 1
68.329 4 1
73.531 4 1
80.932 4 1
87.833 4 1
97.134 4 1
104.936 4 1
113.83 4 1
119.33 4 1
126.93 4 1
134.83100000000002 4 1
140.93 4 1
149.131 4 1
156.931 4 1
162.13 4 1
167.231 4 1
172.831 4 1
181.733 4 1
187.13400000000001 4 1
194.535 4 1
200.33599999999998 4 1
206.831 4 1
215.832 4 1
223.532 4 1
228.532 4 1
234.032 4 1
243.331 4 1
249.532 4 1
255.232 4 1
261.332 4 1
269.433 4 1
277.83299999999997 4 1
284.434 4 1
289.535 4 1
298.632 4 1
304.33299999999997 4 1
310.433 4 1
317.933 4 1
322.933 4 1
328.333 4 1
338.2340000000001 4 1
344.233 4 1
350.934 4 1
358.934 4 1
365.134 4 1
370.934 4 1
378.534 4 1
384.435 4 1
394.037 4 1
399.23400000000004 4 1
404.934 4 1
413.73400000000004 4 1
419.335 4 1
424.935 4 1
434.034 4 1
441.035 4 1
4.055 4 1
11.436 4 1
18.328 4 1
27.229 4 1
33.429 4 1
41.028999999999996 4 1
47.629 4 1
57.32899999999999 4 1
62.82899999999999 4 1
68.329 4 1
73.531 4 1
80.932 4 1
87.833 4 1
97.134 4 1
104.936 4 1
113.83 4 1
119.33 4 1
126.93 4 1
134.83100000000002 4 1
140.93 4 1
149.131 4 1
156.931 4 1
162.13 4 1
167.231 4 1
172.831 4 1
181.733 4 1
187.13400000000001 4 1
194.535 4 1
200.33599999999998 4 1
206.831 4 1
215.832 4 1
223.532 4 1
228.532 4 1
234.032 4 1
243.331 4 1
249.532 4 1
255.232 4 1
261.332 4 1
269.433 4 1
277.83299999999997 4 1
284.434 4 1
289.535 4 1
298.632 4 1
304.33299999999997 4 1
310.433 4 1
317.933 4 1
322.933 4 1
328.333 4 1
338.2340000000001 4 1
344.233 4 1
350.934 4 1
358.934 4 1
365.134 4 1
370.934 4 1
378.534 4 1
384.435 4 1
394.037 4 1
399.23400000000004 4 1
404.934 4 1
413.73400000000004 4 1
419.335 4 1
424.935 4 1
434.034 4 1
441.035 4 1
4.055 4 1
11.436 4 1
18.328 4 1
27.229 4 1
33.429 4 1
41.028999999999996 4 1
47.629 4 1
57.32899999999999 4 1
62.82899999999999 4 1
68.329 4 1
73.531 4 1
80.932 4 1
87.833 4 1
97.134 4 1
104.936 4 1
113.83 4 1
119.33 4 1
126.93 4 1
134.83100000000002 4 1
140.93 4 1
149.131 4 1
156.931 4 1
162.13 4 1
167.231 4 1
172.831 4 1
181.733 4 1
187.13400000000001 4 1
194.535 4 1
200.33599999999998 4 1
206.831 4 1
215.832 4 1
223.532 4 1
228.532 4 1
234.032 4 1
243.331 4 1
249.532 4 1
255.232 4 1
261.332 4 1
269.433 4 1
277.83299999999997 4 1
284.434 4 1
289.535 4 1
298.632 4 1
304.33299999999997 4 1
310.433 4 1
317.933 4 1
322.933 4 1
328.333 4 1
338.2340000000001 4 1
344.233 4 1
350.934 4 1
358.934 4 1
365.134 4 1
370.934 4 1
378.534 4 1
384.435 4 1
394.037 4 1
399.23400000000004 4 1
404.934 4 1
413.73400000000004 4 1
419.335 4 1
424.935 4 1
434.034 4 1
441.035 4 1
