4.045 4 1
10.228 4 1
16.828 4 1
22.028000000000002 4 1
27.82800000000001 4 1
35.42800000000001 4 1
44.33 4 1
50.833 4 1
56.532 4 1
62.633 4 1
68.134 4 1
74.229 4 1
79.62899999999998 4 1
88.729 4 1
96.329 4 1
102.229 4 1
107.229 4 1
113.43 4 1
118.53 4 1
124.13 4 1
129.83 4 1
139.53 4 1
147.43200000000004 4 1
156.333 4 1
161.334 4 1
170.23 4 1
177.13 4 1
187.03 4 1
192.231 4 1
198.231 4 1
204.93099999999998 4 1
212.731 4 1
220.331 4 1
225.831 4 1
231.53099999999998 4 1
237.03099999999998 4 1
242.53099999999998 4 1
247.732 4 1
256.534 4 1
263.935 4 1
269.532 4 1
278.532 4 1
286.332 4 1
291.932 4 1
301.232 4 1
306.632 4 1
315.932 4 1
322.033 4 1
329.43199999999996 4 1
336.333 4 1
342.1330000000001 4 1
350.534 4 1
358.635 4 1
366.13300000000004 4 1
371.233 4 1
379.43300000000005 4 1
386.43300000000005 4 1
392.63300000000004 4 1
400.034 4 1
406.634 4 1
415.73400000000004 4 1
423.434 4 1
433.034 4 1
441.034 4 1
4.045 4 1
10.228 4 1
16.828 4 1
22.028000000000002 4 1
27.82800000000001 4 1
35.42800000000001 4 1
44.33 4 1
50.833 4 1
56.532 4 1
62.633 4 1
68.134 4 1
74.229 4 1
79.62899999999998 4 1
88.729 4 1
96.329 4 1
102.229 4 1
107.229 4 1
113.43 4 1
118.53 4 1
124.13 4 1
129.83 4 1
139.53 4 1
147.43200000000004 4 1
156.333 4 1
161.334 4 1
170.23 4 1
177.13 4 1
187.03 4 1
192.231 4 1
198.231 4 1
204.93099999999998 4 1
212.731 4 1
220.331 4 1
225.831 4 1
231.53099999999998 4 1
237.03099999999998 4 1
242.53099999999998 4 1
247.732 4 1
256.534 4 1
263.935 4 1
269.532 4 1
278.532 4 1
286.332 4 1
291.932 4 1
301.232 4 1
306.632 4 1
315.932 4 1
322.033 4 1
329.43199999999996 4 1
336.333 4 1
342.1330000000001 4 1
350.534 4 1
358.635 4 1
366.13300000000004 4 1
371.233 4 1
379.43300000000005 4 1
386.43300000000005 4 1
392.63300000000004 4 1
400.034 4 1
406.634 4 1
415.73400000000004 4 1
423.434 4 1
433.034 4 1
441.034 4 1
4.045 4 1
10.228 4 1
16.828 4 1
22.028000000000002 4 1
27.82800000000001 4 1
35.42800000000001 4 1
44.33 4 1
50.833 4 1
56.532 4 1
62.633 4 1
68.134 4 1
74.229 4 1
79.62899999999998 4 1
88.729 4 1
96.329 4 1
102.229 4 1
107.229 4 1
113.43 4 1
118.53 4 1
124.13 4 1
129.83 4 1
139.53 4 1
147.43200000000004 4 1
156.333 4 1
161.334 4 1
170.23 4 1
177.13 4 1
187.03 4 1
192.231 4 1
198.231 4 1
204.93099999999998 4 1
212.731 4 1
220.331 4 1
225.831 4 1
231.53099999999998 4 1
237.03099999999998 4 1
242.53099999999998 4 1
247.732 4 1
256.534 4 1
263.935 4 1
269.532 4 1
278.532 4 1
286.332 4 1
291.932 4 1
301.232 4 1
306.632 4 1
315.932 4 1
322.033 4 1
329.43199999999996 4 1
336.333 4 1
342.1330000000001 4 1
350.534 4 1
358.635 4 1
366.13300000000004 4 1
371.233 4 1
379.43300000000005 4 1
386.43300000000005 4 1
392.63300000000004 4 1
400.034 4 1
406.634 4 1
415.73400000000004 4 1
423.434 4 1
433.034 4 1
441.034 4 1
