4.041 4 1
9.924 4 1
19.625 4 1
25.826 4 1
33.628 4 1
42.93 4 1
51.831 4 1
59.433 4 1
68.734 4 1
73.925 4 1
80.025 4 1
89.125 4 1
94.725 4 1
102.625 4 1
111.52600000000001 4 1
120.427 4 1
125.928 4 1
130.929 4 1
136.629 4 1
143.231 4 1
148.632 4 1
155.63299999999995 4 1
160.634 4 1
169.035 4 1
174.226 4 1
179.326 4 1
187.127 4 1
194.52700000000002 4 1
200.627 4 1
206.127 4 1
212.327 4 1
218.52700000000002 4 1
226.528 4 1
236.13 4 1
245.232 4 1
254.03400000000002 4 1
262.135 4 1
268.728 4 1
274.228 4 1
284.128 4 1
290.228 4 1
295.928 4 1
301.328 4 1
307.128 4 1
314.529 4 1
320.529 4 1
325.629 4 1
332.33 4 1
339.93199999999996 4 1
347.533 4 1
354.034 4 1
359.635 4 1
367.129 4 1
376.13 4 1
383.83 4 1
389.03 4 1
396.43 4 1
403.33 4 1
408.83 4 1
414.63 4 1
420.33 4 1
428.531 4 1
434.13199999999995 4 1
441.033 4 1
4.041 4 1
9.924 4 1
19.625 4 1
25.826 4 1
33.628 4 1
42.93 4 1
51.831 4 1
59.433 4 1
68.734 4 1
73.925 4 1
80.025 4 1
89.125 4 1
94.725 4 1
102.625 4 1
111.52600000000001 4 1
120.427 4 1
125.928 4 1
130.929 4 1
136.629 4 1
143.231 4 1
148.632 4 1
155.63299999999995 4 1
160.634 4 1
169.035 4 1
174.226 4 1
179.326 4 1
187.127 4 1
194.52700000000002 4 1
200.627 4 1
206.127 4 1
212.327 4 1
218.52700000000002 4 1
226.528 4 1
236.13 4 1
245.232 4 1
254.03400000000002 4 1
262.135 4 1
268.728 4 1
274.228 4 1
284.128 4 1
290.228 4 1
295.928 4 1
301.328 4 1
307.128 4 1
314.529 4 1
320.529 4 1
325.629 4 1
332.33 4 1
339.93199999999996 4 1
347.533 4 1
354.034 4 1
359.635 4 1
367.129 4 1
376.13 4 1
383.83 4 1
389.03 4 1
396.43 4 1
403.33 4 1
408.83 4 1
414.63 4 1
420.33 4 1
428.531 4 1
434.13199999999995 4 1
441.033 4 1
4.041 4 1
9.924 4 1
19.625 4 1
25.826 4 1
33.628 4 1
42.93 4 1
51.831 4 1
59.433 4 1
68.734 4 1
73.925 4 1
80.025 4 1
89.125 4 1
94.725 4 1
102.625 4 1
111.52600000000001 4 1
120.427 4 1
125.928 4 1
130.929 4 1
136.629 4 1
143.231 4 1
148.632 4 1
155.63299999999995 4 1
160.634 4 1
169.035 4 1
174.226 4 1
179.326 4 1
187.127 4 1
194.52700000000002 4 1
200.627 4 1
206.127 4 1
212.327 4 1
218.52700000000002 4 1
226.528 4 1
236.13 4 1
245.232 4 1
254.03400000000002 4 1
262.135 4 1
268.728 4 1
274.228 4 1
284.128 4 1
290.228 4 1
295.928 4 1
301.328 4 1
307.128 4 1
314.529 4 1
320.529 4 1
325.629 4 1
332.33 4 1
339.93199999999996 4 1
347.533 4 1
354.034 4 1
359.635 4 1
367.129 4 1
376.13 4 1
383.83 4 1
389.03 4 1
396.43 4 1
403.33 4 1
408.83 4 1
414.63 4 1
420.33 4 1
428.531 4 1
434.13199999999995 4 1
441.033 4 1
