4.056 4 1
9.628 4 1
17.73 4 1
25.531 4 1
32.033 4 1
39.733000000000004 4 1
46.735 4 1
53.636 4 1
59.823 4 1
65.623 4 1
72.523 4 1
77.624 4 1
82.824 4 1
88.025 4 1
93.126 4 1
102.728 4 1
111.829 4 1
119.23100000000001 4 1
126.73200000000001 4 1
132.13299999999998 4 1
137.334 4 1
143.035 4 1
150.624 4 1
158.524 4 1
166.725 4 1
172.924 4 1
180.525 4 1
189.426 4 1
198.328 4 1
204.93099999999998 4 1
209.93099999999998 4 1
216.63099999999997 4 1
222.733 4 1
232.03400000000002 4 1
237.635 4 1
246.725 4 1
256.425 4 1
262.526 4 1
269.926 4 1
278.92900000000003 4 1
284.526 4 1
291.928 4 1
297.329 4 1
306.63 4 1
312.631 4 1
320.433 4 1
328.034 4 1
336.436 4 1
346.327 4 1
352.92900000000014 4 1
359.027 4 1
364.727 4 1
370.42699999999996 4 1
375.42800000000005 4 1
384.227 4 1
393.129 4 1
398.63 4 1
404.83099999999996 4 1
410.332 4 1
416.13300000000004 4 1
422.034 4 1
427.535 4 1
433.036 4 1
441.028 4 1
4.056 4 1
9.628 4 1
17.73 4 1
25.531 4 1
32.033 4 1
39.733000000000004 4 1
46.735 4 1
53.636 4 1
59.823 4 1
65.623 4 1
72.523 4 1
77.624 4 1
82.824 4 1
88.025 4 1
93.126 4 1
102.728 4 1
111.829 4 1
119.23100000000001 4 1
126.73200000000001 4 1
132.13299999999998 4 1
137.334 4 1
143.035 4 1
150.624 4 1
158.524 4 1
166.725 4 1
172.924 4 1
180.525 4 1
189.426 4 1
198.328 4 1
204.93099999999998 4 1
209.93099999999998 4 1
216.63099999999997 4 1
222.733 4 1
232.03400000000002 4 1
237.635 4 1
246.725 4 1
256.425 4 1
262.526 4 1
269.926 4 1
278.92900000000003 4 1
284.526 4 1
291.928 4 1
297.329 4 1
306.63 4 1
312.631 4 1
320.433 4 1
328.034 4 1
336.436 4 1
346.327 4 1
352.92900000000014 4 1
359.027 4 1
364.727 4 1
370.42699999999996 4 1
375.42800000000005 4 1
384.227 4 1
393.129 4 1
398.63 4 1
404.83099999999996 4 1
410.332 4 1
416.13300000000004 4 1
422.034 4 1
427.535 4 1
433.036 4 1
441.028 4 1
4.056 4 1
9.628 4 1
17.73 4 1
25.531 4 1
32.033 4 1
39.733000000000004 4 1
46.735 4 1
53.636 4 1
59.823 4 1
65.623 4 1
72.523 4 1
77.624 4 1
82.824 4 1
88.025 4 1
93.126 4 1
102.728 4 1
111.829 4 1
119.23100000000001 4 1
126.73200000000001 4 1
132.13299999999998 4 1
137.334 4 1
143.035 4 1
150.624 4 1
158.524 4 1
166.725 4 1
172.924 4 1
180.525 4 1
189.426 4 1
198.328 4 1
204.93099999999998 4 1
209.93099999999998 4 1
216.63099999999997 4 1
222.733 4 1
232.03400000000002 4 1
237.635 4 1
246.725 4 1
256.425 4 1
262.526 4 1
269.926 4 1
278.92900000000003 4 1
284.526 4 1
291.928 4 1
297.329 4 1
306.63 4 1
312.631 4 1
320.433 4 1
328.034 4 1
336.436 4 1
346.327 4 1
352.92900000000014 4 1
359.027 4 1
364.727 4 1
370.42699999999996 4 1
375.42800000000005 4 1
384.227 4 1
393.129 4 1
398.63 4 1
404.83099999999996 4 1
410.332 4 1
416.13300000000004 4 1
422.034 4 1
427.535 4 1
433.036 4 1
441.028 4 1
