4.046 4 1
10.23 4 1
16.730999999999998 4 1
24.531999999999996 4 1
30.333000000000002 4 1
39.235 4 1
47.025 4 1
54.525 4 1
59.625 4 1
65.225 4 1
71.825 4 1
77.025 4 1
86.32700000000001 4 1
95.228 4 1
100.929 4 1
109.73 4 1
115.23100000000001 4 1
122.633 4 1
128.334 4 1
133.835 4 1
139.526 4 1
146.226 4 1
155.326 4 1
164.926 4 1
172.827 4 1
179.42700000000005 4 1
184.42700000000002 4 1
192.028 4 1
198.13 4 1
203.23 4 1
209.43200000000002 4 1
219.333 4 1
227.334 4 1
233.227 4 1
241.327 4 1
246.528 4 1
252.028 4 1
257.028 4 1
262.228 4 1
269.628 4 1
277.828 4 1
283.328 4 1
291.7290000000001 4 1
301.031 4 1
308.032 4 1
315.633 4 1
322.535 4 1
328.129 4 1
334.2290000000001 4 1
343.92900000000014 4 1
353.029 4 1
359.129 4 1
365.329 4 1
372.72900000000004 4 1
378.329 4 1
385.23 4 1
394.13 4 1
399.931 4 1
407.63300000000004 4 1
413.034 4 1
420.635 4 1
429.63 4 1
435.63 4 1
