4.029 4 1
10.73 4 1
19.631 4 1
28.733 4 1
34.834 4 1
41.035 4 1
50.928000000000004 4 1
59.728 4 1
66.72800000000001 4 1
75.128 4 1
82.728 4 1
90.228 4 1
95.728 4 1
109.73 4 1
117.531 4 1
123.53200000000001 4 1
130.934 4 1
137.829 4 1
147.529 4 1
153.72899999999996 4 1
163.329 4 1
168.929 4 1
174.02900000000002 4 1
179.73 4 1
187.43 4 1
192.93 4 1
198.13 4 1
203.53 4 1
208.731 4 1
213.93200000000002 4 1
219.833 4 1
225.43400000000003 4 1
231.135 4 1
238.73 4 1
247.73 4 1
253.831 4 1
259.231 4 1
266.83099999999996 4 1
275.031 4 1
282.83099999999996 4 1
287.83099999999996 4 1
293.531 4 1
302.632 4 1
308.132 4 1
317.033 4 1
322.534 4 1
330.43199999999996 4 1
336.037 4 1
344.13199999999995 4 1
350.73199999999997 4 1
360.032 4 1
368.93199999999996 4 1
375.032 4 1
380.033 4 1
386.233 4 1
391.333 4 1
397.833 4 1
405.233 4 1
412.13300000000004 4 1
417.934 4 1
427.236 4 1
435.233 4 1
441.038 4 1
4.029 4 1
10.73 4 1
19.631 4 1
28.733 4 1
34.834 4 1
41.035 4 1
50.928000000000004 4 1
59.728 4 1
66.72800000000001 4 1
75.128 4 1
82.728 4 1
90.228 4 1
95.728 4 1
109.73 4 1
117.531 4 1
123.53200000000001 4 1
130.934 4 1
137.829 4 1
147.529 4 1
153.72899999999996 4 1
163.329 4 1
168.929 4 1
174.02900000000002 4 1
179.73 4 1
187.43 4 1
192.93 4 1
198.13 4 1
203.53 4 1
208.731 4 1
213.93200000000002 4 1
219.833 4 1
225.43400000000003 4 1
231.135 4 1
238.73 4 1
247.73 4 1
253.831 4 1
259.231 4 1
266.83099999999996 4 1
275.031 4 1
282.83099999999996 4 1
287.83099999999996 4 1
293.531 4 1
302.632 4 1
308.132 4 1
317.033 4 1
322.534 4 1
330.43199999999996 4 1
336.037 4 1
344.13199999999995 4 1
350.73199999999997 4 1
360.032 4 1
368.93199999999996 4 1
375.032 4 1
380.033 4 1
386.233 4 1
391.333 4 1
397.833 4 1
405.233 4 1
412.13300000000004 4 1
417.934 4 1
427.236 4 1
435.233 4 1
441.038 4 1
4.029 4 1
10.73 4 1
19.631 4 1
28.733 4 1
34.834 4 1
41.035 4 1
50.928000000000004 4 1
59.728 4 1
66.72800000000001 4 1
75.128 4 1
82.728 4 1
90.228 4 1
95.728 4 1
109.73 4 1
117.531 4 1
123.53200000000001 4 1
130.934 4 1
137.829 4 1
147.529 4 1
153.72899999999996 4 1
163.329 4 1
168.929 4 1
174.02900000000002 4 1
179.73 4 1
187.43 4 1
192.93 4 1
198.13 4 1
203.53 4 1
208.731 4 1
213.93200000000002 4 1
219.833 4 1
225.43400000000003 4 1
231.135 4 1
238.73 4 1
247.73 4 1
253.831 4 1
259.231 4 1
266.83099999999996 4 1
275.031 4 1
282.83099999999996 4 1
287.83099999999996 4 1
293.531 4 1
302.632 4 1
308.132 4 1
317.033 4 1
322.534 4 1
330.43199999999996 4 1
336.037 4 1
344.13199999999995 4 1
350.73199999999997 4 1
360.032 4 1
368.93199999999996 4 1
375.032 4 1
380.033 4 1
386.233 4 1
391.333 4 1
397.833 4 1
405.233 4 1
412.13300000000004 4 1
417.934 4 1
427.236 4 1
435.233 4 1
441.038 4 1
