4.0280000000000005 4 1
12.129000000000001 4 1
17.23 4 1
23.730999999999998 4 1
29.531999999999996 4 1
36.233000000000004 4 1
41.63399999999999 4 1
50.527 4 1
56.026 4 1
63.62600000000001 4 1
71.027 4 1
76.127 4 1
84.027 4 1
93.12700000000001 4 1
99.32700000000001 4 1
106.329 4 1
112.93 4 1
120.331 4 1
127.932 4 1
137.034 4 1
142.235 4 1
151.22799999999995 4 1
159.428 4 1
164.928 4 1
170.128 4 1
175.528 4 1
181.22799999999998 4 1
190.128 4 1
195.62900000000002 4 1
201.729 4 1
206.73 4 1
212.43099999999998 4 1
219.032 4 1
225.933 4 1
235.635 4 1
240.829 4 1
247.03 4 1
255.929 4 1
263.72900000000004 4 1
269.93 4 1
275.73 4 1
285.03 4 1
291.13 4 1
300.73 4 1
306.631 4 1
314.232 4 1
320.233 4 1
328.635 4 1
334.131 4 1
341.631 4 1
346.631 4 1
354.33099999999996 4 1
363.631 4 1
369.231 4 1
376.631 4 1
382.231 4 1
391.032 4 1
400.93199999999996 4 1
406.63199999999995 4 1
414.63300000000004 4 1
420.23400000000004 4 1
428.035 4 1
434.93199999999996 4 1
441.038 4 1
