4.05 4 1
9.533 4 1
15.634 4 1
21.335 4 1
27.436999999999998 4 1
32.825 4 1
41.924 4 1
50.825 4 1
60.525 4 1
68.127 4 1
74.328 4 1
82.029 4 1
87.53 4 1
93.73100000000001 4 1
98.932 4 1
104.73299999999999 4 1
113.635 4 1
118.836 4 1
124.225 4 1
129.226 4 1
139.126 4 1
144.326 4 1
152.327 4 1
160.52700000000004 4 1
166.227 4 1
175.128 4 1
182.03 4 1
189.43099999999998 4 1
196.13299999999998 4 1
203.937 4 1
209.735 4 1
215.33599999999998 4 1
220.929 4 1
227.02700000000002 4 1
233.028 4 1
240.628 4 1
246.127 4 1
253.628 4 1
260.228 4 1
267.829 4 1
275.73 4 1
283.83099999999996 4 1
288.932 4 1
294.033 4 1
299.935 4 1
306.535 4 1
315.328 4 1
323.129 4 1
331.529 4 1
340.829 4 1
348.22900000000016 4 1
355.629 4 1
361.829 4 1
370.93300000000005 4 1
376.431 4 1
385.73199999999997 4 1
391.333 4 1
400.335 4 1
406.036 4 1
412.53 4 1
422.13 4 1
429.03 4 1
434.03 4 1
441.03 4 1
