4.05 4 1
9.732999999999999 4 1
15.234000000000002 4 1
20.435 4 1
29.736 4 1
36.729 4 1
46.32899999999999 4 1
54.129 4 1
59.931999999999995 4 1
65.53 4 1
74.62899999999998 4 1
84.33 4 1
93.23 4 1
102.333 4 1
107.734 4 1
114.635 4 1
120.63600000000001 4 1
127.33 4 1
135.53 4 1
140.93200000000004 4 1
149.937 4 1
158.83100000000005 4 1
163.935 4 1
170.03099999999995 4 1
175.53099999999995 4 1
182.93099999999998 4 1
190.63099999999997 4 1
198.232 4 1
203.43400000000003 4 1
212.235 4 1
217.43599999999998 4 1
225.532 4 1
233.132 4 1
239.332 4 1
244.832 4 1
250.532 4 1
257.432 4 1
263.133 4 1
272.433 4 1
278.533 4 1
284.732 4 1
289.733 4 1
295.33299999999997 4 1
301.834 4 1
308.035 4 1
313.836 4 1
321.233 4 1
326.83299999999997 4 1
334.334 4 1
341.936 4 1
350.334 4 1
356.936 4 1
364.73400000000004 4 1
372.634 4 1
379.23400000000004 4 1
388.134 4 1
394.035 4 1
403.93699999999995 4 1
409.436 4 1
416.837 4 1
424.834 4 1
429.835 4 1
435.935 4 1
441.035 4 1
