4.047 4 1
10.227 4 1
16.727 4 1
23.627 4 1
32.429 4 1
37.93 4 1
45.532 4 1
54.533 4 1
61.934 4 1
67.635 4 1
72.628 4 1
81.928 4 1
87.12899999999998 4 1
94.82799999999999 4 1
100.829 4 1
107.729 4 1
112.729 4 1
121.62899999999999 4 1
128.22899999999998 4 1
133.731 4 1
139.931 4 1
145.832 4 1
151.334 4 1
157.135 4 1
166.03599999999997 4 1
172.13 4 1
180.53 4 1
187.53 4 1
192.93 4 1
201.03 4 1
207.23 4 1
216.33 4 1
224.231 4 1
234.13099999999997 4 1
242.333 4 1
252.035 4 1
257.435 4 1
266.33099999999996 4 1
273.732 4 1
279.232 4 1
285.332 4 1
291.432 4 1
296.532 4 1
302.232 4 1
309.632 4 1
315.232 4 1
322.832 4 1
328.532 4 1
336.032 4 1
341.233 4 1
348.835 4 1
356.836 4 1
364.63300000000004 4 1
371.333 4 1
376.43300000000005 4 1
382.233 4 1
388.833 4 1
396.63300000000004 4 1
405.934 4 1
411.534 4 1
416.73400000000004 4 1
422.334 4 1
431.934 4 1
441.034 4 1
4.047 4 1
10.227 4 1
16.727 4 1
23.627 4 1
32.429 4 1
37.93 4 1
45.532 4 1
54.533 4 1
61.934 4 1
67.635 4 1
72.628 4 1
81.928 4 1
87.12899999999998 4 1
94.82799999999999 4 1
100.829 4 1
107.729 4 1
112.729 4 1
121.62899999999999 4 1
128.22899999999998 4 1
133.731 4 1
139.931 4 1
145.832 4 1
151.334 4 1
157.135 4 1
166.03599999999997 4 1
172.13 4 1
180.53 4 1
187.53 4 1
192.93 4 1
201.03 4 1
207.23 4 1
216.33 4 1
224.231 4 1
234.13099999999997 4 1
242.333 4 1
252.035 4 1
257.435 4 1
266.33099999999996 4 1
273.732 4 1
279.232 4 1
285.332 4 1
291.432 4 1
296.532 4 1
302.232 4 1
309.632 4 1
315.232 4 1
322.832 4 1
328.532 4 1
336.032 4 1
341.233 4 1
348.835 4 1
356.836 4 1
364.63300000000004 4 1
371.333 4 1
376.43300000000005 4 1
382.233 4 1
388.833 4 1
396.63300000000004 4 1
405.934 4 1
411.534 4 1
416.73400000000004 4 1
422.334 4 1
431.934 4 1
441.034 4 1
4.047 4 1
10.227 4 1
16.727 4 1
23.627 4 1
32.429 4 1
37.93 4 1
45.532 4 1
54.533 4 1
61.934 4 1
67.635 4 1
72.628 4 1
81.928 4 1
87.12899999999998 4 1
94.82799999999999 4 1
100.829 4 1
107.729 4 1
112.729 4 1
121.62899999999999 4 1
128.22899999999998 4 1
133.731 4 1
139.931 4 1
145.832 4 1
151.334 4 1
157.135 4 1
166.03599999999997 4 1
172.13 4 1
180.53 4 1
187.53 4 1
192.93 4 1
201.03 4 1
207.23 4 1
216.33 4 1
224.231 4 1
234.13099999999997 4 1
242.333 4 1
252.035 4 1
257.435 4 1
266.33099999999996 4 1
273.732 4 1
279.232 4 1
285.332 4 1
291.432 4 1
296.532 4 1
302.232 4 1
309.632 4 1
315.232 4 1
322.832 4 1
328.532 4 1
336.032 4 1
341.233 4 1
348.835 4 1
356.836 4 1
364.63300000000004 4 1
371.333 4 1
376.43300000000005 4 1
382.233 4 1
388.833 4 1
396.63300000000004 4 1
405.934 4 1
411.534 4 1
416.73400000000004 4 1
422.334 4 1
431.934 4 1
441.034 4 1
