4.041 4 1
13.325 4 1
20.726 4 1
26.326999999999998 4 1
35.429 4 1
42.13 4 1
47.831 4 1
54.032 4 1
61.633 4 1
69.735 4 1
77.225 4 1
84.225 4 1
92.025 4 1
98.02600000000001 4 1
103.825 4 1
108.82600000000001 4 1
117.62700000000001 4 1
125.82799999999999 4 1
134.73 4 1
140.231 4 1
147.832 4 1
157.734 4 1
163.135 4 1
170.02599999999995 4 1
176.227 4 1
181.92700000000002 4 1
187.827 4 1
193.02700000000002 4 1
199.127 4 1
207.127 4 1
213.227 4 1
220.928 4 1
226.52900000000002 4 1
233.13 4 1
239.231 4 1
248.333 4 1
253.43400000000003 4 1
260.035 4 1
265.028 4 1
270.528 4 1
277.028 4 1
283.928 4 1
289.428 4 1
298.328 4 1
307.629 4 1
316.529 4 1
321.7290000000001 4 1
331.431 4 1
338.832 4 1
344.033 4 1
351.634 4 1
360.629 4 1
366.43 4 1
371.53 4 1
377.03 4 1
386.63 4 1
394.53 4 1
399.93 4 1
405.53 4 1
411.23 4 1
418.63 4 1
426.431 4 1
432.63199999999995 4 1
441.034 4 1
4.041 4 1
13.325 4 1
20.726 4 1
26.326999999999998 4 1
35.429 4 1
42.13 4 1
47.831 4 1
54.032 4 1
61.633 4 1
69.735 4 1
77.225 4 1
84.225 4 1
92.025 4 1
98.02600000000001 4 1
103.825 4 1
108.82600000000001 4 1
117.62700000000001 4 1
125.82799999999999 4 1
134.73 4 1
140.231 4 1
147.832 4 1
157.734 4 1
163.135 4 1
170.02599999999995 4 1
176.227 4 1
181.92700000000002 4 1
187.827 4 1
193.02700000000002 4 1
199.127 4 1
207.127 4 1
213.227 4 1
220.928 4 1
226.52900000000002 4 1
233.13 4 1
239.231 4 1
248.333 4 1
253.43400000000003 4 1
260.035 4 1
265.028 4 1
270.528 4 1
277.028 4 1
283.928 4 1
289.428 4 1
298.328 4 1
307.629 4 1
316.529 4 1
321.7290000000001 4 1
331.431 4 1
338.832 4 1
344.033 4 1
351.634 4 1
360.629 4 1
366.43 4 1
371.53 4 1
377.03 4 1
386.63 4 1
394.53 4 1
399.93 4 1
405.53 4 1
411.23 4 1
418.63 4 1
426.431 4 1
432.63199999999995 4 1
441.034 4 1
4.041 4 1
13.325 4 1
20.726 4 1
26.326999999999998 4 1
35.429 4 1
42.13 4 1
47.831 4 1
54.032 4 1
61.633 4 1
69.735 4 1
77.225 4 1
84.225 4 1
92.025 4 1
98.02600000000001 4 1
103.825 4 1
108.82600000000001 4 1
117.62700000000001 4 1
125.82799999999999 4 1
134.73 4 1
140.231 4 1
147.832 4 1
157.734 4 1
163.135 4 1
170.02599999999995 4 1
176.227 4 1
181.92700000000002 4 1
187.827 4 1
193.02700000000002 4 1
199.127 4 1
207.127 4 1
213.227 4 1
220.928 4 1
226.52900000000002 4 1
233.13 4 1
239.231 4 1
248.333 4 1
253.43400000000003 4 1
260.035 4 1
265.028 4 1
270.528 4 1
277.028 4 1
283.928 4 1
289.428 4 1
298.328 4 1
307.629 4 1
316.529 4 1
321.7290000000001 4 1
331.431 4 1
338.832 4 1
344.033 4 1
351.634 4 1
360.629 4 1
366.43 4 1
371.53 4 1
377.03 4 1
386.63 4 1
394.53 4 1
399.93 4 1
405.53 4 1
411.23 4 1
418.63 4 1
426.431 4 1
432.63199999999995 4 1
441.034 4 1
