4.047 4 1
9.43 4 1
15.030999999999999 4 1
20.930999999999997 4 1
26.13300000000001 4 1
33.534 4 1
41.135 4 1
46.824 4 1
52.623999999999995 4 1
60.724 4 1
66.22399999999999 4 1
71.425 4 1
79.325 4 1
84.426 4 1
92.12799999999999 4 1
99.529 4 1
104.53 4 1
109.53 4 1
115.131 4 1
124.03299999999999 4 1
131.034 4 1
139.938 4 1
147.526 4 1
154.42600000000004 4 1
160.626 4 1
169.92700000000005 4 1
175.62599999999995 4 1
182.326 4 1
187.72799999999998 4 1
193.229 4 1
200.13 4 1
205.831 4 1
212.43200000000002 4 1
219.833 4 1
225.63400000000001 4 1
230.735 4 1
238.53599999999997 4 1
246.727 4 1
255.52700000000002 4 1
264.527 4 1
272.928 4 1
279.027 4 1
288.128 4 1
295.63 4 1
301.131 4 1
307.332 4 1
313.533 4 1
319.134 4 1
325.735 4 1
331.836 4 1
337.3280000000001 4 1
345.12800000000016 4 1
354.829 4 1
361.32800000000003 4 1
370.42900000000003 4 1
380.329 4 1
389.23 4 1
394.43 4 1
402.43199999999996 4 1
408.43300000000005 4 1
417.73400000000004 4 1
423.836 4 1
431.42900000000003 4 1
441.03 4 1
