4.046 4 1
10.228 4 1
16.727999999999998 4 1
24.528000000000002 4 1
30.32800000000001 4 1
39.228 4 1
47.028 4 1
54.528999999999996 4 1
59.63 4 1
65.23 4 1
71.831 4 1
77.032 4 1
86.334 4 1
95.236 4 1
100.929 4 1
109.729 4 1
115.229 4 1
122.63 4 1
128.33 4 1
133.83 4 1
139.53 4 1
146.23 4 1
155.33 4 1
164.93400000000003 4 1
172.832 4 1
179.43400000000003 4 1
184.435 4 1
192.03599999999997 4 1
198.13099999999997 4 1
203.23 4 1
209.43 4 1
219.331 4 1
227.331 4 1
233.231 4 1
241.331 4 1
246.53099999999998 4 1
252.03099999999998 4 1
257.031 4 1
262.232 4 1
269.633 4 1
277.835 4 1
283.336 4 1
291.732 4 1
301.032 4 1
308.032 4 1
315.632 4 1
322.532 4 1
328.1330000000001 4 1
334.233 4 1
343.934 4 1
353.033 4 1
359.13300000000015 4 1
365.333 4 1
372.735 4 1
378.336 4 1
385.236 4 1
394.134 4 1
399.935 4 1
407.63300000000004 4 1
413.034 4 1
420.634 4 1
429.634 4 1
435.634 4 1
441.034 4 1
