4.025 4 1
9.526 4 1
15.627 4 1
21.328000000000007 4 1
27.429000000000002 4 1
32.83 4 1
41.931000000000004 4 1
50.833 4 1
60.534 4 1
68.124 4 1
74.324 4 1
82.025 4 1
87.525 4 1
93.725 4 1
98.925 4 1
104.726 4 1
113.62700000000001 4 1
118.82799999999999 4 1
124.229 4 1
129.23 4 1
139.132 4 1
144.332 4 1
152.334 4 1
160.526 4 1
166.226 4 1
175.12599999999995 4 1
182.02599999999998 4 1
189.426 4 1
196.12599999999998 4 1
203.926 4 1
209.727 4 1
215.328 4 1
220.929 4 1
227.03099999999998 4 1
233.032 4 1
240.63299999999998 4 1
246.13400000000001 4 1
253.635 4 1
260.22700000000003 4 1
267.827 4 1
275.72700000000003 4 1
283.827 4 1
288.927 4 1
294.028 4 1
299.928 4 1
306.528 4 1
315.329 4 1
323.131 4 1
331.532 4 1
340.834 4 1
348.235 4 1
355.62800000000016 4 1
361.829 4 1
370.92900000000003 4 1
376.42900000000003 4 1
385.72900000000004 4 1
391.329 4 1
400.329 4 1
406.029 4 1
412.53 4 1
422.131 4 1
429.033 4 1
434.033 4 1
441.035 4 1
