4.042 4 1
9.526 4 1
16.927 4 1
26.229 4 1
34.63 4 1
40.431 4 1
47.332 4 1
53.934 4 1
61.535 4 1
67.22399999999999 4 1
72.42399999999998 4 1
78.624 4 1
87.524 4 1
97.124 4 1
102.225 4 1
111.32700000000001 4 1
116.82799999999999 4 1
125.029 4 1
130.53 4 1
136.532 4 1
141.93200000000004 4 1
147.533 4 1
155.435 4 1
161.125 4 1
170.225 4 1
176.725 4 1
182.325 4 1
189.726 4 1
197.826 4 1
207.727 4 1
215.329 4 1
225.03 4 1
230.53099999999998 4 1
236.732 4 1
241.733 4 1
246.93400000000003 4 1
253.035 4 1
258.22700000000003 4 1
264.027 4 1
270.72700000000003 4 1
277.627 4 1
282.627 4 1
290.427 4 1
299.427 4 1
305.028 4 1
312.4290000000001 4 1
320.23 4 1
326.33099999999996 4 1
332.93300000000005 4 1
340.534 4 1
349.82800000000015 4 1
357.528 4 1
363.728 4 1
371.728 4 1
377.829 4 1
386.72900000000004 4 1
393.72900000000004 4 1
399.129 4 1
404.22900000000004 4 1
410.129 4 1
415.83 4 1
424.73199999999997 4 1
432.233 4 1
441.035 4 1
4.042 4 1
9.526 4 1
16.927 4 1
26.229 4 1
34.63 4 1
40.431 4 1
47.332 4 1
53.934 4 1
61.535 4 1
67.22399999999999 4 1
72.42399999999998 4 1
78.624 4 1
87.524 4 1
97.124 4 1
102.225 4 1
111.32700000000001 4 1
116.82799999999999 4 1
125.029 4 1
130.53 4 1
136.532 4 1
141.93200000000004 4 1
147.533 4 1
155.435 4 1
161.125 4 1
170.225 4 1
176.725 4 1
182.325 4 1
189.726 4 1
197.826 4 1
207.727 4 1
215.329 4 1
225.03 4 1
230.53099999999998 4 1
236.732 4 1
241.733 4 1
246.93400000000003 4 1
253.035 4 1
258.22700000000003 4 1
264.027 4 1
270.72700000000003 4 1
277.627 4 1
282.627 4 1
290.427 4 1
299.427 4 1
305.028 4 1
312.4290000000001 4 1
320.23 4 1
326.33099999999996 4 1
332.93300000000005 4 1
340.534 4 1
349.82800000000015 4 1
357.528 4 1
363.728 4 1
371.728 4 1
377.829 4 1
386.72900000000004 4 1
393.72900000000004 4 1
399.129 4 1
404.22900000000004 4 1
410.129 4 1
415.83 4 1
424.73199999999997 4 1
432.233 4 1
441.035 4 1
