4.055 4 1
9.137 4 1
15.338 4 1
23.121 4 1
30.721999999999998 4 1
39.62300000000001 4 1
45.123999999999995 4 1
50.825 4 1
58.227 4 1
67.328 4 1
72.329 4 1
78.53 4 1
84.131 4 1
93.03299999999999 4 1
98.939 4 1
107.035 4 1
113.94 4 1
121.323 4 1
126.522 4 1
132.22299999999998 4 1
139.624 4 1
145.725 4 1
151.42600000000004 4 1
156.42700000000005 4 1
164.429 4 1
173.33 4 1
178.831 4 1
187.233 4 1
193.834 4 1
202.94 4 1
212.22400000000002 4 1
218.024 4 1
223.62400000000002 4 1
231.324 4 1
237.825 4 1
243.02599999999998 4 1
250.02700000000002 4 1
255.428 4 1
260.829 4 1
267.73 4 1
277.032 4 1
284.936 4 1
292.535 4 1
297.735 4 1
302.825 4 1
308.825 4 1
314.325 4 1
320.425 4 1
326.225 4 1
332.426 4 1
342.027 4 1
347.62800000000016 4 1
353.12800000000016 4 1
361.33 4 1
368.83099999999996 4 1
378.733 4 1
388.435 4 1
396.236 4 1
405.027 4 1
411.727 4 1
418.327 4 1
424.42699999999996 4 1
433.42699999999996 4 1
441.027 4 1
