4.099 4 1
9.43 4 1
16.43 4 1
25.53 4 1
32.231 4 1
39.631 4 1
44.832 4 1
50.333 4 1
59.235 4 1
65.73100000000001 4 1
71.831 4 1
77.031 4 1
82.531 4 1
88.031 4 1
94.23100000000001 4 1
102.632 4 1
110.73200000000001 4 1
116.432 4 1
125.73200000000001 4 1
132.332 4 1
139.232 4 1
146.13299999999995 4 1
152.134 4 1
157.235 4 1
163.13299999999995 4 1
168.63299999999995 4 1
173.63299999999995 4 1
181.13299999999998 4 1
189.333 4 1
198.63299999999998 4 1
206.233 4 1
212.033 4 1
219.935 4 1
225.13400000000001 4 1
230.734 4 1
239.53400000000002 4 1
244.938 4 1
253.938 4 1
259.53700000000003 4 1
267.534 4 1
273.73400000000004 4 1
279.534 4 1
287.134 4 1
292.2340000000001 4 1
297.937 4 1
304.035 4 1
309.035 4 1
314.735 4 1
320.835 4 1
329.9380000000001 4 1
336.536 4 1
345.436 4 1
351.63599999999997 4 1
357.23699999999997 4 1
365.039 4 1
373.939 4 1
383.536 4 1
391.13599999999997 4 1
398.536 4 1
408.436 4 1
415.83099999999996 4 1
423.63199999999995 4 1
433.337 4 1
441.037 4 1
