4.0489999999999995 4 1
12.231 4 1
18.433 4 1
23.434 4 1
28.935 4 1
33.935 4 1
40.032 4 1
46.632 4 1
52.132 4 1
61.232 4 1
66.932 4 1
73.532 4 1
81.433 4 1
87.132 4 1
94.03299999999999 4 1
99.53299999999999 4 1
106.03299999999999 4 1
114.133 4 1
123.03399999999999 4 1
130.636 4 1
136.433 4 1
141.833 4 1
151.134 4 1
156.534 4 1
162.434 4 1
169.834 4 1
176.53400000000005 4 1
184.53400000000002 4 1
193.43400000000003 4 1
201.234 4 1
207.335 4 1
213.335 4 1
218.835 4 1
227.636 4 1
232.83700000000002 4 1
241.935 4 1
249.535 4 1
258.535 4 1
264.135 4 1
269.835 4 1
275.036 4 1
281.938 4 1
290.836 4 1
300.736 4 1
310.336 4 1
317.736 4 1
322.82 4 1
328.621 4 1
336.32199999999995 4 1
342.523 4 1
347.724 4 1
355.125 4 1
362.726 4 1
370.228 4 1
379.529 4 1
387.33099999999996 4 1
393.532 4 1
400.533 4 1
406.134 4 1
412.23699999999997 4 1
420.621 4 1
426.221 4 1
431.32199999999995 4 1
441.024 4 1
