4.048 4 1
9.53 4 1
15.632 4 1
21.333000000000002 4 1
27.434 4 1
32.835 4 1
41.927 4 1
50.828 4 1
60.528 4 1
68.128 4 1
82.02799999999998 4 1
87.52799999999998 4 1
93.729 4 1
98.932 4 1
104.73100000000001 4 1
113.632 4 1
118.834 4 1
124.234 4 1
129.236 4 1
139.129 4 1
144.329 4 1
152.33 4 1
160.529 4 1
166.229 4 1
175.12900000000005 4 1
182.03 4 1
189.43 4 1
196.13099999999997 4 1
203.93099999999998 4 1
233.03 4 1
240.63 4 1
246.13099999999997 4 1
253.63 4 1
260.23 4 1
267.83099999999996 4 1
275.731 4 1
283.83099999999996 4 1
288.931 4 1
294.031 4 1
299.932 4 1
306.533 4 1
323.13599999999997 4 1
331.532 4 1
340.832 4 1
348.23199999999997 4 1
355.63199999999995 4 1
361.832 4 1
370.935 4 1
376.43199999999996 4 1
385.733 4 1
391.332 4 1
400.333 4 1
406.034 4 1
412.535 4 1
422.13300000000004 4 1
429.033 4 1
434.033 4 1
441.034 4 1
