4.05 4 1
9.533 4 1
16.934 4 1
26.236 4 1
34.629 4 1
40.429 4 1
47.32899999999999 4 1
53.93 4 1
61.528999999999996 4 1
67.229 4 1
72.43 4 1
78.62899999999998 4 1
87.53 4 1
97.131 4 1
102.23299999999999 4 1
111.334 4 1
116.835 4 1
125.031 4 1
130.531 4 1
136.53 4 1
141.931 4 1
147.531 4 1
155.431 4 1
161.131 4 1
170.231 4 1
176.731 4 1
182.331 4 1
189.732 4 1
197.833 4 1
207.734 4 1
215.335 4 1
225.032 4 1
230.532 4 1
236.732 4 1
241.732 4 1
246.93400000000003 4 1
253.033 4 1
258.233 4 1
264.032 4 1
270.732 4 1
277.633 4 1
282.633 4 1
290.433 4 1
299.434 4 1
305.035 4 1
312.436 4 1
320.233 4 1
326.33299999999997 4 1
332.935 4 1
340.534 4 1
349.834 4 1
357.534 4 1
363.73400000000004 4 1
371.73400000000004 4 1
377.834 4 1
386.73400000000004 4 1
393.735 4 1
399.134 4 1
404.235 4 1
410.13699999999994 4 1
415.837 4 1
424.735 4 1
432.235 4 1
441.035 4 1
4.05 4 1
9.533 4 1
16.934 4 1
26.236 4 1
34.629 4 1
40.429 4 1
47.32899999999999 4 1
53.93 4 1
61.528999999999996 4 1
67.229 4 1
72.43 4 1
78.62899999999998 4 1
87.53 4 1
97.131 4 1
102.23299999999999 4 1
111.334 4 1
116.835 4 1
125.031 4 1
130.531 4 1
136.53 4 1
141.931 4 1
147.531 4 1
155.431 4 1
161.131 4 1
170.231 4 1
176.731 4 1
182.331 4 1
189.732 4 1
197.833 4 1
207.734 4 1
215.335 4 1
225.032 4 1
230.532 4 1
236.732 4 1
241.732 4 1
246.93400000000003 4 1
253.033 4 1
258.233 4 1
264.032 4 1
270.732 4 1
277.633 4 1
282.633 4 1
290.433 4 1
299.434 4 1
305.035 4 1
312.436 4 1
320.233 4 1
326.33299999999997 4 1
332.935 4 1
340.534 4 1
349.834 4 1
357.534 4 1
363.73400000000004 4 1
371.73400000000004 4 1
377.834 4 1
386.73400000000004 4 1
393.735 4 1
399.134 4 1
404.235 4 1
410.13699999999994 4 1
415.837 4 1
424.735 4 1
432.235 4 1
441.035 4 1
4.05 4 1
9.533 4 1
16.934 4 1
26.236 4 1
34.629 4 1
40.429 4 1
47.32899999999999 4 1
53.93 4 1
61.528999999999996 4 1
67.229 4 1
72.43 4 1
78.62899999999998 4 1
87.53 4 1
97.131 4 1
102.23299999999999 4 1
111.334 4 1
116.835 4 1
125.031 4 1
130.531 4 1
136.53 4 1
141.931 4 1
147.531 4 1
155.431 4 1
161.131 4 1
170.231 4 1
176.731 4 1
182.331 4 1
189.732 4 1
197.833 4 1
207.734 4 1
215.335 4 1
225.032 4 1
230.532 4 1
236.732 4 1
241.732 4 1
246.93400000000003 4 1
253.033 4 1
258.233 4 1
264.032 4 1
270.732 4 1
277.633 4 1
282.633 4 1
290.433 4 1
299.434 4 1
305.035 4 1
312.436 4 1
320.233 4 1
326.33299999999997 4 1
332.935 4 1
340.534 4 1
349.834 4 1
357.534 4 1
363.73400000000004 4 1
371.73400000000004 4 1
377.834 4 1
386.73400000000004 4 1
393.735 4 1
399.134 4 1
404.235 4 1
410.13699999999994 4 1
415.837 4 1
424.735 4 1
432.235 4 1
441.035 4 1
4.05 4 1
9.533 4 1
16.934 4 1
26.236 4 1
34.629 4 1
40.429 4 1
47.32899999999999 4 1
53.93 4 1
61.528999999999996 4 1
67.229 4 1
72.43 4 1
78.62899999999998 4 1
87.53 4 1
97.131 4 1
102.23299999999999 4 1
111.334 4 1
116.835 4 1
125.031 4 1
130.531 4 1
136.53 4 1
141.931 4 1
147.531 4 1
155.431 4 1
161.131 4 1
170.231 4 1
176.731 4 1
182.331 4 1
189.732 4 1
197.833 4 1
207.734 4 1
215.335 4 1
225.032 4 1
230.532 4 1
236.732 4 1
241.732 4 1
246.93400000000003 4 1
253.033 4 1
258.233 4 1
264.032 4 1
270.732 4 1
277.633 4 1
282.633 4 1
290.433 4 1
299.434 4 1
305.035 4 1
312.436 4 1
320.233 4 1
326.33299999999997 4 1
332.935 4 1
340.534 4 1
349.834 4 1
357.534 4 1
363.73400000000004 4 1
371.73400000000004 4 1
377.834 4 1
386.73400000000004 4 1
393.735 4 1
399.134 4 1
404.235 4 1
410.13699999999994 4 1
415.837 4 1
424.735 4 1
432.235 4 1
441.035 4 1
4.05 4 1
9.533 4 1
16.934 4 1
26.236 4 1
34.629 4 1
40.429 4 1
47.32899999999999 4 1
53.93 4 1
61.528999999999996 4 1
67.229 4 1
72.43 4 1
78.62899999999998 4 1
87.53 4 1
97.131 4 1
102.23299999999999 4 1
111.334 4 1
116.835 4 1
125.031 4 1
130.531 4 1
136.53 4 1
141.931 4 1
147.531 4 1
155.431 4 1
161.131 4 1
170.231 4 1
176.731 4 1
182.331 4 1
189.732 4 1
197.833 4 1
207.734 4 1
215.335 4 1
225.032 4 1
230.532 4 1
236.732 4 1
241.732 4 1
246.93400000000003 4 1
253.033 4 1
258.233 4 1
264.032 4 1
270.732 4 1
277.633 4 1
282.633 4 1
290.433 4 1
299.434 4 1
305.035 4 1
312.436 4 1
320.233 4 1
326.33299999999997 4 1
332.935 4 1
340.534 4 1
349.834 4 1
357.534 4 1
363.73400000000004 4 1
371.73400000000004 4 1
377.834 4 1
386.73400000000004 4 1
393.735 4 1
399.134 4 1
404.235 4 1
410.13699999999994 4 1
415.837 4 1
424.735 4 1
432.235 4 1
441.035 4 1
