4.05 4 1
10.232999999999999 4 1
19.535 4 1
27.338 4 1
33.022 4 1
42.022 4 1
48.12300000000001 4 1
54.324 4 1
63.226000000000006 4 1
68.827 4 1
74.528 4 1
82.529 4 1
91.43 4 1
96.431 4 1
102.133 4 1
107.634 4 1
117.235 4 1
123.723 4 1
132.523 4 1
139.924 4 1
148.024 4 1
157.125 4 1
163.026 4 1
169.628 4 1
177.02900000000002 4 1
184.43 4 1
190.53099999999998 4 1
200.433 4 1
206.63400000000001 4 1
212.635 4 1
219.524 4 1
225.025 4 1
230.025 4 1
237.025 4 1
244.928 4 1
253.326 4 1
258.527 4 1
264.128 4 1
270.829 4 1
275.932 4 1
285.031 4 1
290.532 4 1
299.434 4 1
305.235 4 1
310.336 4 1
318.126 4 1
323.32599999999996 4 1
329.126 4 1
338.82599999999996 4 1
346.527 4 1
353.12699999999984 4 1
358.527 4 1
364.129 4 1
371.73 4 1
381.031 4 1
388.533 4 1
396.134 4 1
403.735 4 1
410.62699999999995 4 1
416.028 4 1
421.227 4 1
429.42800000000005 4 1
435.528 4 1
441.028 4 1
4.05 4 1
10.232999999999999 4 1
19.535 4 1
27.338 4 1
33.022 4 1
42.022 4 1
48.12300000000001 4 1
54.324 4 1
63.226000000000006 4 1
68.827 4 1
74.528 4 1
82.529 4 1
91.43 4 1
96.431 4 1
102.133 4 1
107.634 4 1
117.235 4 1
123.723 4 1
132.523 4 1
139.924 4 1
148.024 4 1
157.125 4 1
163.026 4 1
169.628 4 1
177.02900000000002 4 1
184.43 4 1
190.53099999999998 4 1
200.433 4 1
206.63400000000001 4 1
212.635 4 1
219.524 4 1
225.025 4 1
230.025 4 1
237.025 4 1
244.928 4 1
253.326 4 1
258.527 4 1
264.128 4 1
270.829 4 1
275.932 4 1
285.031 4 1
290.532 4 1
299.434 4 1
305.235 4 1
310.336 4 1
318.126 4 1
323.32599999999996 4 1
329.126 4 1
338.82599999999996 4 1
346.527 4 1
353.12699999999984 4 1
358.527 4 1
364.129 4 1
371.73 4 1
381.031 4 1
388.533 4 1
396.134 4 1
403.735 4 1
410.62699999999995 4 1
416.028 4 1
421.227 4 1
429.42800000000005 4 1
435.528 4 1
441.028 4 1
