4.05 4 1
9.033 4 1
17.835 4 1
23.836 4 1
30.03 4 1
36.933 4 1
44.331 4 1
53.231 4 1
58.935 4 1
65.031 4 1
70.631 4 1
79.632 4 1
89.53200000000002 4 1
96.03200000000001 4 1
104.03299999999999 4 1
111.03399999999999 4 1
116.735 4 1
122.33200000000001 4 1
129.032 4 1
134.532 4 1
143.632 4 1
148.732 4 1
154.533 4 1
160.233 4 1
165.233 4 1
171.433 4 1
181.033 4 1
188.433 4 1
197.333 4 1
205.13400000000001 4 1
210.937 4 1
218.537 4 1
223.933 4 1
231.834 4 1
237.93400000000003 4 1
245.43400000000003 4 1
253.63400000000001 4 1
261.434 4 1
269.034 4 1
274.934 4 1
281.034 4 1
286.634 4 1
291.834 4 1
299.935 4 1
305.135 4 1
313.536 4 1
319.038 4 1
325.935 4 1
331.435 4 1
336.635 4 1
345.735 4 1
350.835 4 1
360.13599999999997 4 1
367.536 4 1
376.836 4 1
382.236 4 1
388.836 4 1
396.536 4 1
402.036 4 1
410.921 4 1
418.522 4 1
425.12300000000016 4 1
434.824 4 1
441.026 4 1
