4.055 4 1
11.431 4 1
18.333 4 1
27.234 4 1
33.438 4 1
41.021 4 1
47.621 4 1
57.323 4 1
62.824 4 1
68.324 4 1
73.525 4 1
80.92699999999998 4 1
87.82799999999996 4 1
97.13 4 1
104.931 4 1
113.83200000000001 4 1
119.333 4 1
126.939 4 1
134.82299999999998 4 1
140.924 4 1
149.123 4 1
156.923 4 1
162.124 4 1
167.225 4 1
172.826 4 1
181.72799999999998 4 1
194.53 4 1
200.331 4 1
206.833 4 1
215.834 4 1
223.535 4 1
228.524 4 1
234.024 4 1
243.324 4 1
249.524 4 1
255.22400000000002 4 1
261.325 4 1
269.427 4 1
277.828 4 1
284.4290000000001 4 1
289.53 4 1
298.632 4 1
304.33299999999997 4 1
310.434 4 1
317.935 4 1
322.936 4 1
328.32599999999996 4 1
338.226 4 1
344.226 4 1
350.92699999999996 4 1
358.926 4 1
365.12699999999995 4 1
370.92800000000005 4 1
378.529 4 1
384.43 4 1
394.032 4 1
399.233 4 1
404.934 4 1
413.735 4 1
419.327 4 1
424.92699999999996 4 1
434.027 4 1
441.027 4 1
