4.032 4 1
10.032 4 1
15.533 4 1
25.135 4 1
35.025 4 1
41.526 4 1
47.62600000000001 4 1
55.62600000000001 4 1
60.62600000000001 4 1
68.426 4 1
75.027 4 1
82.62799999999999 4 1
90.03 4 1
95.531 4 1
101.432 4 1
108.43299999999999 4 1
113.53399999999999 4 1
119.035 4 1
124.727 4 1
131.327 4 1
136.42700000000002 4 1
142.02700000000004 4 1
149.727 4 1
156.627 4 1
165.92700000000005 4 1
172.127 4 1
177.72799999999995 4 1
186.73 4 1
192.43099999999998 4 1
200.032 4 1
206.733 4 1
212.53400000000002 4 1
221.828 4 1
227.628 4 1
236.028 4 1
242.128 4 1
249.52900000000002 4 1
258.42900000000003 4 1
264.629 4 1
273.529 4 1
278.93 4 1
284.13 4 1
289.33099999999996 4 1
297.533 4 1
306.434 4 1
315.529 4 1
324.63 4 1
329.63 4 1
335.83 4 1
341.33 4 1
348.93 4 1
358.63 4 1
366.03 4 1
374.131 4 1
382.931 4 1
389.832 4 1
395.533 4 1
403.335 4 1
410.83099999999996 4 1
418.731 4 1
424.33099999999996 4 1
430.431 4 1
435.83099999999996 4 1
441.031 4 1
