4.048 4 1
9.731 4 1
15.232000000000001 4 1
20.433 4 1
29.737 4 1
36.72 4 1
46.32100000000001 4 1
54.12300000000001 4 1
59.924 4 1
65.524 4 1
74.626 4 1
84.32799999999997 4 1
93.23 4 1
102.331 4 1
107.73200000000001 4 1
114.633 4 1
120.634 4 1
127.335 4 1
135.52200000000002 4 1
140.922 4 1
149.923 4 1
158.82399999999996 4 1
163.926 4 1
170.02599999999995 4 1
175.52700000000004 4 1
182.93099999999998 4 1
190.63 4 1
198.231 4 1
203.43200000000002 4 1
212.234 4 1
217.43400000000003 4 1
225.523 4 1
233.123 4 1
239.32299999999998 4 1
244.82299999999998 4 1
250.524 4 1
257.425 4 1
263.126 4 1
272.428 4 1
278.529 4 1
284.73 4 1
289.731 4 1
295.332 4 1
301.83299999999997 4 1
308.034 4 1
313.835 4 1
321.236 4 1
326.825 4 1
334.325 4 1
341.925 4 1
350.325 4 1
356.926 4 1
364.727 4 1
372.62800000000004 4 1
379.23 4 1
388.131 4 1
394.032 4 1
403.936 4 1
409.435 4 1
416.82599999999996 4 1
424.82599999999996 4 1
429.82599999999996 4 1
435.926 4 1
441.026 4 1
