4.052 4 1
12.934000000000001 4 1
21.134 4 1
27.334 4 1
33.135 4 1
38.335 4 1
47.635 4 1
57.33600000000001 4 1
66.237 4 1
71.438 4 1
80.335 4 1
86.035 4 1
94.835 4 1
102.936 4 1
114.736 4 1
122.336 4 1
130.136 4 1
135.736 4 1
144.736 4 1
150.136 4 1
156.82 4 1
163.721 4 1
168.722 4 1
174.623 4 1
179.72400000000005 4 1
185.825 4 1
192.426 4 1
198.227 4 1
205.829 4 1
212.03 4 1
218.03099999999998 4 1
225.832 4 1
233.733 4 1
238.734 4 1
244.238 4 1
250.838 4 1
256.421 4 1
262.122 4 1
269.623 4 1
278.725 4 1
284.226 4 1
301.2290000000001 4 1
316.631 4 1
324.033 4 1
332.434 4 1
339.835 4 1
349.12300000000016 4 1
357.12300000000016 4 1
362.523 4 1
369.024 4 1
374.225 4 1
380.426 4 1
386.027 4 1
391.528 4 1
398.529 4 1
403.63 4 1
412.731 4 1
420.333 4 1
426.434 4 1
433.335 4 1
441.024 4 1
