4.046 4 1
9.029 4 1
14.629000000000001 4 1
20.129 4 1
25.529 4 1
31.229 4 1
37.029 4 1
46.129 4 1
51.229 4 1
58.129 4 1
67.43 4 1
77.132 4 1
82.93299999999998 4 1
90.53399999999999 4 1
97.93 4 1
104.53 4 1
110.73 4 1
117.63 4 1
126.03 4 1
133.53 4 1
138.63 4 1
147.431 4 1
153.531 4 1
163.431 4 1
171.632 4 1
177.233 4 1
183.93400000000003 4 1
191.93099999999998 4 1
197.331 4 1
205.13099999999997 4 1
213.231 4 1
219.332 4 1
225.93200000000002 4 1
235.032 4 1
240.93200000000002 4 1
247.93200000000002 4 1
252.93200000000002 4 1
258.932 4 1
267.932 4 1
274.433 4 1
283.335 4 1
291.233 4 1
298.633 4 1
308.233 4 1
315.83299999999997 4 1
323.433 4 1
328.6330000000001 4 1
334.733 4 1
342.1330000000001 4 1
347.833 4 1
353.034 4 1
359.23400000000015 4 1
364.434 4 1
369.934 4 1
375.534 4 1
381.035 4 1
389.93699999999995 4 1
396.134 4 1
401.834 4 1
411.134 4 1
420.034 4 1
427.834 4 1
433.335 4 1
441.035 4 1
