4.047 4 1
9.831 4 1
15.632 4 1
20.733 4 1
29.635 4 1
39.527 4 1
45.026 4 1
52.527 4 1
58.427 4 1
64.027 4 1
69.027 4 1
74.527 4 1
82.727 4 1
87.928 4 1
96.83 4 1
102.531 4 1
109.132 4 1
116.833 4 1
125.935 4 1
132.136 4 1
139.528 4 1
145.128 4 1
151.828 4 1
157.22799999999995 4 1
165.628 4 1
173.72799999999995 4 1
179.329 4 1
186.929 4 1
192.43 4 1
198.13099999999997 4 1
205.93200000000002 4 1
212.033 4 1
218.13400000000001 4 1
227.43599999999998 4 1
237.02900000000002 4 1
242.229 4 1
247.62900000000002 4 1
255.43 4 1
264.23 4 1
269.73 4 1
278.63 4 1
284.63 4 1
292.631 4 1
298.332 4 1
303.533 4 1
310.934 4 1
318.835 4 1
323.83099999999996 4 1
331.231 4 1
337.33099999999996 4 1
343.931 4 1
350.83099999999996 4 1
357.33099999999996 4 1
366.43199999999996 4 1
373.33099999999996 4 1
379.531 4 1
385.73199999999997 4 1
392.73199999999997 4 1
401.733 4 1
411.035 4 1
418.63199999999995 4 1
423.73199999999997 4 1
433.43199999999996 4 1
441.032 4 1
