4.034 4 1
12.235 4 1
21.125999999999998 4 1
28.026 4 1
33.226 4 1
38.326 4 1
43.726000000000006 4 1
51.227 4 1
61.126999999999995 4 1
70.22800000000001 4 1
77.63 4 1
87.331 4 1
93.03200000000001 4 1
100.634 4 1
106.735 4 1
112.32700000000001 4 1
119.728 4 1
128.828 4 1
134.528 4 1
140.028 4 1
145.528 4 1
151.72799999999995 4 1
159.628 4 1
164.729 4 1
170.229 4 1
179.831 4 1
188.733 4 1
194.43400000000003 4 1
200.635 4 1
206.729 4 1
213.229 4 1
219.829 4 1
225.02900000000002 4 1
231.729 4 1
237.229 4 1
243.02900000000002 4 1
250.62900000000002 4 1
259.93 4 1
265.13 4 1
270.73 4 1
276.731 4 1
282.332 4 1
289.934 4 1
296.035 4 1
302.23 4 1
311.03 4 1
320.031 4 1
325.83 4 1
333.631 4 1
342.931 4 1
350.931 4 1
355.931 4 1
361.83099999999996 4 1
370.731 4 1
377.73199999999997 4 1
386.134 4 1
393.535 4 1
401.23199999999997 4 1
406.23199999999997 4 1
412.832 4 1
419.73199999999997 4 1
427.532 4 1
435.63199999999995 4 1
441.032 4 1
