4.045 4 1
9.628 4 1
19.328 4 1
29.228 4 1
34.928000000000004 4 1
40.429 4 1
46.53 4 1
54.53100000000001 4 1
60.433 4 1
65.533 4 1
70.734 4 1
77.62899999999998 4 1
85.229 4 1
90.929 4 1
97.029 4 1
103.229 4 1
110.829 4 1
116.829 4 1
123.729 4 1
129.329 4 1
137.23 4 1
146.131 4 1
153.732 4 1
159.333 4 1
164.334 4 1
172.53 4 1
177.73 4 1
183.53 4 1
192.83 4 1
202.13 4 1
209.831 4 1
215.231 4 1
220.231 4 1
225.331 4 1
234.231 4 1
240.93099999999998 4 1
248.332 4 1
256.433 4 1
261.634 4 1
270.432 4 1
279.432 4 1
286.432 4 1
294.832 4 1
301.032 4 1
310.132 4 1
317.532 4 1
325.332 4 1
330.832 4 1
336.533 4 1
342.6330000000001 4 1
348.43300000000005 4 1
358.035 4 1
364.63599999999997 4 1
370.13300000000004 4 1
375.63300000000004 4 1
381.033 4 1
390.13300000000004 4 1
396.333 4 1
403.733 4 1
411.534 4 1
418.034 4 1
425.534 4 1
432.134 4 1
441.034 4 1
