4.0489999999999995 4 1
9.631 4 1
17.732 4 1
25.531999999999996 4 1
32.032 4 1
39.732 4 1
46.733000000000004 4 1
53.635 4 1
59.83600000000001 4 1
65.632 4 1
72.533 4 1
77.633 4 1
82.833 4 1
88.03299999999999 4 1
93.133 4 1
102.73299999999999 4 1
111.833 4 1
119.23299999999999 4 1
126.73299999999999 4 1
132.134 4 1
137.334 4 1
143.034 4 1
150.635 4 1
158.536 4 1
166.734 4 1
172.93400000000003 4 1
180.53400000000002 4 1
189.43400000000003 4 1
198.335 4 1
204.93400000000003 4 1
209.935 4 1
216.635 4 1
222.735 4 1
232.035 4 1
237.635 4 1
246.735 4 1
256.437 4 1
262.538 4 1
269.936 4 1
278.936 4 1
284.536 4 1
291.936 4 1
297.336 4 1
306.63599999999997 4 1
312.63599999999997 4 1
320.432 4 1
328.033 4 1
336.4369999999999 4 1
346.337 4 1
352.921 4 1
359.022 4 1
364.723 4 1
370.42400000000004 4 1
375.42400000000004 4 1
384.226 4 1
393.12800000000004 4 1
398.62800000000004 4 1
404.83 4 1
410.33099999999996 4 1
416.13199999999995 4 1
422.033 4 1
427.534 4 1
433.035 4 1
441.039 4 1
