4.0489999999999995 4 1
9.732000000000001 4 1
14.832 4 1
21.831999999999997 4 1
27.331999999999997 4 1
34.935 4 1
41.435 4 1
49.133 4 1
55.333 4 1
62.733000000000004 4 1
67.933 4 1
73.433 4 1
81.833 4 1
87.43299999999998 4 1
93.133 4 1
101.23299999999999 4 1
109.134 4 1
116.734 4 1
122.134 4 1
127.834 4 1
134.035 4 1
140.936 4 1
149.83700000000005 4 1
158.034 4 1
168.234 4 1
173.834 4 1
179.035 4 1
185.735 4 1
194.535 4 1
202.335 4 1
209.735 4 1
219.035 4 1
224.835 4 1
230.235 4 1
236.33599999999998 4 1
245.237 4 1
254.33900000000003 4 1
259.336 4 1
266.236 4 1
275.536 4 1
285.436 4 1
293.2290000000001 4 1
299.83 4 1
307.33099999999996 4 1
313.533 4 1
319.534 4 1
328.4369999999999 4 1
337.52 4 1
345.52099999999996 4 1
353.12300000000016 4 1
358.224 4 1
367.92699999999996 4 1
373.426 4 1
379.028 4 1
388.629 4 1
397.631 4 1
405.032 4 1
410.833 4 1
416.935 4 1
423.036 4 1
428.522 4 1
435.12199999999996 4 1
441.022 4 1
