4.069 4 1
9.035 4 1
14.627 4 1
20.127 4 1
25.526999999999997 4 1
31.226999999999997 4 1
37.027 4 1
46.126999999999995 4 1
51.227 4 1
58.128 4 1
67.429 4 1
77.131 4 1
82.932 4 1
90.53299999999999 4 1
97.935 4 1
104.536 4 1
110.728 4 1
117.62799999999999 4 1
126.02799999999999 4 1
133.528 4 1
138.628 4 1
147.429 4 1
153.529 4 1
163.429 4 1
171.63099999999997 4 1
177.232 4 1
183.935 4 1
191.93599999999998 4 1
197.335 4 1
205.12900000000002 4 1
213.23 4 1
219.33 4 1
225.93 4 1
235.03 4 1
240.93099999999998 4 1
247.93099999999998 4 1
252.93099999999998 4 1
258.931 4 1
267.931 4 1
274.432 4 1
283.334 4 1
291.235 4 1
298.631 4 1
308.231 4 1
315.83099999999996 4 1
323.431 4 1
328.631 4 1
334.731 4 1
342.13199999999995 4 1
347.832 4 1
353.032 4 1
359.23199999999997 4 1
364.43199999999996 4 1
369.93199999999996 4 1
375.533 4 1
381.034 4 1
389.936 4 1
396.13300000000004 4 1
401.832 4 1
411.13300000000004 4 1
420.033 4 1
427.833 4 1
433.333 4 1
441.033 4 1
