4.051 4 1
9.132 4 1
15.333 4 1
23.134 4 1
30.736 4 1
39.633 4 1
45.133 4 1
50.833 4 1
58.232 4 1
67.333 4 1
72.333 4 1
78.533 4 1
84.133 4 1
93.03299999999999 4 1
98.93299999999999 4 1
107.03299999999999 4 1
113.934 4 1
121.335 4 1
126.536 4 1
132.237 4 1
139.634 4 1
145.734 4 1
151.434 4 1
156.434 4 1
164.43400000000003 4 1
173.334 4 1
178.835 4 1
187.234 4 1
193.835 4 1
202.935 4 1
212.235 4 1
218.035 4 1
223.636 4 1
231.338 4 1
237.835 4 1
243.035 4 1
250.03599999999997 4 1
255.43599999999998 4 1
260.836 4 1
267.735 4 1
277.036 4 1
284.936 4 1
292.536 4 1
297.736 4 1
302.836 4 1
308.836 4 1
314.337 4 1
320.42 4 1
326.221 4 1
332.421 4 1
342.024 4 1
347.624 4 1
353.126 4 1
361.327 4 1
368.82800000000003 4 1
378.73 4 1
388.43199999999996 4 1
396.233 4 1
405.035 4 1
411.73800000000006 4 1
418.32099999999997 4 1
424.421 4 1
433.423 4 1
441.024 4 1
