4.044 4 1
10.234 4 1
15.435 4 1
21.436 4 1
31.026999999999997 4 1
38.527 4 1
47.527 4 1
55.126999999999995 4 1
60.927 4 1
66.628 4 1
72.128 4 1
77.729 4 1
84.631 4 1
90.03200000000002 4 1
99.93299999999999 4 1
109.234 4 1
115.936 4 1
121.02799999999999 4 1
126.029 4 1
132.128 4 1
138.72799999999998 4 1
144.629 4 1
150.429 4 1
156.128 4 1
165.028 4 1
172.62900000000005 4 1
177.83 4 1
183.03099999999998 4 1
190.732 4 1
200.43400000000003 4 1
208.235 4 1
215.62900000000002 4 1
221.73 4 1
227.23 4 1
234.63 4 1
240.13 4 1
245.13 4 1
250.23 4 1
258.33 4 1
264.431 4 1
271.33099999999996 4 1
276.932 4 1
284.332 4 1
289.935 4 1
298.835 4 1
307.236 4 1
314.83099999999996 4 1
323.731 4 1
332.83099999999996 4 1
339.43199999999996 4 1
345.13199999999995 4 1
351.332 4 1
359.531 4 1
366.032 4 1
374.032 4 1
381.832 4 1
391.134 4 1
396.535 4 1
402.736 4 1
410.63300000000004 4 1
419.733 4 1
428.533 4 1
434.033 4 1
441.033 4 1
4.044 4 1
10.234 4 1
15.435 4 1
21.436 4 1
31.026999999999997 4 1
38.527 4 1
47.527 4 1
55.126999999999995 4 1
60.927 4 1
66.628 4 1
72.128 4 1
77.729 4 1
84.631 4 1
90.03200000000002 4 1
99.93299999999999 4 1
109.234 4 1
115.936 4 1
121.02799999999999 4 1
126.029 4 1
132.128 4 1
138.72799999999998 4 1
144.629 4 1
150.429 4 1
156.128 4 1
165.028 4 1
172.62900000000005 4 1
177.83 4 1
183.03099999999998 4 1
190.732 4 1
200.43400000000003 4 1
208.235 4 1
215.62900000000002 4 1
221.73 4 1
227.23 4 1
234.63 4 1
240.13 4 1
245.13 4 1
250.23 4 1
258.33 4 1
264.431 4 1
271.33099999999996 4 1
276.932 4 1
284.332 4 1
289.935 4 1
298.835 4 1
307.236 4 1
314.83099999999996 4 1
323.731 4 1
332.83099999999996 4 1
339.43199999999996 4 1
345.13199999999995 4 1
351.332 4 1
359.531 4 1
366.032 4 1
374.032 4 1
381.832 4 1
391.134 4 1
396.535 4 1
402.736 4 1
410.63300000000004 4 1
419.733 4 1
428.533 4 1
434.033 4 1
441.033 4 1
4.044 4 1
10.234 4 1
15.435 4 1
21.436 4 1
31.026999999999997 4 1
38.527 4 1
47.527 4 1
55.126999999999995 4 1
60.927 4 1
66.628 4 1
72.128 4 1
77.729 4 1
84.631 4 1
90.03200000000002 4 1
99.93299999999999 4 1
109.234 4 1
115.936 4 1
121.02799999999999 4 1
126.029 4 1
132.128 4 1
138.72799999999998 4 1
144.629 4 1
150.429 4 1
156.128 4 1
165.028 4 1
172.62900000000005 4 1
177.83 4 1
183.03099999999998 4 1
190.732 4 1
200.43400000000003 4 1
208.235 4 1
215.62900000000002 4 1
221.73 4 1
227.23 4 1
234.63 4 1
240.13 4 1
245.13 4 1
250.23 4 1
258.33 4 1
264.431 4 1
271.33099999999996 4 1
276.932 4 1
284.332 4 1
289.935 4 1
298.835 4 1
307.236 4 1
314.83099999999996 4 1
323.731 4 1
332.83099999999996 4 1
339.43199999999996 4 1
345.13199999999995 4 1
351.332 4 1
359.531 4 1
366.032 4 1
374.032 4 1
381.832 4 1
391.134 4 1
396.535 4 1
402.736 4 1
410.63300000000004 4 1
419.733 4 1
428.533 4 1
434.033 4 1
441.033 4 1
4.044 4 1
10.234 4 1
15.435 4 1
21.436 4 1
31.026999999999997 4 1
38.527 4 1
47.527 4 1
55.126999999999995 4 1
60.927 4 1
66.628 4 1
72.128 4 1
77.729 4 1
84.631 4 1
90.03200000000002 4 1
99.93299999999999 4 1
109.234 4 1
115.936 4 1
121.02799999999999 4 1
126.029 4 1
132.128 4 1
138.72799999999998 4 1
144.629 4 1
150.429 4 1
156.128 4 1
165.028 4 1
172.62900000000005 4 1
177.83 4 1
183.03099999999998 4 1
190.732 4 1
200.43400000000003 4 1
208.235 4 1
215.62900000000002 4 1
221.73 4 1
227.23 4 1
234.63 4 1
240.13 4 1
245.13 4 1
250.23 4 1
258.33 4 1
264.431 4 1
271.33099999999996 4 1
276.932 4 1
284.332 4 1
289.935 4 1
298.835 4 1
307.236 4 1
314.83099999999996 4 1
323.731 4 1
332.83099999999996 4 1
339.43199999999996 4 1
345.13199999999995 4 1
351.332 4 1
359.531 4 1
366.032 4 1
374.032 4 1
381.832 4 1
391.134 4 1
396.535 4 1
402.736 4 1
410.63300000000004 4 1
419.733 4 1
428.533 4 1
434.033 4 1
441.033 4 1
