4.05 4 1
9.833 4 1
15.635 4 1
20.736 4 1
29.629 4 1
39.528 4 1
45.028999999999996 4 1
52.528999999999996 4 1
58.428000000000004 4 1
64.029 4 1
69.029 4 1
74.529 4 1
82.73 4 1
87.931 4 1
96.83200000000001 4 1
102.53299999999999 4 1
109.135 4 1
116.836 4 1
125.931 4 1
132.13 4 1
139.53 4 1
145.13 4 1
151.83 4 1
157.23 4 1
165.63 4 1
173.731 4 1
179.331 4 1
186.935 4 1
192.43200000000002 4 1
198.13400000000001 4 1
205.937 4 1
212.03599999999997 4 1
218.13099999999997 4 1
227.43099999999998 4 1
237.03099999999998 4 1
242.231 4 1
247.632 4 1
255.43200000000002 4 1
264.231 4 1
269.731 4 1
278.632 4 1
284.632 4 1
292.633 4 1
298.334 4 1
303.535 4 1
310.933 4 1
318.83299999999997 4 1
323.83299999999997 4 1
331.23199999999997 4 1
337.333 4 1
343.934 4 1
350.833 4 1
357.333 4 1
366.43300000000005 4 1
373.333 4 1
379.533 4 1
385.73400000000004 4 1
392.73400000000004 4 1
401.736 4 1
411.034 4 1
418.634 4 1
423.73400000000004 4 1
433.434 4 1
441.034 4 1
