4.035 4 1
13.727 4 1
22.627 4 1
30.428 4 1
36.428000000000004 4 1
42.628 4 1
48.028 4 1
54.128 4 1
59.628 4 1
64.72800000000001 4 1
73.83 4 1
81.331 4 1
86.432 4 1
94.333 4 1
101.735 4 1
114.729 4 1
120.829 4 1
129.929 4 1
137.529 4 1
143.22899999999996 4 1
151.329 4 1
157.03 4 1
163.53 4 1
170.53 4 1
175.53099999999995 4 1
181.232 4 1
191.13400000000001 4 1
200.03 4 1
206.93 4 1
212.83 4 1
223.93 4 1
230.53099999999998 4 1
239.331 4 1
245.13099999999997 4 1
250.63099999999997 4 1
259.031 4 1
266.731 4 1
274.932 4 1
280.533 4 1
288.134 4 1
293.635 4 1
302.532 4 1
309.132 4 1
314.332 4 1
321.032 4 1
329.032 4 1
336.832 4 1
346.13199999999995 4 1
352.332 4 1
365.032 4 1
371.13300000000004 4 1
380.73400000000004 4 1
390.035 4 1
395.43300000000005 4 1
401.63300000000004 4 1
406.833 4 1
414.43300000000005 4 1
419.63300000000004 4 1
428.634 4 1
436.034 4 1
441.034 4 1
