4.037 4 1
12.937999999999999 4 1
21.836 4 1
27.436999999999998 4 1
37.139 4 1
46.224 4 1
55.025 4 1
60.826 4 1
69.22800000000001 4 1
75.329 4 1
80.43 4 1
85.631 4 1
91.132 4 1
96.833 4 1
103.334 4 1
109.037 4 1
117.137 4 1
122.521 4 1
131.422 4 1
137.123 4 1
144.724 4 1
149.925 4 1
157.52700000000004 4 1
162.928 4 1
172.229 4 1
181.831 4 1
191.132 4 1
196.63299999999998 4 1
201.734 4 1
207.835 4 1
214.02200000000002 4 1
220.02200000000002 4 1
229.923 4 1
237.324 4 1
244.725 4 1
250.928 4 1
258.628 4 1
264.528 4 1
272.03 4 1
277.031 4 1
285.232 4 1
292.2340000000001 4 1
297.7340000000001 4 1
304.63599999999997 4 1
309.623 4 1
317.52299999999997 4 1
326.524 4 1
332.124 4 1
339.925 4 1
346.82599999999996 4 1
352.92800000000005 4 1
359.129 4 1
367.13 4 1
376.231 4 1
381.43199999999996 4 1
388.034 4 1
394.735 4 1
400.236 4 1
406.025 4 1
413.425 4 1
420.025 4 1
427.825 4 1
435.425 4 1
441.026 4 1
