4.045 4 1
12.929 4 1
19.83 4 1
25.430999999999997 4 1
32.032 4 1
38.133 4 1
44.13399999999999 4 1
51.536 4 1
57.025 4 1
64.925 4 1
70.325 4 1
77.825 4 1
83.025 4 1
92.626 4 1
100.228 4 1
109.12899999999999 4 1
114.23 4 1
121.631 4 1
126.632 4 1
132.733 4 1
142.635 4 1
148.236 4 1
157.526 4 1
166.826 4 1
174.42700000000005 4 1
180.127 4 1
185.327 4 1
193.127 4 1
198.628 4 1
205.52900000000002 4 1
211.23 4 1
220.032 4 1
226.533 4 1
235.635 4 1
241.83599999999998 4 1
248.028 4 1
256.228 4 1
262.028 4 1
269.628 4 1
279.328 4 1
286.728 4 1
292.128 4 1
301.23 4 1
307.031 4 1
313.732 4 1
320.33299999999997 4 1
325.334 4 1
333.735 4 1
338.936 4 1
344.829 4 1
351.829 4 1
359.93 4 1
366.129 4 1
375.03 4 1
382.83 4 1
387.931 4 1
395.931 4 1
402.031 4 1
407.63199999999995 4 1
413.13199999999995 4 1
420.834 4 1
426.535 4 1
432.036 4 1
441.031 4 1
