4.045 4 1
9.727 4 1
15.627 4 1
22.528000000000002 4 1
31.53 4 1
40.632 4 1
46.733000000000004 4 1
51.933 4 1
57.435 4 1
62.93600000000001 4 1
70.928 4 1
80.22800000000002 4 1
86.428 4 1
91.428 4 1
98.32799999999999 4 1
104.529 4 1
110.12899999999999 4 1
115.729 4 1
121.729 4 1
126.93 4 1
132.631 4 1
141.533 4 1
151.434 4 1
156.835 4 1
164.73 4 1
172.33 4 1
177.73 4 1
182.83 4 1
189.43 4 1
195.23 4 1
202.73 4 1
211.53 4 1
220.63 4 1
228.03099999999998 4 1
236.933 4 1
242.63400000000001 4 1
248.135 4 1
255.136 4 1
263.33099999999996 4 1
270.731 4 1
278.531 4 1
287.431 4 1
292.431 4 1
300.031 4 1
306.532 4 1
314.932 4 1
324.532 4 1
330.63199999999995 4 1
340.335 4 1
349.63599999999997 4 1
354.832 4 1
361.533 4 1
367.63300000000004 4 1
375.032 4 1
382.733 4 1
390.833 4 1
397.43300000000005 4 1
405.233 4 1
410.833 4 1
416.63300000000004 4 1
424.233 4 1
429.733 4 1
435.934 4 1
441.035 4 1
