4.0310000000000015 4 1
9.631 4 1
19.331 4 1
28.930999999999997 4 1
38.032 4 1
43.233000000000004 4 1
50.733999999999995 4 1
57.732 4 1
63.931999999999995 4 1
70.532 4 1
75.932 4 1
83.932 4 1
89.932 4 1
95.132 4 1
104.132 4 1
110.83200000000001 4 1
117.33200000000001 4 1
122.333 4 1
131.63299999999998 4 1
137.233 4 1
142.934 4 1
150.635 4 1
156.136 4 1
161.833 4 1
169.63299999999995 4 1
175.733 4 1
183.333 4 1
191.433 4 1
200.234 4 1
206.13400000000001 4 1
215.03400000000002 4 1
221.234 4 1
226.734 4 1
234.93400000000003 4 1
242.53400000000002 4 1
252.43599999999998 4 1
259.837 4 1
264.935 4 1
270.435 4 1
275.635 4 1
280.735 4 1
289.835 4 1
297.235 4 1
305.035 4 1
310.829 4 1
316.33 4 1
321.33099999999996 4 1
328.236 4 1
337.13599999999997 4 1
345.519 4 1
352.12 4 1
359.52099999999996 4 1
365.62300000000016 4 1
371.824 4 1
377.925 4 1
386.82599999999996 4 1
394.728 4 1
400.529 4 1
406.23 4 1
411.83099999999996 4 1
421.13199999999995 4 1
428.037 4 1
433.434 4 1
441.037 4 1
