4.047 4 1
12.229000000000001 4 1
21.129 4 1
28.03 4 1
33.231 4 1
38.332 4 1
43.733000000000004 4 1
51.233999999999995 4 1
61.136 4 1
70.23 4 1
77.63 4 1
87.33 4 1
93.031 4 1
100.631 4 1
112.331 4 1
119.73100000000001 4 1
128.832 4 1
134.532 4 1
140.033 4 1
145.534 4 1
151.735 4 1
159.631 4 1
164.732 4 1
170.232 4 1
179.832 4 1
188.732 4 1
194.43200000000002 4 1
200.632 4 1
206.733 4 1
213.232 4 1
219.832 4 1
225.032 4 1
231.733 4 1
237.234 4 1
243.035 4 1
250.636 4 1
259.933 4 1
265.133 4 1
270.733 4 1
276.73400000000004 4 1
282.334 4 1
289.934 4 1
296.034 4 1
302.233 4 1
311.034 4 1
320.034 4 1
325.834 4 1
333.634 4 1
342.9380000000001 4 1
350.939 4 1
355.934 4 1
361.834 4 1
370.735 4 1
377.735 4 1
386.135 4 1
393.535 4 1
401.235 4 1
406.235 4 1
412.835 4 1
419.735 4 1
427.535 4 1
435.63599999999997 4 1
441.036 4 1
