4.034 4 1
11.734000000000002 4 1
20.136 4 1
29.833000000000002 4 1
36.433 4 1
42.333 4 1
51.934 4 1
57.534 4 1
63.733999999999995 4 1
71.334 4 1
77.334 4 1
84.834 4 1
92.634 4 1
101.734 4 1
106.93700000000001 4 1
112.035 4 1
117.536 4 1
123.037 4 1
130.635 4 1
136.335 4 1
141.835 4 1
149.235 4 1
155.335 4 1
161.035 4 1
168.835 4 1
175.335 4 1
181.03599999999997 4 1
186.236 4 1
194.33599999999998 4 1
199.33599999999998 4 1
207.236 4 1
216.33700000000002 4 1
223.03799999999998 4 1
230.423 4 1
236.22400000000002 4 1
245.125 4 1
253.127 4 1
258.327 4 1
267.629 4 1
273.03 4 1
280.431 4 1
289.733 4 1
295.934 4 1
304.939 4 1
310.421 4 1
317.421 4 1
323.222 4 1
328.8230000000001 4 1
337.725 4 1
346.626 4 1
354.228 4 1
361.129 4 1
371.031 4 1
377.13199999999995 4 1
384.033 4 1
389.034 4 1
397.835 4 1
402.92199999999997 4 1
409.022 4 1
415.62199999999996 4 1
423.82300000000004 4 1
429.42400000000004 4 1
434.825 4 1
441.026 4 1
