4.051 4 1
9.533999999999999 4 1
17.135 4 1
23.621 4 1
29.121 4 1
35.321999999999996 4 1
40.923 4 1
46.924 4 1
54.925 4 1
61.12600000000001 4 1
68.628 4 1
80.53 4 1
85.631 4 1
91.53200000000001 4 1
96.633 4 1
104.834 4 1
110.535 4 1
117.92299999999999 4 1
122.92299999999999 4 1
129.023 4 1
134.523 4 1
141.124 4 1
150.225 4 1
159.327 4 1
168.22799999999995 4 1
178.13 4 1
185.53099999999998 4 1
202.234 4 1
207.635 4 1
215.424 4 1
220.62400000000002 4 1
226.424 4 1
234.325 4 1
243.925 4 1
251.326 4 1
259.028 4 1
268.72900000000004 4 1
277.131 4 1
285.232 4 1
290.83299999999997 4 1
299.735 4 1
305.82599999999996 4 1
314.626 4 1
320.426 4 1
328.026 4 1
333.426 4 1
342.426 4 1
347.42699999999996 4 1
356.728 4 1
366.03 4 1
372.931 4 1
379.13199999999995 4 1
390.434 4 1
396.535 4 1
403.12699999999995 4 1
408.827 4 1
415.827 4 1
423.42699999999996 4 1
428.62800000000004 4 1
434.12800000000004 4 1
441.028 4 1
