4.0489999999999995 4 1
10.231 4 1
19.933 4 1
27.634 4 1
33.335 4 1
40.924 4 1
50.224 4 1
59.123999999999995 4 1
66.625 4 1
72.125 4 1
77.226 4 1
83.227 4 1
91.029 4 1
98.63 4 1
105.531 4 1
113.53299999999999 4 1
122.53399999999999 4 1
128.635 4 1
135.626 4 1
141.726 4 1
147.326 4 1
153.026 4 1
160.626 4 1
166.12599999999995 4 1
174.327 4 1
179.72799999999995 4 1
185.52900000000002 4 1
202.231 4 1
210.033 4 1
216.53400000000002 4 1
226.43599999999998 4 1
231.627 4 1
240.52700000000002 4 1
249.627 4 1
258.527 4 1
263.927 4 1
269.828 4 1
278.228 4 1
283.4290000000001 4 1
289.63 4 1
297.732 4 1
302.83299999999997 4 1
310.2340000000001 4 1
319.536 4 1
326.129 4 1
332.2290000000001 4 1
337.829 4 1
347.42900000000014 4 1
354.829 4 1
360.329 4 1
366.529 4 1
371.529 4 1
376.72900000000004 4 1
383.33 4 1
389.131 4 1
395.832 4 1
401.533 4 1
407.035 4 1
412.635 4 1
421.73 4 1
428.63 4 1
433.63 4 1
441.03 4 1
