4.0489999999999995 4 1
10.132 4 1
17.834 4 1
25.835 4 1
33.231 4 1
39.031 4 1
44.131 4 1
49.831 4 1
55.431000000000004 4 1
65.131 4 1
71.23100000000002 4 1
78.131 4 1
83.53200000000002 4 1
91.931 4 1
96.932 4 1
103.132 4 1
111.23299999999999 4 1
116.434 4 1
124.236 4 1
133.132 4 1
138.332 4 1
143.332 4 1
152.333 4 1
157.833 4 1
164.833 4 1
171.333 4 1
176.833 4 1
183.733 4 1
190.433 4 1
199.733 4 1
207.333 4 1
213.13400000000001 4 1
222.736 4 1
231.834 4 1
237.53400000000002 4 1
245.13400000000001 4 1
250.63400000000001 4 1
257.23400000000004 4 1
263.23400000000004 4 1
269.834 4 1
275.934 4 1
283.435 4 1
289.635 4 1
298.535 4 1
304.435 4 1
312.036 4 1
321.937 4 1
327.33799999999997 4 1
335.235 4 1
344.035 4 1
351.436 4 1
360.336 4 1
365.436 4 1
374.736 4 1
379.931 4 1
385.431 4 1
391.032 4 1
399.236 4 1
404.936 4 1
412.32 4 1
420.121 4 1
429.223 4 1
435.42400000000004 4 1
441.025 4 1
