4.05 4 1
10.033 4 1
15.533 4 1
25.135 4 1
35.031 4 1
41.53100000000001 4 1
47.631 4 1
55.631 4 1
60.631 4 1
68.431 4 1
75.031 4 1
82.632 4 1
90.03200000000002 4 1
95.53200000000001 4 1
101.432 4 1
108.43299999999999 4 1
113.53399999999999 4 1
119.035 4 1
124.73200000000001 4 1
131.332 4 1
136.43200000000002 4 1
142.039 4 1
149.732 4 1
156.63299999999995 4 1
165.933 4 1
172.13299999999995 4 1
177.733 4 1
186.733 4 1
192.433 4 1
200.033 4 1
206.734 4 1
212.535 4 1
221.83599999999998 4 1
227.63400000000001 4 1
242.13400000000001 4 1
249.53400000000002 4 1
258.434 4 1
264.634 4 1
273.534 4 1
278.935 4 1
284.134 4 1
289.334 4 1
297.535 4 1
306.435 4 1
315.536 4 1
324.638 4 1
329.635 4 1
335.835 4 1
341.335 4 1
348.936 4 1
358.63599999999997 4 1
366.036 4 1
374.13599999999997 4 1
382.93699999999995 4 1
389.833 4 1
395.536 4 1
403.336 4 1
410.82 4 1
418.721 4 1
424.32199999999995 4 1
430.423 4 1
435.824 4 1
441.025 4 1
