4.05 4 1
9.533 4 1
15.633 4 1
21.333000000000002 4 1
27.433000000000003 4 1
32.833 4 1
41.933 4 1
50.833 4 1
60.535 4 1
68.13600000000001 4 1
74.334 4 1
82.03399999999998 4 1
87.53399999999998 4 1
93.734 4 1
98.934 4 1
104.735 4 1
113.634 4 1
118.834 4 1
124.235 4 1
129.235 4 1
139.135 4 1
144.335 4 1
152.335 4 1
160.536 4 1
166.237 4 1
175.135 4 1
182.035 4 1
189.43599999999998 4 1
196.136 4 1
203.94400000000002 4 1
209.736 4 1
215.33599999999998 4 1
220.93900000000002 4 1
227.03599999999997 4 1
233.03599999999997 4 1
240.63299999999998 4 1
246.136 4 1
253.636 4 1
260.22 4 1
267.82099999999997 4 1
275.723 4 1
283.825 4 1
288.928 4 1
294.026 4 1
299.931 4 1
306.528 4 1
315.33 4 1
323.131 4 1
331.533 4 1
340.834 4 1
348.23800000000006 4 1
355.621 4 1
361.82099999999997 4 1
370.923 4 1
376.42400000000004 4 1
385.726 4 1
391.327 4 1
400.32800000000003 4 1
406.029 4 1
412.53 4 1
422.13199999999995 4 1
429.033 4 1
434.034 4 1
441.035 4 1
