4.0489999999999995 4 1
10.23 4 1
19.53 4 1
27.33 4 1
33.03 4 1
42.03100000000001 4 1
48.131 4 1
54.331 4 1
63.231 4 1
68.832 4 1
74.533 4 1
82.535 4 1
91.431 4 1
96.431 4 1
102.131 4 1
107.631 4 1
117.23200000000001 4 1
123.73100000000001 4 1
132.531 4 1
139.934 4 1
148.032 4 1
157.132 4 1
163.032 4 1
169.63299999999995 4 1
177.035 4 1
184.43599999999998 4 1
190.533 4 1
200.433 4 1
206.63299999999998 4 1
212.63299999999998 4 1
219.533 4 1
225.033 4 1
230.033 4 1
237.033 4 1
244.93400000000003 4 1
253.333 4 1
258.534 4 1
264.134 4 1
270.835 4 1
275.938 4 1
285.0370000000001 4 1
290.534 4 1
299.434 4 1
305.2340000000001 4 1
310.334 4 1
318.135 4 1
323.334 4 1
329.135 4 1
338.835 4 1
346.535 4 1
353.135 4 1
358.535 4 1
364.135 4 1
371.735 4 1
381.037 4 1
388.539 4 1
396.13599999999997 4 1
403.736 4 1
410.63599999999997 4 1
416.036 4 1
421.236 4 1
429.42900000000003 4 1
435.53 4 1
441.031 4 1
