4.047 4 7.195884512296672
11.931 4 -88.9037401735395
18.132 4 6.3225193540138065
33.435 4 -21.274208667839353
42.336000000000006 4 -9.274815784986941
51.431000000000004 4 -14.182805778559569
60.73 4 -22.147573826122205
73.933 4 -24.330986721829362
81.73100000000001 4 1.414529360441179
86.932 4 -23.894304142687943
94.331 4 -83.12238502168401
99.331 4 -56.399022158113716
108.131 4 -2.9522964309731208
113.632 4 -7.860286424545762
130.235 4 3.265741300023791
138.032 4 -8.401450626704076
160.032 4 9.047096451879284
185.332 4 -5.24019094969718
197.033 4 -55.525656999830865
209.833 4 -44.39962927526131
216.433 4 -18.9863141491153
223.834 4 -31.963553813267474
231.43599999999998 4 -55.08897442068943
237.233 4 -18.549631569973883
248.13299999999998 4 -51.491032164541096
261.23400000000004 4 3.7024238791652238
273.23400000000004 4 -39.491639281688684
278.334 4 -16.366218674266726
285.834 4 -33.71028412983319
295.135 4 -54.652291841548
328.036 4 -38.181591544264386
343.635 4 -23.020938984405078
349.735 4 -71.55967471797304
362.835 4 -43.08958153783703
371.835 4 -13.746123199418133
389.635 4 -23.45762156354651
395.236 4 -11.894911259835524
401.835 4 -19.964160930415062
417.336 4 -61.74369473082778
423.036 4 -11.458228680694091
431.921 4 -20.83752608869792
