4.048 4 -0.1448186961781659
10.731 4 -0.2684071453932045
19.633 4 0.5011756623394661
28.734 4 -0.2572604170032409
34.835 4 0.6473190470900556
41.028999999999996 4 -0.21556493699223844
50.928999999999995 4 -0.31699440688317515
59.729 4 -0.025565549316369285
66.729 4 0.014035411269332498
75.12899999999998 4 0.38991228163687
82.729 4 0.6437134357668466
90.23 4 0.1251242284630638
95.73 4 -0.3380640274314529
103.131 4 -0.24603584139177576
109.73200000000001 4 0.2145969050975574
117.53299999999999 4 0.587495386176506
123.53399999999999 4 -0.17514530203943873
130.936 4 -0.28755009528590064
137.83 4 0.025849699456975798
147.531 4 -0.2791604529839397
153.731 4 -0.019013464775090468
163.33100000000005 4 -0.2892572604406445
168.93099999999995 4 0.15876956173759166
174.03099999999995 4 -0.29486389276928915
179.731 4 0.3465155470643353
187.43099999999998 4 -0.33032573238253965
192.93099999999998 4 -0.3417675598926019
198.13099999999997 4 0.5914664455390581
203.532 4 -0.14889314235252202
208.733 4 0.4987385350911439
213.93599999999998 4 -0.3390843416908393
219.835 4 -0.3237174751105193
225.435 4 0.06710392622544104
231.13099999999997 4 0.5569536700747442
238.732 4 -0.3374247688687709
247.732 4 -0.2325210319119527
253.832 4 -0.12225182168883172
259.232 4 0.5856819086205967
266.832 4 -0.3125446824508648
275.033 4 -0.3379979537959433
282.83299999999997 4 0.5065645140672914
287.832 4 -0.3410011126442661
293.533 4 0.17595069885288778
302.633 4 0.4475211481987236
308.133 4 0.22655819171358701
317.035 4 -0.34165081018464544
322.536 4 -0.055738099889856285
330.43300000000005 4 -0.3081354121967709
336.033 4 -0.17404227773694075
344.13300000000015 4 0.4501494981625924
350.73400000000015 4 -0.08394110556658663
360.034 4 -0.3366807959282108
368.934 4 -0.1476389741812625
375.034 4 -0.12085018912174306
380.034 4 -0.19721310122811064
386.23400000000004 4 -0.34016316039605243
391.334 4 0.06208501262585675
397.834 4 0.3871624842605575
405.23400000000004 4 -0.2887918999962102
412.135 4 -0.1531744073598755
417.936 4 -0.3259878309095463
427.23800000000006 4 0.6271129977901739
435.235 4 0.6566111522032949
441.035 4 -0.2695522715633393
