4.043 4 -0.24913080647485705
12.935 4 -0.23993084602271755
21.135 4 -0.2362143678767905
27.335 4 -0.21141848309618266
33.135 4 -0.257123481678043
38.335 4 0.5503141576766805
47.635 4 0.20950122421919934
57.33600000000001 4 -0.2501705466713305
66.236 4 -0.2571614783059196
71.437 4 -0.247998385926588
80.339 4 -0.24917263108313195
86.023 4 0.6565976853049805
94.825 4 -0.2575270983795393
102.927 4 -0.1505695291487134
108.62700000000001 4 -0.2571427949647965
114.728 4 -0.2574871194067325
122.329 4 -0.20826086704267294
130.131 4 -0.25425030485026273
135.732 4 0.6302232468694801
144.733 4 0.3182479749637117
150.137 4 0.6028324010864023
156.83700000000005 4 0.7422460385960636
163.721 4 -0.2576363093957515
168.72099999999998 4 -0.14076854191417898
174.622 4 -0.2404861689271948
179.72299999999996 4 -0.24884965331662184
185.824 4 0.2953485479234774
192.425 4 -0.030536474221212445
198.226 4 -0.010518578580348796
205.827 4 -0.23876743531330696
212.02900000000002 4 0.7351615670787613
218.03 4 -0.25768067173391634
225.831 4 -0.2508682332630915
233.732 4 -0.15412578281730208
238.733 4 -0.2572437707504344
244.234 4 0.015885230367060632
250.835 4 0.7406763212223375
256.422 4 -0.25446987114899106
262.122 4 -0.21784179301454287
269.622 4 -0.2564566642379749
278.724 4 -0.2549467704086662
284.224 4 -0.20538453836617385
291.626 4 0.7417961382490181
301.228 4 0.5911928721278222
306.7290000000001 4 -0.14462415799899772
316.63 4 0.5702987267767887
324.032 4 0.7323108700439805
332.43300000000005 4 0.4704658997294959
339.834 4 -0.1967837545536888
349.13599999999997 4 -0.25769876953091625
357.12300000000016 4 -0.2576834081197047
362.523 4 -0.20351281799181656
369.024 4 -0.1307070695022274
374.224 4 0.1888526595727933
380.425 4 -0.2564503430428399
386.026 4 -0.1152441082170252
391.527 4 -0.2575142989524525
398.528 4 0.5808477670266411
403.629 4 0.7347599315703449
412.73 4 -0.2575390672069168
420.332 4 0.7289933319067298
426.43300000000005 4 -0.2576983719569387
433.334 4 0.19910843598036104
441.035 4 -0.2499608635705475
