4.066 4 -0.046874174522916014
9.031 4 -0.2194524723349894
14.632 4 -0.2183941500699108
20.132 4 -0.1533101957277686
25.531999999999996 4 -0.21977074678389175
31.232 4 -0.21764151825754546
37.033 4 -0.2023969016026716
46.13399999999999 4 -0.19476108516493928
51.235 4 -0.20775348130440088
58.132 4 -0.21968663819643447
67.432 4 -0.196162490236159
77.133 4 0.19699229685798786
82.93299999999998 4 0.6732946127747808
90.53299999999999 4 -0.21979063820052647
97.93299999999999 4 -0.2070261623607489
104.53299999999999 4 0.6666344660974939
110.73299999999999 4 -0.21769248240129013
117.633 4 -0.039631640110556365
126.03299999999999 4 0.7514923224763951
133.534 4 -0.21978803206014447
138.634 4 -0.2197845071022231
147.435 4 0.09459605447958636
153.537 4 0.4309368483917879
163.434 4 0.20054118527760845
171.63400000000001 4 -0.2197598340080847
177.234 4 -0.21771751646890375
183.93400000000003 4 -0.09119318129825926
191.93400000000003 4 -0.2197953597430204
197.334 4 0.20410943730133932
205.135 4 -0.21907864500397412
213.234 4 0.7798056238897901
219.335 4 0.42663880526453374
225.935 4 -0.216758773834314
235.035 4 -0.1855015334982387
240.935 4 0.5534104518138259
247.937 4 0.01979671777776532
252.937 4 -0.2183241507365425
258.939 4 -0.2197429792616633
267.936 4 -0.21547068548060505
274.436 4 0.3143731948809104
283.335 4 -0.21946075966202608
291.236 4 0.7799994500477008
298.63599999999997 4 -0.122917975855843
308.236 4 -0.09392600426721892
315.832 4 -0.19418418828458112
323.433 4 -0.19532538196190846
328.63599999999997 4 0.08600781172461308
334.736 4 0.7532333914083731
342.12 4 -0.1259818256889791
347.82099999999997 4 -0.2194730211822321
353.022 4 -0.2187922617671896
359.223 4 -0.15407112214413726
364.42400000000004 4 -0.2137205850338698
369.925 4 -0.218341745525032
375.526 4 -0.21978436044875332
381.027 4 -0.2195601758971228
389.931 4 0.09185891675093157
396.129 4 -0.15257833789511954
401.83 4 -0.09253241854293856
411.13199999999995 4 -0.21779208819903276
420.034 4 -0.21097560465285936
427.835 4 -0.15478758333026715
433.338 4 -0.21127983345962334
441.022 4 -0.04324019792416645
