4.051 4 0.41237160662828304
13.335999999999999 4 -0.264674882340935
18.822 4 0.21635689343302528
26.421999999999997 4 -0.07984207054115852
31.522 4 -0.2874117406520892
39.424 4 0.6571767939077131
47.825 4 -0.2880918941757476
55.226000000000006 4 0.02833467255406613
60.927 4 0.32054520325502683
65.928 4 -0.26880979595933546
71.829 4 -0.2339413096446573
80.831 4 0.19530874575385326
86.33200000000002 4 -0.08473194396026247
95.23299999999999 4 0.539109790395712
100.334 4 -0.287852150917252
108.13600000000001 4 -0.2821569506949962
113.723 4 0.0982735712278417
119.42399999999999 4 0.024011504417954355
126.324 4 -0.21101874967409012
134.024 4 -0.014093173269469572
141.025 4 -0.21657993808827966
147.626 4 -0.2879884761305805
153.02700000000004 4 0.49988411418230294
160.628 4 -0.19006787977134765
170.53 4 -0.1910049797436949
178.03099999999995 4 0.3995275673731778
183.832 4 -0.26386005362069004
189.933 4 0.6711848016654967
199.035 4 -0.2705849331044544
204.236 4 0.7011624623194472
209.725 4 -0.2818757809573145
216.625 4 -0.2880666190480101
225.92700000000002 4 -0.284705570156335
230.926 4 -0.2745746683674653
237.125 4 0.1166681840764427
243.226 4 -0.2734493532932927
248.42700000000002 4 -0.2769973322983831
254.93 4 0.5333039629854124
261.629 4 -0.11914058146074137
266.83 4 -0.2806271465287554
275.732 4 0.1084195828198748
285.33299999999997 4 -0.03875096393865424
290.936 4 -0.2743374481468398
296.535 4 -0.19848868707430944
304.32599999999996 4 -0.1925467123730643
311.726 4 -0.12669996679278045
317.726 4 0.6033759063655715
323.927 4 0.5850358594573115
332.1269999999999 4 -0.28707550612365146
341.227 4 -0.257381176163601
346.931 4 -0.2856762505737451
352.32800000000015 4 0.6731256963976289
358.129 4 -0.19162343988911407
364.731 4 -0.2837069813869438
370.93300000000005 4 0.6130974489804988
378.333 4 -0.2804939211664648
383.834 4 -0.28671530226100617
391.435 4 -0.2862917999371967
400.32800000000003 4 -0.2871437614584783
406.42800000000005 4 0.2977832392393163
416.12800000000004 4 0.7102872390953048
424.12800000000004 4 -0.28760964618756696
432.92900000000003 4 0.6792720958587595
441.028 4 0.6533896586399288
