4.043 4 -0.09577324988559112
13.335999999999999 4 -0.0957866114540155
20.736 4 -0.09578661865648573
26.336 4 -0.0950270547616756
35.436 4 -0.09578661867307116
42.136 4 -0.09578661867772212
47.833 4 -0.0957866178827216
54.036 4 0.101022135146255
61.636 4 -0.09578661859094244
69.72 4 -0.09578661844190156
77.221 4 -0.09578661867146168
84.22200000000002 4 -0.09232304795954066
92.024 4 -0.09578661866358353
98.025 4 -0.09578661863921342
103.82600000000001 4 -0.0957866170760998
108.82700000000001 4 -0.09569455019017983
117.62799999999999 4 -0.09415890805043406
125.83 4 -0.0957628524656235
134.731 4 0.7310870175226386
140.232 4 -0.09578661867769883
147.834 4 -0.09578455948677073
157.738 4 0.17213798901190808
163.121 4 -0.09576249825186077
170.021 4 -0.07192032828312127
176.222 4 -0.07224253264103604
181.925 4 -0.09578386604916307
187.824 4 -0.09576879006050353
193.025 4 0.04687099949693586
199.12599999999998 4 -0.09578661867771028
207.127 4 -0.06474846947891771
213.22799999999998 4 -0.0957866185205358
220.93 4 -0.09578660119127826
226.53099999999998 4 -0.08620717344851404
233.132 4 -0.09577033509541877
239.233 4 -0.05151273985737872
248.335 4 -0.09573459934602138
253.43599999999998 4 -0.09578660565203044
260.02299999999997 4 -0.09578661867356042
265.02299999999997 4 0.7847346539159774
270.52299999999997 4 -0.09578661578471848
277.02299999999997 4 -0.0957866186774723
283.9240000000001 4 -0.09578627032462804
289.425 4 0.23645211992106946
298.327 4 0.048641368605435095
307.628 4 -0.09535343741671408
316.53 4 0.600306160982915
321.731 4 -0.09578355731575414
331.43199999999996 4 0.4706577447077907
338.834 4 -0.07772286296595551
344.035 4 0.7356773221634368
351.624 4 -0.0957825282444688
360.624 4 -0.0957866186692845
366.42400000000004 4 -0.09578661867772212
371.524 4 -0.09578661867766536
377.024 4 0.17518793968102586
386.626 4 -0.09539021680961757
394.527 4 -0.08307378831868645
399.92800000000005 4 0.8124560964655343
405.529 4 -0.0946738067848234
411.23 4 0.06182173109827084
418.631 4 0.01618049091178879
426.43300000000005 4 -0.09578661867772212
432.634 4 -0.07917615575650344
441.035 4 -0.09578661867704794
