4.0489999999999995 4 -0.18010654133635395
12.232000000000001 4 -0.2734321373234912
18.433 4 0.7053662383407534
23.434 4 -0.0690646571324319
28.935 4 -0.09461422431343376
33.93 4 -0.10797976632265432
40.029 4 -0.2615922949600667
46.629 4 0.03095803204441672
52.129 4 0.339979451240618
61.229 4 -0.2785052116789267
66.931 4 -0.1652210616603812
73.529 4 0.6553425322425437
81.429 4 -0.2810446614018909
87.12899999999998 4 -0.24008845505496934
94.03 4 -0.28093341926372883
99.531 4 -0.12050011895525928
106.03200000000001 4 -0.2679280607177915
114.134 4 0.4515170960442927
123.035 4 -0.2121332913411328
130.63 4 -0.2820604756544485
136.43 4 -0.28242595321194125
141.83 4 -0.2294213091059024
151.131 4 -0.28194033761523346
156.53 4 -0.027464972927213668
162.43 4 -0.16745709550282462
169.83 4 -0.2824021679954558
176.53 4 -0.28020205317641433
184.53099999999998 4 0.5886733161695531
193.43099999999998 4 -0.2759715974663009
201.232 4 -0.2753706710278089
207.333 4 0.24104979649502245
213.334 4 0.7159199485575033
218.835 4 -0.2772702791788592
227.63099999999997 4 -0.18964092523455284
232.831 4 0.6504591867468856
241.93400000000003 4 -0.27931915123864576
249.532 4 -0.2802553979231145
258.532 4 -0.176033852168123
264.132 4 -0.2767837131304411
269.832 4 -0.057229737341264075
275.032 4 0.09310312495772056
281.933 4 -0.2811489020705914
290.832 4 -0.2784141082186815
300.733 4 -0.03630164492359833
310.335 4 0.08712658287441227
317.736 4 0.2859812970169674
322.83299999999997 4 -0.2507290748755755
328.6330000000001 4 -0.2805992074887237
336.333 4 0.5871188265517941
342.533 4 0.15669329035727292
347.733 4 -0.26408442902774004
355.13300000000015 4 0.04297068520648534
362.733 4 -0.26558301669444073
370.233 4 0.717304089309538
379.534 4 0.6657414027317595
387.334 4 -0.28188953499946484
393.534 4 0.7036204431824035
400.534 4 -0.2688345762857641
406.135 4 0.6179006838290906
412.236 4 0.6466524692838898
420.63699999999994 4 -0.00429804065044137
426.23400000000004 4 -0.27488524185125257
431.334 4 -0.27690895892352074
441.035 4 -0.2077919062052933
