4.048 4 0.7234838084081481
11.931 4 -0.2687424339884517
18.133 4 0.6945812347021876
26.534000000000002 4 -0.14275511107016828
33.436 4 -0.17375591242818048
42.324 4 0.0640673903196935
51.424 4 -0.12512033630288436
60.724 4 -0.15290566356421192
68.425 4 -0.259110523817291
73.926 4 -0.0812970806712991
81.727 4 0.6507813205820849
86.928 4 -0.0981698485885141
94.329 4 -0.2687373369568709
99.33 4 -0.2677517871462468
108.132 4 0.6776244665649429
113.633 4 0.6713822690773458
123.53399999999999 4 -0.23927315743481464
130.235 4 0.47202076807946397
138.025 4 0.011263268215607249
146.92700000000005 4 -0.2685011891076721
152.025 4 -0.2076016852759629
160.026 4 0.19295675205807286
166.52599999999995 4 -0.2063101944927017
174.127 4 -0.2656107095870266
179.127 4 -0.015800525531460833
185.329 4 0.4696570934167631
190.93 4 -0.2674924118758664
197.03099999999998 4 -0.2679526197238426
204.632 4 -0.11279196059765115
209.833 4 -0.26430472623463225
216.43400000000003 4 0.11756397681086013
223.835 4 -0.2515611819913188
231.42700000000002 4 -0.26803741283850074
237.227 4 0.08707055299138039
242.627 4 -0.260105736288468
248.127 4 -0.2659591265532031
254.327 4 0.6105168989826812
261.22700000000003 4 0.5109518625915334
267.127 4 0.3046174817766959
273.22700000000003 4 -0.2565837464345617
278.328 4 -0.03891554049550097
285.83 4 -0.24240303317148545
295.131 4 -0.2681132281397543
303.233 4 -0.24778021506176134
308.935 4 0.5769742990975733
314.334 4 -0.2565045838839133
322.536 4 -0.1921935872044794
328.028 4 -0.2599689277741404
334.028 4 -0.2454198174652898
343.62800000000016 4 -0.12792355746290668
349.728 4 -0.2686986413380152
357.12800000000016 4 -0.2681234601914861
362.829 4 -0.2655601876584393
371.829 4 -0.1384034630681953
377.029 4 0.11944614615681125
384.03 4 -0.1840558592488139
389.631 4 -0.11368432996754645
395.23199999999997 4 0.26388559364289155
401.833 4 -0.19856963676436315
407.634 4 0.38393126659053145
417.336 4 -0.268353327770978
423.029 4 0.2266719066154673
431.931 4 -0.18281962787422015
441.03 4 0.6728259803749843
