4.042 4 -0.08593951939687992
13.927 4 0.00624602053383895
19.428 4 -0.08593951944738917
27.829 4 -0.08593950849497413
33.43 4 0.006351943027410267
39.131 4 -0.08593951942834213
48.833 4 -0.08582191289192892
55.833999999999996 4 -0.08359843920046194
64.63600000000001 4 -0.08593951939689158
72.725 4 -0.08593951944821608
80.125 4 -0.08033130206523284
89.425 4 -0.08032422238330134
94.925 4 -0.08582178385358946
101.126 4 -0.08593951942831485
110.427 4 -0.08592564685778062
119.529 4 -0.04495177514824652
124.53 4 -0.08593951942831485
131.13 4 -0.0859395193969034
139.132 4 -0.0836029246009017
144.833 4 -0.08582204178982747
150.234 4 0.4014861138350269
157.836 4 0.0061578383720074506
164.52700000000004 4 -0.08032186053830763
170.627 4 -0.08593888635102828
178.426 4 -0.08593951897724028
183.826 4 -0.08593951944821608
192.02700000000002 4 -0.08359943668965121
199.42700000000002 4 -0.08593951944821608
208.52700000000002 4 -0.08360242664206713
214.729 4 -0.08593926980752854
220.63 4 0.4019017097433347
227.53099999999998 4 -0.08593951944821608
234.93200000000002 4 0.7096366943315489
240.033 4 -0.08593951944821235
247.53400000000002 4 -0.08593951944606468
253.53599999999997 4 -0.08593951944821608
259.027 4 -0.08593950849746299
264.628 4 -0.0859395085024408
273.528 4 -0.08033366000950519
278.728 4 -0.08032776332134499
285.228 4 0.7094926110061863
290.828 4 -0.08593951823820073
297.728 4 0.7099967978691509
304.329 4 -0.08593950848501895
312.029 4 0.7100688005826216
318.23 4 -0.08593888592386728
324.33099999999996 4 -0.04486987017296865
332.13199999999995 4 -0.08032304158280049
337.334 4 0.006334281403250625
346.335 4 -0.08593951944818153
352.436 4 -0.08359993527699575
358.129 4 -0.08593951944738917
367.029 4 -0.08593398527017322
374.92900000000003 4 -0.08582196446793157
379.931 4 -0.08593949145908099
385.43 4 -0.08582175802905583
395.03 4 -0.08593951897799626
400.23 4 -0.08033012272764993
409.13 4 -0.08032540293985974
414.931 4 -0.0859256345290468
422.532 4 0.006140211379184496
427.63300000000004 4 -0.08593949147811437
435.23400000000004 4 -0.08593951939685628
441.035 4 -0.08593399143786948
