4.05 4 -0.08593951944818153
12.932 4 -0.08593951897777911
21.833000000000002 4 -0.04483706421011288
27.433000000000003 4 -0.08593951944812689
37.134 4 -0.08593926941320801
46.235 4 -0.08592562218941018
55.033 4 -0.08592565301806197
60.833 4 0.7102847726618436
69.234 4 -0.08359893799748133
75.333 4 0.40217887869069613
80.433 4 0.006228377806817703
85.633 4 0.40176315676257
91.134 4 -0.04491084228076057
96.834 4 -0.08593951824013188
103.334 4 -0.08593949146542693
109.03399999999999 4 -0.08593398897161574
117.134 4 -0.08593951944821232
122.53399999999999 4 -0.08593951944821608
131.434 4 0.006193101795733208
137.135 4 -0.08593951944818153
144.736 4 -0.08593397909563227
149.94 4 -0.08592563144516027
157.534 4 -0.08593926992007925
162.934 4 0.7094205603789585
172.235 4 0.4015553666846571
181.835 4 -0.08359794029857164
191.135 4 -0.08593951944821608
196.635 4 -0.08593951944812696
201.735 4 0.006210738227611964
207.835 4 -0.08564931466045562
214.035 4 -0.08593951942832394
220.03599999999997 4 -0.08593949144003457
229.937 4 -0.08593951942833304
237.33599999999998 4 -0.08593926969492728
244.737 4 0.4013476239074866
250.94 4 -0.08593951944821593
258.639 4 -0.08593888620867317
264.536 4 -0.08593398403581659
272.025 4 0.4022481840425497
277.026 4 -0.08593949148445604
285.2270000000001 4 -0.044894458148446725
292.2290000000001 4 -0.08593888663564282
297.7290000000001 4 0.4021095785836412
304.631 4 0.7099247891522479
309.631 4 -0.04490265099955002
317.533 4 -0.08564912496170334
326.5370000000001 4 -0.08582206755256562
332.1380000000001 4 -0.08593951944606562
339.921 4 0.4018324306275377
346.82199999999995 4 -0.08593951944821608
359.124 4 -0.08593888649335149
367.125 4 -0.08593951944738917
376.227 4 -0.04486167103948295
381.42699999999996 4 -0.08593949143368303
388.029 4 -0.08593399267058394
394.73 4 -0.08582188709549862
400.231 4 -0.0859395193968681
406.032 4 -0.08593888563893354
413.43300000000005 4 -0.08593951944821608
420.034 4 -0.08593951897735287
427.839 4 -0.08593951944818153
435.42199999999997 4 -0.08593951944812693
441.022 4 -0.08593951897810083
