4.0489999999999995 4 -0.08564963055198575
12.933 4 -0.08033248115916819
19.834 4 -0.08564899842755558
25.435 4 -0.08593951944738917
32.025 4 -0.08593951944818153
38.125 4 -0.08582199024750924
44.125 4 0.710356751320979
51.525 4 0.7095646556584018
57.026 4 0.006316622929834079
64.926 4 -0.08593951944821591
70.327 4 -0.04484526805833758
77.828 4 -0.0858218354857871
83.029 4 -0.08593398156627131
92.631 4 -0.044935406707841664
100.23200000000001 4 0.006263666409163468
109.133 4 -0.08593949145273372
114.235 4 0.7097087270215665
121.63600000000001 4 0.7101407972886028
126.62700000000001 4 -0.044878067735438364
132.727 4 -0.08359744129179185
142.627 4 -0.08593398773807404
148.227 4 -0.08592564993826156
157.52700000000004 4 -0.08593950848999649
166.828 4 -0.08593951944606419
174.429 4 -0.08593888606628618
180.12900000000005 4 -0.08593949144638491
185.33 4 0.4023174946379933
193.13099999999997 4 -0.044919031992357375
198.63299999999998 4 0.7104287239563718
205.53400000000002 4 -0.08593926975123645
211.235 4 -0.08564944105801163
220.028 4 -0.08592562836059209
226.528 4 -0.08593951944821608
235.628 4 -0.08593399020487599
241.828 4 -0.08593951897767456
248.028 4 -0.08593951897757002
256.228 4 -0.08593951944821235
262.029 4 -0.08593950848750771
269.629 4 0.0062989676066727285
279.33099999999996 4 0.4014168662422383
286.732 4 -0.0859395194481269
292.132 4 -0.08593951944821608
301.2340000000001 4 -0.08582193868273742
307.035 4 -0.0859395189778917
313.737 4 -0.08593949147177132
320.329 4 -0.08593951942832394
325.329 4 0.7097807537243949
333.73 4 -0.08593926952593274
338.93 4 -0.08593951942833304
344.83 4 0.4020402837225925
351.83 4 -0.08592563761225212
359.93199999999996 4 -0.08593951944821608
366.13 4 -0.08582201602147398
375.03 4 -0.0859395194460661
382.832 4 -0.08593888578141644
387.934 4 -0.08564893513997897
395.934 4 -0.08593951823930464
402.035 4 -0.08593951944821608
407.63599999999997 4 -0.08593950850492274
413.131 4 -0.08593951944606673
420.83099999999996 4 -0.08360093213728732
426.531 4 -0.08593398033108515
432.031 4 -0.0856493778660596
441.031 4 -0.08593951944821232
