4.0489999999999995 4 -0.13885067617764635
12.932 4 -0.04710577924649284
19.833 4 -0.26737597072334185
25.434 4 -0.2790678515325798
32.035 4 -0.301781300337143
38.135999999999996 4 0.6243999513058078
44.131 4 -0.01561740218653884
51.53100000000001 4 0.3818944287787445
57.03100000000001 4 -0.09365666485376528
64.931 4 -0.3444538204340949
70.331 4 0.65120874339052
77.832 4 0.4462448302535225
83.03200000000002 4 0.20530068084335085
92.632 4 0.42776007836702656
100.23200000000001 4 -0.017940862736244508
109.132 4 -0.32558743302458315
114.23299999999999 4 0.3015330303008854
121.634 4 0.07657674103265377
126.635 4 0.6330409620752738
132.736 4 0.5529786976599534
142.63299999999995 4 0.4042788197226367
148.232 4 -0.24091955064815276
157.533 4 -0.08255297779285231
166.833 4 -0.3423130778726525
174.433 4 -0.30799243237755425
180.13299999999995 4 -0.32755967987440904
185.333 4 0.6134784181901264
193.13299999999998 4 0.5017736478565237
198.63299999999998 4 -0.04276877145143548
205.533 4 0.16429476804065335
211.233 4 -0.18976601921635267
220.035 4 -0.2939472617023815
226.53599999999997 4 -0.33644837829943675
235.63400000000001 4 0.4803522280852168
241.834 4 -0.16479160303330762
248.03400000000002 4 -0.1811302811478676
256.23400000000004 4 -0.3438786261489877
262.034 4 -0.10516114584546812
269.634 4 -0.07016881203078695
279.335 4 0.14957618740401846
286.735 4 -0.34327018728134945
292.135 4 -0.3285031140619483
301.235 4 0.5792240579278254
307.035 4 -0.12778770659361666
313.735 4 -0.31827404129771314
320.336 4 -0.2453381187147264
325.336 4 0.2615220718283073
333.73800000000006 4 0.027923165571013372
338.936 4 -0.2234874344176253
344.836 4 0.4988649493957532
351.836 4 -0.2754799467609426
359.93800000000016 4 -0.34336354644091105
366.13599999999997 4 0.6398472723139135
375.036 4 -0.34085032557050104
382.836 4 -0.31502503917545915
387.931 4 -0.2748879303802198
395.935 4 -0.3324843708343548
402.033 4 -0.33437853144634844
407.63599999999997 4 0.09001424497442351
413.13599999999997 4 -0.3403731289941491
420.82 4 0.6535407569809197
426.52099999999996 4 0.16738741086053574
432.022 4 -0.20405793819498227
441.023 4 -0.3439899529071074
