4.039 4 0.09996338343208976
12.227 4 -0.18512622997712155
17.227 4 -0.17363597474457054
25.326999999999998 4 0.7804182899996426
34.228 4 -0.17318476119556325
42.629 4 0.7779255146709922
47.83 4 -0.15801155689879098
55.431000000000004 4 -0.19910279415351964
64.533 4 -0.19877946530226373
71.934 4 -0.19923727030944807
81.22800000000002 4 -0.1250669090396489
86.728 4 -0.1853042597077508
94.62899999999999 4 -0.1851620124275672
102.228 4 -0.12524363994195115
111.929 4 -0.1574001788353543
117.62899999999999 4 0.10364175197841513
125.12899999999999 4 0.7782900341101713
131.329 4 -0.19916230837740453
138.22899999999998 4 0.6658458935258582
147.031 4 -0.1992373483710212
152.231 4 -0.1243560020203877
161.13299999999995 4 0.77718810721386
166.834 4 0.7800706098761472
172.235 4 -0.08425889000820756
178.33 4 -0.1992049113301668
185.73 4 -0.0829209669138067
191.33 4 -0.19834966289575334
197.83 4 -0.1906925301488892
205.63 4 -0.19925120826143589
214.73 4 -0.19925157270314825
220.33 4 -0.1989669866860916
225.43 4 -0.1853396019492932
231.13 4 0.4548034421929457
240.03 4 -0.12559591230895806
247.732 4 -0.19777177588797146
254.63299999999998 4 -0.15861435724985007
260.134 4 0.6697473624439114
266.335 4 -0.15851448140803298
271.431 4 -0.08479008755368522
278.431 4 -0.19925159819348195
285.131 4 -0.0826516720877386
294.131 4 -0.18505439884043204
300.731 4 -0.19058209340010687
308.131 4 -0.19924722473706508
313.632 4 -0.1992239936203584
319.132 4 0.4453844035617632
327.132 4 0.6705229346364019
332.532 4 0.6619057920212761
338.63199999999995 4 -0.18509035885209235
344.43199999999996 4 -0.19923738724308088
349.43300000000005 4 -0.18523331215050776
355.034 4 -0.1987756738249919
360.935 4 -0.19910399093719808
366.73199999999997 4 -0.19055983907986174
374.333 4 -0.19923742600970287
380.332 4 -0.15750267566786444
386.43300000000005 4 -0.1964258567187288
396.333 4 0.2773603781004821
402.93300000000005 4 -0.18541002440419085
409.13300000000004 4 0.27316608957305466
418.733 4 0.00030400184454532075
426.533 4 -0.19641846481651692
435.833 4 -0.1977560995776337
441.034 4 0.6642744342720319
