4.037 4 -0.11671452295438325
10.136000000000001 4 -0.11417335076382852
15.335999999999999 4 -0.11987046602763192
20.837 4 -0.11987032368273293
27.738000000000003 4 -0.1198704514673118
33.423 4 -0.1108305572527529
41.224 4 0.1968803575646625
50.125 4 -0.09640672331634312
58.027 4 -0.11987046861610005
67.628 4 -0.11987046920122656
73.729 4 -0.11943311508880335
79.531 4 0.13410672274382296
84.73200000000001 4 0.3377444252541238
92.333 4 -0.11987045616673513
99.734 4 -0.11973444413055408
106.73700000000001 4 -0.11987046962630395
114.721 4 -0.11986837904526908
124.022 4 -0.1177331080468906
129.822 4 -0.11987046963019755
139.124 4 -0.11984457620470795
145.625 4 -0.11939042933235705
153.327 4 0.2053406760232253
158.828 4 -0.11987046964417727
164.229 4 0.8275964547728814
169.23 4 -0.11986444893377425
178.132 4 -0.10923378236167712
187.233 4 -0.11932133888577945
193.937 4 -0.11710417295803488
200.135 4 -0.10798402493394496
206.722 4 -0.058080079686720014
215.122 4 -0.1198429951276638
220.722 4 0.8228552249284531
227.32299999999998 4 0.7828079505549684
236.225 4 -0.11986989873818145
242.226 4 -0.119870469643929
249.127 4 -0.11986141607953875
256.928 4 -0.11914028662096635
262.829 4 -0.1198704696407248
272.531 4 -0.006593429524941075
277.934 4 -0.11987046798426755
285.33299999999997 4 -0.11986691983676002
291.035 4 -0.11960913297999487
296.13599999999997 4 -0.11983581615467515
301.323 4 -0.11971464827260513
308.823 4 0.8796606195532618
314.323 4 -0.11641378500788775
322.423 4 -0.11985759021064
328.624 4 0.2807236264621921
336.026 4 -0.11986850071722432
345.92699999999996 4 -0.10862587034026516
354.72900000000016 4 0.5214233830934752
362.93 4 -0.11276989059106644
369.031 4 -0.11987046904551235
376.63300000000004 4 -0.07066762798931048
385.634 4 -0.04164658857240765
391.835 4 -0.061243070707371686
397.425 4 -0.11985420988269542
402.925 4 -0.11895471253753186
408.525 4 0.6873043185295536
413.625 4 -0.11987043854722022
418.625 4 -0.11986881707130614
427.725 4 0.7735026724871286
435.32599999999996 4 -0.11981204343445355
441.027 4 -0.11785183561974373
