4.05 4 0.0014974016102266565
9.732999999999999 4 0.5544256574281767
15.232999999999999 4 -0.3312109223880913
20.433 4 0.40155716180548295
29.733 4 -0.2737577724161323
36.733000000000004 4 0.14558488159689092
46.333999999999996 4 -0.3540720770127846
54.136 4 -0.2978176726478195
59.93600000000001 4 -0.31941479322464794
65.533 4 -0.31987641758012425
74.634 4 -0.3305743227200028
84.334 4 -0.35025611101471515
93.234 4 -0.1747678416293099
102.334 4 -0.3292509452896562
107.734 4 -0.18906070452586485
114.634 4 -0.3318313353180869
120.634 4 0.4038559823037339
127.334 4 -0.01137008446122667
135.535 4 -0.3530064128820804
140.935 4 -0.33851638474841245
149.936 4 0.11849108348302967
158.83700000000005 4 -0.2963345186960834
163.938 4 0.550803489645415
170.035 4 -0.23168254210926356
175.535 4 -0.35031925418125026
182.935 4 -0.3480315114327028
190.635 4 0.12059380748368775
198.235 4 -0.32958819081711377
203.43599999999998 4 -0.0041176302166435206
212.236 4 -0.19295526246649475
217.43599999999998 4 -0.3378449503697188
225.53599999999997 4 -0.3393716308229189
233.136 4 -0.08720780249661036
239.33599999999998 4 0.1140554273745038
244.83599999999998 4 -0.27477335145550363
250.52 4 0.6365967222250706
257.421 4 0.6286669908998785
263.122 4 -0.118218442531169
272.42400000000004 4 -0.11007225866452837
278.525 4 -0.3519734660923763
284.726 4 0.4256888520708679
289.7270000000001 4 0.2988550865863659
295.328 4 -0.3006773970682443
301.829 4 0.6371566936790403
308.03 4 0.6377604259929883
313.83099999999996 4 0.4279417047754706
321.232 4 -0.19101827528094656
326.83299999999997 4 0.10525539062476796
334.334 4 -0.3476470686571986
341.9380000000001 4 -0.22394332348994672
350.32099999999997 4 -0.2390012610881385
356.92199999999997 4 0.1117238752715098
364.723 4 -0.3444860588426369
372.625 4 0.6353493381211732
379.226 4 -0.002185206253266736
388.12699999999995 4 0.15017739046380899
394.028 4 -0.23465941338242044
403.93199999999996 4 0.4539099976647741
409.431 4 -0.17687400339440584
416.832 4 0.012711653754864105
424.834 4 -0.08122741167728509
429.835 4 0.5614993760078202
435.939 4 0.4112669206629944
441.022 4 0.6382807366621229
