4.052 4 -0.033261783397087824
12.232000000000001 4 -0.12516592541184135
21.831999999999997 4 -0.11189135936029346
27.433000000000003 4 0.7193137271087233
35.335 4 -0.12368059673647755
41.536 4 -0.12508331204499376
46.733000000000004 4 -0.12224362464092065
52.233000000000004 4 -0.12381914983276544
57.833 4 -0.12516581656097578
66.933 4 -0.12516566180038155
75.333 4 0.09958356091829376
81.93299999999998 4 -0.12516593110580498
88.833 4 -0.12515713486260455
94.53299999999999 4 -0.125163796388256
100.133 4 -0.1238624326938636
107.03299999999999 4 0.1181335554165085
114.03399999999999 4 -0.12448566696012503
119.834 4 -0.12516592497870802
126.03399999999999 4 0.1311958499733552
133.835 4 0.15713640458769906
139.336 4 -0.1251287919786846
144.737 4 -0.12268033345560506
150.434 4 -0.12516364582174105
158.034 4 -0.1251654830318272
165.734 4 -0.12516372238256174
173.13400000000001 4 -0.12509604752764902
182.035 4 -0.12499469198119932
191.735 4 -0.12516582044559665
196.93400000000003 4 -0.12458892818007156
204.734 4 0.7392212365068009
214.635 4 0.7672768144342177
222.035 4 -0.12446291767742144
228.635 4 0.8205328749372656
233.83599999999998 4 -0.1251653992708175
239.937 4 -0.04748000869098142
246.639 4 0.7488286071788008
252.635 4 -0.12514623916158546
258.336 4 -0.1251659283070531
267.135 4 -0.12394491511062328
272.635 4 -0.11600308775814948
278.435 4 -0.12516590315541745
285.936 4 -0.12516128815162175
294.836 4 -0.12515798512372053
299.931 4 -0.10637437838926292
309.032 4 -0.12516201374723585
317.036 4 -0.12516591718920478
324.637 4 -0.12516590411543976
330.72 4 -0.12516570432142898
338.32099999999997 4 0.13794029986626394
347.32300000000015 4 0.3023998982921867
356.624 4 0.008729228666041422
362.726 4 -0.12516592841424312
370.12699999999995 4 -0.12516159319788453
379.42900000000003 4 -0.12377444704224835
385.63 4 -0.12516491791214054
390.631 4 -0.12259847832041802
395.731 4 -0.1248124184025103
401.23199999999997 4 -0.07710813867300176
407.733 4 0.8703459323825179
415.835 4 -0.12486637489937225
421.73699999999997 4 -0.11373166314341365
426.721 4 -0.054066028428689385
432.12199999999996 4 -0.1250775946224027
441.022 4 -0.12516386792374978
