4.039 4 -0.2923158603762732
12.022 4 -0.24938097110773416
17.623 4 -0.17320002741074986
26.925 4 -0.02078263910268513
32.626 4 0.36923785248281454
41.527 4 0.4899417268282295
49.129 4 0.33140627485445256
56.03 4 -0.2992838493175409
62.53100000000001 4 0.19291167088342626
68.232 4 -0.2313325051894455
77.03399999999998 4 -0.12958197005885472
82.635 4 -0.29834845912754343
88.135 4 -0.15209744284655002
95.92200000000001 4 0.5725079439040643
101.522 4 0.01473980923474416
106.522 4 -0.3001015335216192
115.624 4 0.2165389875313361
123.025 4 -0.11549999010500478
128.126 4 0.2483183113018059
137.028 4 0.6517241782625729
144.429 4 0.4576003800651645
151.03 4 -0.2993596483858467
156.431 4 -0.21217395528900546
164.532 4 0.6953434665084652
172.13400000000001 4 -0.2259447075932475
181.035 4 0.6667371790008114
187.924 4 0.3019738287864964
193.62400000000002 4 -0.29240173533854463
199.72400000000002 4 0.5175419953083247
204.924 4 -0.3001958268934998
213.324 4 -0.29992299663462185
218.825 4 -0.2776136209106543
224.826 4 0.4243318143178209
233.828 4 0.6686362083667776
240.02900000000002 4 0.6908085398719073
247.93 4 -0.10041086461840064
257.032 4 -0.27909835714640713
263.733 4 -0.29164937965857723
269.23400000000004 4 0.08863394675692338
275.335 4 0.3060851912176009
280.736 4 -0.30014715649918544
288.925 4 0.4861504938011291
294.425 4 -0.2980100884602007
299.625 4 0.6990108426895671
304.625 4 -0.2941596970345825
314.32599999999996 4 -0.2930108240405834
320.126 4 -0.29619350539060346
326.027 4 -0.2976118288964363
333.728 4 -0.0020961947136258767
341.33 4 -0.240994202027336
347.431 4 -0.2978190557516631
352.532 4 0.3395501740072224
358.333 4 -0.16370570710804433
364.934 4 -0.2901473085354375
370.135 4 0.2445000056687601
379.726 4 -0.09022379257263848
385.926 4 -0.2809140144696144
395.227 4 -0.1971152814085088
402.62699999999995 4 -0.2752233116001226
410.12699999999995 4 0.6342442404837751
417.92699999999996 4 -0.004776559052881602
424.12800000000004 4 -0.26859519224859985
434.03 4 -0.2754871638970946
441.031 4 -0.12796019860157673
