4.047 4 0.9001469019001805
11.931 4 -0.04559037442772184
18.132 4 0.6614926419476767
26.533 4 -0.04559036201183558
33.435 4 -0.04559037441702005
42.33600000000001 4 -0.045589329287363665
51.431000000000004 4 -0.04559036460522746
60.73 4 -0.04559037442312341
68.431 4 -0.04559037442772184
73.933 4 -0.045590374427167145
81.73100000000002 4 -0.02694715288025588
86.932 4 -0.045590374426874816
94.331 4 -0.04559037442772184
99.331 4 -0.04559037442772184
108.131 4 -0.04521239595047926
113.632 4 -0.04558641152341824
123.53399999999999 4 -0.04559037351581028
130.235 4 0.04243134353322645
138.032 4 -0.04558799260997351
146.934 4 -0.04559037442772184
152.032 4 -0.045590374379669694
160.032 4 0.7062991024688526
166.532 4 -0.04559014603345594
174.132 4 -0.04559037442772184
179.132 4 -0.03572845919938822
185.332 4 -0.04554452043708531
190.93400000000003 4 -0.04559037442772184
197.033 4 -0.04559037442772184
204.63299999999998 4 -0.045567185038459926
209.833 4 -0.04559037442772184
216.433 4 -0.04559037433029935
223.834 4 -0.04559037442772152
231.43599999999998 4 -0.04559037442772184
237.233 4 -0.04559037427932738
242.63299999999998 4 -0.04559037442772184
248.13299999999998 4 -0.04559037442772184
254.334 4 -0.02257591030370352
261.23400000000004 4 0.0791208633904176
267.134 4 0.3166136775676547
273.23400000000004 4 -0.04559037442772184
278.334 4 -0.0455903732158232
285.834 4 -0.045590374427721785
295.135 4 -0.04559037442772184
303.2340000000001 4 -0.04559037442708853
308.936 4 -0.01220361213536008
314.334 4 -0.04559037442244985
322.535 4 -0.04559027482145763
328.036 4 -0.04559037442772184
334.037 4 -0.04559037442730481
343.635 4 -0.04559037442574752
349.735 4 -0.04559037442772184
357.135 4 -0.04559037442772184
362.835 4 -0.04559037442772184
371.835 4 -0.045590359516165115
377.035 4 -0.04417790482699112
384.035 4 -0.04559030869408156
389.635 4 -0.0455903744264285
395.236 4 -0.04559028728958736
401.835 4 -0.04559037438978759
407.63599999999997 4 0.14890037871417106
417.336 4 -0.04559037442772184
423.036 4 -0.04559024242750896
431.921 4 -0.04559037441140102
441.023 4 0.5217153059096005
