4.048 4 -0.045590374427710814
9.532 4 -0.0455903744277217
17.133 4 -0.04482851267638546
23.634 4 -0.04559037442772184
29.135 4 -0.04559037442772184
35.327 4 0.3929878023417631
40.927 4 -0.04559037442772184
46.927 4 -0.04559037442745095
54.928000000000004 4 -0.04559037442772184
61.128 4 0.1964826453792582
68.628 4 -0.04559037442772184
75.328 4 -0.04558138232646587
80.528 4 0.01602889237003055
85.62799999999999 4 -0.045590374427629934
91.529 4 0.8594828954102224
96.63 4 -0.045576844596702165
104.83200000000001 4 -0.04559037442772184
110.53299999999999 4 -0.045521626655912535
117.934 4 -0.04559037442772184
122.935 4 -0.04559037442772184
129.036 4 -0.04559037431616573
134.529 4 -0.04559037442772184
141.129 4 -0.04559037442758135
150.22899999999996 4 -0.04559037442772184
159.329 4 -0.04559037442772184
168.229 4 -0.04349765387231756
178.12900000000005 4 -0.0455903739041084
185.53 4 -0.045590374420706
193.331 4 -0.045590071952294524
202.232 4 -0.04434628723583816
207.63299999999998 4 -0.04559037442772183
215.43400000000003 4 -0.04555555140545559
220.635 4 -0.04559036795982376
226.43 4 -0.045590374363778684
234.33 4 -0.04551207162831206
243.93099999999998 4 -0.04495035354564537
251.331 4 -0.006341270129343858
259.03 4 -0.04559036625048216
268.731 4 -0.04559037442772184
277.131 4 0.12929986503851906
285.231 4 -0.0455903744277171
290.83099999999996 4 -0.04558585203131524
299.733 4 -0.04559037442772184
305.834 4 -0.04502725317507248
314.635 4 -0.045590374427709975
320.432 4 -0.04559037442772184
328.032 4 -0.045590374369908884
333.43199999999996 4 0.0529743995601133
342.43199999999996 4 -0.04559037442772184
347.43199999999996 4 -0.04558356123512219
356.73199999999997 4 -0.04559037442772184
366.032 4 -0.04559037442772184
372.934 4 -0.04559037442735865
379.13199999999995 4 -0.04559022356264024
384.733 4 -0.04559033650489449
390.43300000000005 4 -0.04558838602484093
396.533 4 0.002606008231362089
403.134 4 -0.04559037442772184
408.835 4 -0.04559037442772163
415.833 4 -0.03687155535588377
423.43300000000005 4 -0.04559037442770498
428.63300000000004 4 -0.04559037442772184
434.13300000000004 4 -0.0455903310666638
441.033 4 -0.04559037442772184
