4.046 4 -0.31824424465154144
10.23 4 0.6050208244345008
16.730999999999998 4 -0.32277522776452383
24.531999999999996 4 0.457086440427844
30.333000000000002 4 0.1499993059853174
39.235 4 -0.3152854954066872
47.025 4 -0.2685874672008793
54.525 4 0.6302592242543628
59.625 4 0.0004622241283953056
65.225 4 -0.3121467855692261
71.825 4 -0.06980623585593865
77.025 4 0.20837496993985127
86.32700000000001 4 0.6348982645860566
95.228 4 -0.34968203591365066
100.929 4 -0.34691168967601965
109.73 4 0.6345326783101566
115.23100000000001 4 -0.3068448517136434
122.633 4 -0.3212763832599449
128.334 4 -0.3619149944651193
133.835 4 0.5117581190302946
139.526 4 0.44468561812672414
146.226 4 -0.2333517939777519
155.326 4 0.2710125970390284
164.926 4 -0.3540109628524719
172.827 4 0.631687756910224
179.42700000000005 4 -0.22552425638669424
184.42700000000002 4 -0.059622066956808224
192.028 4 -0.3278883455305874
198.13 4 -0.3326641498628189
203.23 4 -0.34364269014583404
209.43200000000002 4 -0.2484325154059517
219.333 4 0.36861659158731386
227.334 4 0.27316652800518204
233.227 4 -0.09430737065460126
241.327 4 0.5305133967871589
246.528 4 -0.2407764553914373
252.028 4 -0.0172010009990457
257.028 4 0.07918794545443486
262.228 4 -0.3580198024734495
269.628 4 -0.3515597689340704
277.828 4 -0.34450146188759184
283.328 4 0.4522325639425424
291.7290000000001 4 0.3840558816353173
301.031 4 0.5552907265912076
308.032 4 0.6107590151934296
315.633 4 -0.36427141084502795
322.535 4 0.17243111845639092
328.129 4 0.6201856606384037
334.2290000000001 4 -0.06103894298565533
343.92900000000014 4 -0.19734979790274412
353.029 4 -0.3590697519876647
359.129 4 -0.3638381560312863
365.329 4 -0.3268794892539095
372.72900000000004 4 0.4988548185960148
378.329 4 0.5709314891345224
385.23 4 -0.17042865133227653
394.13 4 -0.27763457009283465
399.931 4 0.6116216539018974
407.63300000000004 4 -0.3634394095404289
413.034 4 -0.2966693484568055
420.635 4 0.11387338893873615
429.63 4 0.6298454860044518
435.63 4 0.147995476344272
4.046 4 -0.31824424465154144
10.23 4 0.6050208244345008
16.730999999999998 4 -0.32277522776452383
24.531999999999996 4 0.457086440427844
30.333000000000002 4 0.1499993059853174
39.235 4 -0.3152854954066872
47.025 4 -0.2685874672008793
54.525 4 0.6302592242543628
59.625 4 0.0004622241283953056
65.225 4 -0.3121467855692261
71.825 4 -0.06980623585593865
77.025 4 0.20837496993985127
86.32700000000001 4 0.6348982645860566
95.228 4 -0.34968203591365066
100.929 4 -0.34691168967601965
109.73 4 0.6345326783101566
115.23100000000001 4 -0.3068448517136434
122.633 4 -0.3212763832599449
128.334 4 -0.3619149944651193
133.835 4 0.5117581190302946
139.526 4 0.44468561812672414
146.226 4 -0.2333517939777519
155.326 4 0.2710125970390284
164.926 4 -0.3540109628524719
172.827 4 0.631687756910224
179.42700000000005 4 -0.22552425638669424
184.42700000000002 4 -0.059622066956808224
192.028 4 -0.3278883455305874
198.13 4 -0.3326641498628189
203.23 4 -0.34364269014583404
209.43200000000002 4 -0.2484325154059517
219.333 4 0.36861659158731386
227.334 4 0.27316652800518204
233.227 4 -0.09430737065460126
241.327 4 0.5305133967871589
246.528 4 -0.2407764553914373
252.028 4 -0.0172010009990457
257.028 4 0.07918794545443486
262.228 4 -0.3580198024734495
269.628 4 -0.3515597689340704
277.828 4 -0.34450146188759184
283.328 4 0.4522325639425424
291.7290000000001 4 0.3840558816353173
301.031 4 0.5552907265912076
308.032 4 0.6107590151934296
315.633 4 -0.36427141084502795
322.535 4 0.17243111845639092
328.129 4 0.6201856606384037
334.2290000000001 4 -0.06103894298565533
343.92900000000014 4 -0.19734979790274412
353.029 4 -0.3590697519876647
359.129 4 -0.3638381560312863
365.329 4 -0.3268794892539095
372.72900000000004 4 0.4988548185960148
378.329 4 0.5709314891345224
385.23 4 -0.17042865133227653
394.13 4 -0.27763457009283465
399.931 4 0.6116216539018974
407.63300000000004 4 -0.3634394095404289
413.034 4 -0.2966693484568055
420.635 4 0.11387338893873615
429.63 4 0.6298454860044518
435.63 4 0.147995476344272
4.046 4 -0.31824424465154144
10.23 4 0.6050208244345008
16.730999999999998 4 -0.32277522776452383
24.531999999999996 4 0.457086440427844
30.333000000000002 4 0.1499993059853174
39.235 4 -0.3152854954066872
47.025 4 -0.2685874672008793
54.525 4 0.6302592242543628
59.625 4 0.0004622241283953056
65.225 4 -0.3121467855692261
71.825 4 -0.06980623585593865
77.025 4 0.20837496993985127
86.32700000000001 4 0.6348982645860566
95.228 4 -0.34968203591365066
100.929 4 -0.34691168967601965
109.73 4 0.6345326783101566
115.23100000000001 4 -0.3068448517136434
122.633 4 -0.3212763832599449
128.334 4 -0.3619149944651193
133.835 4 0.5117581190302946
139.526 4 0.44468561812672414
146.226 4 -0.2333517939777519
155.326 4 0.2710125970390284
164.926 4 -0.3540109628524719
172.827 4 0.631687756910224
179.42700000000005 4 -0.22552425638669424
184.42700000000002 4 -0.059622066956808224
192.028 4 -0.3278883455305874
198.13 4 -0.3326641498628189
203.23 4 -0.34364269014583404
209.43200000000002 4 -0.2484325154059517
219.333 4 0.36861659158731386
227.334 4 0.27316652800518204
233.227 4 -0.09430737065460126
241.327 4 0.5305133967871589
246.528 4 -0.2407764553914373
252.028 4 -0.0172010009990457
257.028 4 0.07918794545443486
262.228 4 -0.3580198024734495
269.628 4 -0.3515597689340704
277.828 4 -0.34450146188759184
283.328 4 0.4522325639425424
291.7290000000001 4 0.3840558816353173
301.031 4 0.5552907265912076
308.032 4 0.6107590151934296
315.633 4 -0.36427141084502795
322.535 4 0.17243111845639092
328.129 4 0.6201856606384037
334.2290000000001 4 -0.06103894298565533
343.92900000000014 4 -0.19734979790274412
353.029 4 -0.3590697519876647
359.129 4 -0.3638381560312863
365.329 4 -0.3268794892539095
372.72900000000004 4 0.4988548185960148
378.329 4 0.5709314891345224
385.23 4 -0.17042865133227653
394.13 4 -0.27763457009283465
399.931 4 0.6116216539018974
407.63300000000004 4 -0.3634394095404289
413.034 4 -0.2966693484568055
420.635 4 0.11387338893873615
429.63 4 0.6298454860044518
435.63 4 0.147995476344272
