4.041 4 0.4771246331771778
13.325 4 -0.0211191873290692
20.726 4 -0.23316339788395876
26.326999999999998 4 -0.029852640018684706
35.429 4 -0.3014263222754909
42.13 4 -0.3337600113257212
47.831 4 -0.1893041242147716
54.032 4 0.6120978821544729
61.633 4 -0.2719308310312953
69.735 4 -0.31601584015450257
77.225 4 -0.3223550537897535
84.225 4 0.636590575846661
92.025 4 -0.28279272151800033
98.02600000000001 4 -0.3194867991744913
103.825 4 -0.21930864094071326
108.82600000000001 4 -0.19385244442137065
117.62700000000001 4 0.4365764139291557
125.82799999999999 4 -0.1145372617989619
134.73 4 0.07605661357385518
140.231 4 -0.3342652946861839
147.832 4 -0.10343605561458953
157.734 4 0.6520265655791657
163.135 4 -0.2911854764374008
170.02599999999995 4 0.052109585459738816
176.227 4 0.6237061189346544
181.92700000000002 4 -0.2364437125886231
187.827 4 0.13301835601322498
193.02700000000002 4 0.39454266345226935
199.127 4 -0.33476024561233203
207.127 4 -0.15905442149150212
213.227 4 -0.3259186338142285
220.928 4 -0.31314183497430204
226.52900000000002 4 0.5276947249583142
233.13 4 -0.3132840743503668
239.231 4 -0.017054957451263508
248.333 4 0.29187497251919897
253.43400000000003 4 -0.278570743550433
260.035 4 -0.3290905382786494
265.028 4 0.5992189349851809
270.528 4 -0.31710901119435825
277.028 4 -0.3175194340343093
283.928 4 -0.1392543038571384
289.428 4 0.5471707428891859
298.328 4 -0.1263397292790738
307.629 4 0.5938630171592076
316.529 4 0.3193494712056261
321.7290000000001 4 0.07116973097634753
331.431 4 0.4342736577666159
338.832 4 0.5977127323641633
344.033 4 0.6376015824211074
351.634 4 -0.1488628297908787
360.629 4 -0.33057280364820457
366.43 4 -0.33470876246947306
371.53 4 -0.3299441244328981
377.03 4 0.26817777948702665
386.63 4 -0.2534674388750124
394.53 4 0.1309073186614214
399.93 4 0.4133636208993858
405.53 4 0.17968513840995065
411.23 4 0.3624139733219785
418.63 4 0.6527088535008851
426.431 4 -0.3350385199262209
432.63199999999995 4 -0.11574254654776213
441.034 4 -0.3302675887415881
4.041 4 0.4771246331771778
13.325 4 -0.0211191873290692
20.726 4 -0.23316339788395876
26.326999999999998 4 -0.029852640018684706
35.429 4 -0.3014263222754909
42.13 4 -0.3337600113257212
47.831 4 -0.1893041242147716
54.032 4 0.6120978821544729
61.633 4 -0.2719308310312953
69.735 4 -0.31601584015450257
77.225 4 -0.3223550537897535
84.225 4 0.636590575846661
92.025 4 -0.28279272151800033
98.02600000000001 4 -0.3194867991744913
103.825 4 -0.21930864094071326
108.82600000000001 4 -0.19385244442137065
117.62700000000001 4 0.4365764139291557
125.82799999999999 4 -0.1145372617989619
134.73 4 0.07605661357385518
140.231 4 -0.3342652946861839
147.832 4 -0.10343605561458953
157.734 4 0.6520265655791657
163.135 4 -0.2911854764374008
170.02599999999995 4 0.052109585459738816
176.227 4 0.6237061189346544
181.92700000000002 4 -0.2364437125886231
187.827 4 0.13301835601322498
193.02700000000002 4 0.39454266345226935
199.127 4 -0.33476024561233203
207.127 4 -0.15905442149150212
213.227 4 -0.3259186338142285
220.928 4 -0.31314183497430204
226.52900000000002 4 0.5276947249583142
233.13 4 -0.3132840743503668
239.231 4 -0.017054957451263508
248.333 4 0.29187497251919897
253.43400000000003 4 -0.278570743550433
260.035 4 -0.3290905382786494
265.028 4 0.5992189349851809
270.528 4 -0.31710901119435825
277.028 4 -0.3175194340343093
283.928 4 -0.1392543038571384
289.428 4 0.5471707428891859
298.328 4 -0.1263397292790738
307.629 4 0.5938630171592076
316.529 4 0.3193494712056261
321.7290000000001 4 0.07116973097634753
331.431 4 0.4342736577666159
338.832 4 0.5977127323641633
344.033 4 0.6376015824211074
351.634 4 -0.1488628297908787
360.629 4 -0.33057280364820457
366.43 4 -0.33470876246947306
371.53 4 -0.3299441244328981
377.03 4 0.26817777948702665
386.63 4 -0.2534674388750124
394.53 4 0.1309073186614214
399.93 4 0.4133636208993858
405.53 4 0.17968513840995065
411.23 4 0.3624139733219785
418.63 4 0.6527088535008851
426.431 4 -0.3350385199262209
432.63199999999995 4 -0.11574254654776213
441.034 4 -0.3302675887415881
4.041 4 0.4771246331771778
13.325 4 -0.0211191873290692
20.726 4 -0.23316339788395876
26.326999999999998 4 -0.029852640018684706
35.429 4 -0.3014263222754909
42.13 4 -0.3337600113257212
47.831 4 -0.1893041242147716
54.032 4 0.6120978821544729
61.633 4 -0.2719308310312953
69.735 4 -0.31601584015450257
77.225 4 -0.3223550537897535
84.225 4 0.636590575846661
92.025 4 -0.28279272151800033
98.02600000000001 4 -0.3194867991744913
103.825 4 -0.21930864094071326
108.82600000000001 4 -0.19385244442137065
117.62700000000001 4 0.4365764139291557
125.82799999999999 4 -0.1145372617989619
134.73 4 0.07605661357385518
140.231 4 -0.3342652946861839
147.832 4 -0.10343605561458953
157.734 4 0.6520265655791657
163.135 4 -0.2911854764374008
170.02599999999995 4 0.052109585459738816
176.227 4 0.6237061189346544
181.92700000000002 4 -0.2364437125886231
187.827 4 0.13301835601322498
193.02700000000002 4 0.39454266345226935
199.127 4 -0.33476024561233203
207.127 4 -0.15905442149150212
213.227 4 -0.3259186338142285
220.928 4 -0.31314183497430204
226.52900000000002 4 0.5276947249583142
233.13 4 -0.3132840743503668
239.231 4 -0.017054957451263508
248.333 4 0.29187497251919897
253.43400000000003 4 -0.278570743550433
260.035 4 -0.3290905382786494
265.028 4 0.5992189349851809
270.528 4 -0.31710901119435825
277.028 4 -0.3175194340343093
283.928 4 -0.1392543038571384
289.428 4 0.5471707428891859
298.328 4 -0.1263397292790738
307.629 4 0.5938630171592076
316.529 4 0.3193494712056261
321.7290000000001 4 0.07116973097634753
331.431 4 0.4342736577666159
338.832 4 0.5977127323641633
344.033 4 0.6376015824211074
351.634 4 -0.1488628297908787
360.629 4 -0.33057280364820457
366.43 4 -0.33470876246947306
371.53 4 -0.3299441244328981
377.03 4 0.26817777948702665
386.63 4 -0.2534674388750124
394.53 4 0.1309073186614214
399.93 4 0.4133636208993858
405.53 4 0.17968513840995065
411.23 4 0.3624139733219785
418.63 4 0.6527088535008851
426.431 4 -0.3350385199262209
432.63199999999995 4 -0.11574254654776213
441.034 4 -0.3302675887415881
