4.0489999999999995 4 -0.26433645665338346
9.832 4 0.04274375180543888
15.632 4 0.505579193606825
20.733 4 -0.34305344388615633
29.634 4 0.30877530549889715
39.536 4 -0.3582240606603008
45.032 4 0.44956281296920747
52.532 4 0.023180344467409183
58.431999999999995 4 -0.06775094252671493
64.032 4 -0.050039437574347034
69.033 4 0.06498379297449486
74.532 4 -0.3573671581921665
82.73299999999998 4 -0.3218118138664053
87.93299999999998 4 -0.3144320509587598
96.833 4 0.06295400000265244
102.53299999999999 4 -0.3423985009191889
109.133 4 -0.33863756620137325
116.833 4 -0.3075584050225481
125.935 4 0.09078059286410596
132.135 4 -0.35699592509400624
145.134 4 -0.12023311777280353
151.834 4 0.5365881302853088
157.234 4 0.4680712296101025
165.63400000000001 4 -0.3450125196178758
173.734 4 -0.3394101845562171
179.334 4 -0.2481852859482323
186.93400000000003 4 0.3006713640773751
192.435 4 -0.31094256776203805
198.135 4 -0.2935540273403142
205.935 4 -0.3289852073975882
212.035 4 -0.35985466193891
218.135 4 -0.15310627714431035
227.43599999999998 4 0.5706644259510942
237.037 4 0.3766371318908976
242.235 4 -0.3312956134225568
247.635 4 -0.3571846206897605
255.43599999999998 4 -0.14709382874700574
264.235 4 0.6210160288798676
269.736 4 -0.1458893402061969
278.63599999999997 4 0.3910776820756044
284.635 4 -0.3487512625966018
292.63599999999997 4 -0.3417223390541417
298.336 4 0.5626874905531902
303.536 4 -0.2110989612246489
310.938 4 0.5456333254301287
318.836 4 -0.2549191439468429
323.836 4 -0.09064200448984144
331.23699999999997 4 -0.2707432978296548
337.338 4 -0.27886305615561696
343.923 4 0.2394351860644969
350.824 4 -0.2446750886038165
357.325 4 0.6055626619312122
366.42699999999996 4 0.08588320518827948
373.32800000000003 4 0.6248360183126618
379.529 4 0.4789646178412655
385.73 4 0.5543385192738126
392.73199999999997 4 0.35228217468926465
401.733 4 -0.015721551401234768
411.034 4 -0.34667672214351136
418.63800000000003 4 -0.3443022104992169
423.721 4 0.599753413795739
433.421 4 -0.3202141937915651
441.023 4 0.6281583174881367
4.0489999999999995 4 -0.26433645665338346
9.832 4 0.04274375180543888
15.632 4 0.505579193606825
20.733 4 -0.34305344388615633
29.634 4 0.30877530549889715
39.536 4 -0.3582240606603008
45.032 4 0.44956281296920747
52.532 4 0.023180344467409183
58.431999999999995 4 -0.06775094252671493
64.032 4 -0.050039437574347034
69.033 4 0.06498379297449486
74.532 4 -0.3573671581921665
82.73299999999998 4 -0.3218118138664053
87.93299999999998 4 -0.3144320509587598
96.833 4 0.06295400000265244
102.53299999999999 4 -0.3423985009191889
109.133 4 -0.33863756620137325
116.833 4 -0.3075584050225481
125.935 4 0.09078059286410596
132.135 4 -0.35699592509400624
145.134 4 -0.12023311777280353
151.834 4 0.5365881302853088
157.234 4 0.4680712296101025
165.63400000000001 4 -0.3450125196178758
173.734 4 -0.3394101845562171
179.334 4 -0.2481852859482323
186.93400000000003 4 0.3006713640773751
192.435 4 -0.31094256776203805
198.135 4 -0.2935540273403142
205.935 4 -0.3289852073975882
212.035 4 -0.35985466193891
218.135 4 -0.15310627714431035
227.43599999999998 4 0.5706644259510942
237.037 4 0.3766371318908976
242.235 4 -0.3312956134225568
247.635 4 -0.3571846206897605
255.43599999999998 4 -0.14709382874700574
264.235 4 0.6210160288798676
269.736 4 -0.1458893402061969
278.63599999999997 4 0.3910776820756044
284.635 4 -0.3487512625966018
292.63599999999997 4 -0.3417223390541417
298.336 4 0.5626874905531902
303.536 4 -0.2110989612246489
310.938 4 0.5456333254301287
318.836 4 -0.2549191439468429
323.836 4 -0.09064200448984144
331.23699999999997 4 -0.2707432978296548
337.338 4 -0.27886305615561696
343.923 4 0.2394351860644969
350.824 4 -0.2446750886038165
357.325 4 0.6055626619312122
366.42699999999996 4 0.08588320518827948
373.32800000000003 4 0.6248360183126618
379.529 4 0.4789646178412655
385.73 4 0.5543385192738126
392.73199999999997 4 0.35228217468926465
401.733 4 -0.015721551401234768
411.034 4 -0.34667672214351136
418.63800000000003 4 -0.3443022104992169
423.721 4 0.599753413795739
433.421 4 -0.3202141937915651
441.023 4 0.6281583174881367
