4.052 4 -0.20388097537848615
9.634 4 -0.18977136280508872
19.336 4 -0.1847834859382496
29.237 4 -0.18152848375704908
34.938 4 -0.15375209446911664
40.435 4 0.15943535797047892
46.535 4 -0.20178571546691826
54.535 4 -0.20333614130274566
60.435 4 -0.2038733285463723
65.535 4 0.33750479739693234
70.736 4 0.2055936385549989
77.635 4 -0.1978963739958672
85.236 4 -0.18768533661814568
90.93700000000001 4 0.10675302385841162
97.036 4 0.7881510682956128
103.236 4 -0.2038454687450872
110.836 4 -0.20388069277160173
116.836 4 0.4944265985228644
123.721 4 -0.20387650648856195
129.322 4 -0.1394933234116848
137.22299999999998 4 -0.203546331120089
146.124 4 0.35964017778341634
153.725 4 -0.010112397480185305
159.327 4 0.5452442684241703
164.327 4 0.3821009913713507
172.52900000000002 4 -0.11367120235250565
177.73 4 -0.2008455014312908
183.53099999999998 4 -0.2037357498374727
192.833 4 -0.20356760367511684
202.13400000000001 4 -0.2030517915446244
209.838 4 -0.15850183392447614
215.22099999999998 4 -0.20387983604626544
220.22099999999998 4 -0.2038786307817329
225.321 4 -0.16496458835855635
234.22299999999998 4 -0.19654556578080806
240.925 4 -0.20371276841885594
248.326 4 0.3253586047237603
256.427 4 0.08192316333723021
261.628 4 -0.0499603045242947
270.43 4 -0.0736524899669943
279.431 4 0.7580803375231053
286.433 4 -0.20377825096545032
294.834 4 -0.2038338145810756
301.035 4 -0.1333253756553318
310.123 4 0.14241972002349135
317.522 4 0.3109961907513409
325.322 4 -0.2038681043979672
330.824 4 0.0999713839717008
336.524 4 -0.2034938398047815
342.626 4 -0.16868826100162218
348.42699999999996 4 -0.19633727235234144
358.028 4 -0.2019986693069906
364.629 4 0.7430263600916975
370.131 4 0.5072357695553282
375.631 4 -0.2012480748449795
381.033 4 -0.20113341618167
390.134 4 -0.07525821414245126
396.335 4 -0.18011351668188044
403.736 4 -0.20376366336183868
411.524 4 -0.0889996094376072
418.024 4 -0.2031634078680941
425.524 4 -0.18555161560043784
432.124 4 0.7028548021605423
441.026 4 -0.08230653582522894
4.052 4 -0.20388097537848615
9.634 4 -0.18977136280508872
19.336 4 -0.1847834859382496
29.237 4 -0.18152848375704908
34.938 4 -0.15375209446911664
40.435 4 0.15943535797047892
46.535 4 -0.20178571546691826
54.535 4 -0.20333614130274566
60.435 4 -0.2038733285463723
65.535 4 0.33750479739693234
70.736 4 0.2055936385549989
77.635 4 -0.1978963739958672
85.236 4 -0.18768533661814568
90.93700000000001 4 0.10675302385841162
97.036 4 0.7881510682956128
103.236 4 -0.2038454687450872
110.836 4 -0.20388069277160173
116.836 4 0.4944265985228644
123.721 4 -0.20387650648856195
129.322 4 -0.1394933234116848
137.22299999999998 4 -0.203546331120089
146.124 4 0.35964017778341634
153.725 4 -0.010112397480185305
159.327 4 0.5452442684241703
164.327 4 0.3821009913713507
172.52900000000002 4 -0.11367120235250565
177.73 4 -0.2008455014312908
183.53099999999998 4 -0.2037357498374727
192.833 4 -0.20356760367511684
202.13400000000001 4 -0.2030517915446244
209.838 4 -0.15850183392447614
215.22099999999998 4 -0.20387983604626544
220.22099999999998 4 -0.2038786307817329
225.321 4 -0.16496458835855635
234.22299999999998 4 -0.19654556578080806
240.925 4 -0.20371276841885594
248.326 4 0.3253586047237603
256.427 4 0.08192316333723021
261.628 4 -0.0499603045242947
270.43 4 -0.0736524899669943
279.431 4 0.7580803375231053
286.433 4 -0.20377825096545032
294.834 4 -0.2038338145810756
301.035 4 -0.1333253756553318
310.123 4 0.14241972002349135
317.522 4 0.3109961907513409
325.322 4 -0.2038681043979672
330.824 4 0.0999713839717008
336.524 4 -0.2034938398047815
342.626 4 -0.16868826100162218
348.42699999999996 4 -0.19633727235234144
358.028 4 -0.2019986693069906
364.629 4 0.7430263600916975
370.131 4 0.5072357695553282
375.631 4 -0.2012480748449795
381.033 4 -0.20113341618167
390.134 4 -0.07525821414245126
396.335 4 -0.18011351668188044
403.736 4 -0.20376366336183868
411.524 4 -0.0889996094376072
418.024 4 -0.2031634078680941
425.524 4 -0.18555161560043784
432.124 4 0.7028548021605423
441.026 4 -0.08230653582522894
