4.051 4 -0.021522565474807562
9.634 4 -0.021522565474807562
18.535999999999998 4 -0.021522565474807562
24.628 4 -0.021522565474807562
29.826999999999998 4 -0.021522565474807562
38.028 4 -0.021522565474807562
43.528 4 -0.021522565474807562
48.628 4 -0.021522565474807562
57.028 4 -0.021522565474807562
62.028 4 -0.021522565474807562
67.628 4 -0.021522565474807562
75.429 4 -0.021522565474807562
82.93 4 -0.021522565474807562
89.83200000000002 4 -0.021522565474807562
95.53200000000001 4 -0.021522565474807562
101.73299999999999 4 -0.021522565474807562
107.234 4 -0.021522565474807562
113.336 4 -0.021522565474807562
118.329 4 -0.021522565474807562
124.12899999999999 4 -0.021522565474807562
132.129 4 -0.021522565474807562
138.029 4 -0.021522565474807562
143.829 4 -0.021522565474807562
149.22899999999996 4 -0.021522565474807562
157.029 4 -0.021522565474807562
166.933 4 -0.021522565474807562
174.33 4 -0.021522565474807562
181.03099999999998 4 -0.021522565474807562
190.733 4 -0.021522565474807562
199.734 4 -0.021522565474807562
206.335 4 -0.021522565474807562
215.63 4 -0.021522565474807562
223.231 4 -0.021522565474807562
232.331 4 -0.021522565474807562
241.23 4 -0.021522565474807562
250.831 4 -0.021522565474807562
257.83099999999996 4 -0.021522565474807562
266.631 4 -0.021522565474807562
275.731 4 -0.021522565474807562
281.232 4 -0.021522565474807562
286.733 4 -0.021522565474807562
292.334 4 -0.021522330164652787
299.937 4 -0.021522565474807562
306.436 4 -0.021522330164652787
312.532 4 -0.021522565474807562
317.732 4 0.8967732743026564
326.632 4 0.8967732729986935
332.63199999999995 4 -0.021522565474807562
340.332 4 -0.021522565474807562
345.532 4 -0.021522565474807562
351.23199999999997 4 -0.021522565474807562
357.43300000000005 4 -0.021522565474807562
362.532 4 -0.021522565474807562
370.63300000000004 4 -0.021522565474807562
376.832 4 -0.021522565474807562
384.43300000000005 4 -0.021522565474807562
390.134 4 -0.021522565474807562
397.036 4 -0.021522565474807562
404.43300000000005 4 -0.021522565474807562
412.333 4 -0.021522565474807562
421.63300000000004 4 -0.021522565474807562
429.034 4 -0.021522565474807562
434.43300000000005 4 -0.021522565474807562
441.034 4 -0.021522565474807562
4.051 4 -0.021522565474807562
9.634 4 -0.021522565474807562
18.535999999999998 4 -0.021522565474807562
24.628 4 -0.021522565474807562
29.826999999999998 4 -0.021522565474807562
38.028 4 -0.021522565474807562
43.528 4 -0.021522565474807562
48.628 4 -0.021522565474807562
57.028 4 -0.021522565474807562
62.028 4 -0.021522565474807562
67.628 4 -0.021522565474807562
75.429 4 -0.021522565474807562
82.93 4 -0.021522565474807562
89.83200000000002 4 -0.021522565474807562
95.53200000000001 4 -0.021522565474807562
101.73299999999999 4 -0.021522565474807562
107.234 4 -0.021522565474807562
113.336 4 -0.021522565474807562
118.329 4 -0.021522565474807562
124.12899999999999 4 -0.021522565474807562
132.129 4 -0.021522565474807562
138.029 4 -0.021522565474807562
143.829 4 -0.021522565474807562
149.22899999999996 4 -0.021522565474807562
157.029 4 -0.021522565474807562
166.933 4 -0.021522565474807562
174.33 4 -0.021522565474807562
181.03099999999998 4 -0.021522565474807562
190.733 4 -0.021522565474807562
199.734 4 -0.021522565474807562
206.335 4 -0.021522565474807562
215.63 4 -0.021522565474807562
223.231 4 -0.021522565474807562
232.331 4 -0.021522565474807562
241.23 4 -0.021522565474807562
250.831 4 -0.021522565474807562
257.83099999999996 4 -0.021522565474807562
266.631 4 -0.021522565474807562
275.731 4 -0.021522565474807562
281.232 4 -0.021522565474807562
286.733 4 -0.021522565474807562
292.334 4 -0.021522330164652787
299.937 4 -0.021522565474807562
306.436 4 -0.021522330164652787
312.532 4 -0.021522565474807562
317.732 4 0.8967732743026564
326.632 4 0.8967732729986935
332.63199999999995 4 -0.021522565474807562
340.332 4 -0.021522565474807562
345.532 4 -0.021522565474807562
351.23199999999997 4 -0.021522565474807562
357.43300000000005 4 -0.021522565474807562
362.532 4 -0.021522565474807562
370.63300000000004 4 -0.021522565474807562
376.832 4 -0.021522565474807562
384.43300000000005 4 -0.021522565474807562
390.134 4 -0.021522565474807562
397.036 4 -0.021522565474807562
404.43300000000005 4 -0.021522565474807562
412.333 4 -0.021522565474807562
421.63300000000004 4 -0.021522565474807562
429.034 4 -0.021522565474807562
434.43300000000005 4 -0.021522565474807562
441.034 4 -0.021522565474807562
