4.032 4 0.7333244384424307
10.232000000000001 4 0.6158979064467403
19.932000000000002 4 -0.23046981707347275
27.631999999999998 4 -0.19020665935070855
33.332 4 -0.260961661538424
40.933 4 0.7339826075058893
50.233999999999995 4 -0.2632606974773973
59.133 4 -0.2615169979215072
66.633 4 0.6139643971952073
72.133 4 0.5551666243656921
77.233 4 0.06213584826218044
83.23299999999998 4 -0.25855953392837583
91.03299999999999 4 0.008001917740538822
98.633 4 -0.22972759700701284
105.53299999999999 4 -0.2586096675572533
113.53299999999999 4 -0.13131106803098722
122.53399999999999 4 -0.26355180453872645
128.634 4 0.3204052064760536
135.634 4 0.3168754040789853
141.734 4 -0.2585762995730359
147.335 4 -0.24891025747445805
153.036 4 -0.2631644101987394
160.637 4 0.7321881879277743
166.13400000000001 4 -0.1332331676932288
174.334 4 -0.2609347484323576
179.734 4 0.013096893970980905
185.53400000000002 4 -0.2609794562895854
193.435 4 0.7341347007630709
202.235 4 -0.18816369184834295
210.035 4 -0.18885055655335725
216.535 4 -0.18862225839868685
226.435 4 -0.2030431414078875
231.635 4 -0.13014547864948978
240.535 4 0.004409276775796389
249.636 4 -0.10220711355037723
258.52099999999996 4 -0.2635686424193644
263.922 4 0.2428499941888546
269.823 4 0.33221837231178714
278.224 4 -0.2586262702425665
283.425 4 -0.2585427136172882
289.626 4 0.32158330966263776
297.728 4 0.2495337457592617
302.829 4 -0.26147401939692944
310.23 4 -0.20210214554421685
319.532 4 -0.26343931788636465
326.133 4 -0.23618805282394364
332.23699999999997 4 0.6206830066408908
337.837 4 -0.1897572208344752
347.42 4 -0.2627349124148002
354.82099999999997 4 -0.20322969389602136
360.32199999999995 4 -0.10359036089832968
371.524 4 -0.23696362441281674
376.725 4 -0.13092357010045286
383.32599999999996 4 -0.1328507924393401
389.12699999999995 4 -0.2636056777542912
395.82800000000003 4 0.25513600675202924
401.529 4 -0.2631675847094344
407.03 4 0.6244599610817754
412.631 4 -0.2625157052363647
421.733 4 -0.2572682968107154
428.634 4 -0.23015366134790186
433.635 4 0.32394171874317274
441.023 4 0.5496535580492194
4.032 4 0.7333244384424307
10.232000000000001 4 0.6158979064467403
19.932000000000002 4 -0.23046981707347275
27.631999999999998 4 -0.19020665935070855
33.332 4 -0.260961661538424
40.933 4 0.7339826075058893
50.233999999999995 4 -0.2632606974773973
59.133 4 -0.2615169979215072
66.633 4 0.6139643971952073
72.133 4 0.5551666243656921
77.233 4 0.06213584826218044
83.23299999999998 4 -0.25855953392837583
91.03299999999999 4 0.008001917740538822
98.633 4 -0.22972759700701284
105.53299999999999 4 -0.2586096675572533
113.53299999999999 4 -0.13131106803098722
122.53399999999999 4 -0.26355180453872645
128.634 4 0.3204052064760536
135.634 4 0.3168754040789853
141.734 4 -0.2585762995730359
147.335 4 -0.24891025747445805
153.036 4 -0.2631644101987394
160.637 4 0.7321881879277743
166.13400000000001 4 -0.1332331676932288
174.334 4 -0.2609347484323576
179.734 4 0.013096893970980905
185.53400000000002 4 -0.2609794562895854
193.435 4 0.7341347007630709
202.235 4 -0.18816369184834295
210.035 4 -0.18885055655335725
216.535 4 -0.18862225839868685
226.435 4 -0.2030431414078875
231.635 4 -0.13014547864948978
240.535 4 0.004409276775796389
249.636 4 -0.10220711355037723
258.52099999999996 4 -0.2635686424193644
263.922 4 0.2428499941888546
269.823 4 0.33221837231178714
278.224 4 -0.2586262702425665
283.425 4 -0.2585427136172882
289.626 4 0.32158330966263776
297.728 4 0.2495337457592617
302.829 4 -0.26147401939692944
310.23 4 -0.20210214554421685
319.532 4 -0.26343931788636465
326.133 4 -0.23618805282394364
332.23699999999997 4 0.6206830066408908
337.837 4 -0.1897572208344752
347.42 4 -0.2627349124148002
354.82099999999997 4 -0.20322969389602136
360.32199999999995 4 -0.10359036089832968
371.524 4 -0.23696362441281674
376.725 4 -0.13092357010045286
383.32599999999996 4 -0.1328507924393401
389.12699999999995 4 -0.2636056777542912
395.82800000000003 4 0.25513600675202924
401.529 4 -0.2631675847094344
407.03 4 0.6244599610817754
412.631 4 -0.2625157052363647
421.733 4 -0.2572682968107154
428.634 4 -0.23015366134790186
433.635 4 0.32394171874317274
441.023 4 0.5496535580492194
