4.04 4 -0.13361452499396104
12.923 4 0.0058416838047431465
19.824 4 -0.1297548807237254
25.425 4 -0.2609705735824347
32.025999999999996 4 -0.2625194703028646
38.126999999999995 4 0.057990594976084164
44.129 4 0.5573592884417333
51.53 4 0.5452118638208889
57.03100000000001 4 0.251771153411053
64.932 4 -0.2635682058883547
70.333 4 0.6253969652167388
77.834 4 0.06296973736539735
83.024 4 -0.10174366900568864
92.624 4 0.6149325263439016
100.22399999999999 4 0.24841680742553224
109.124 4 -0.25181420064805304
121.626 4 0.5540675681252589
126.626 4 0.6216315539062716
132.72799999999998 4 0.3310339468109575
142.629 4 -0.10404908877501257
148.23 4 -0.20360116385904006
157.532 4 -0.2300476317676516
166.834 4 -0.262728816754789
174.435 4 -0.23653540911051665
180.125 4 -0.25177565046079337
185.325 4 0.7323899508333336
193.125 4 0.6168605213564085
205.525 4 -0.1893051910152544
211.226 4 -0.132467397040525
220.02599999999998 4 -0.20229144738805133
226.52700000000002 4 -0.26343732740081593
235.62900000000002 4 -0.1049630262109884
241.83 4 -0.2490053564824356
248.03099999999998 4 -0.2489578821306835
256.232 4 -0.263478136427739
262.033 4 -0.22994127847201534
269.635 4 0.2506518629754942
279.327 4 0.7345610517678008
286.7270000000001 4 -0.26325815506500894
292.127 4 -0.2631628148808847
301.2270000000001 4 0.05964385915234111
307.028 4 -0.24909985610134855
313.7270000000001 4 -0.251929117500924
320.327 4 -0.2573309471973035
325.328 4 0.5485456897290424
333.7290000000001 4 -0.18839330405765772
338.93 4 -0.2573723771915621
351.833 4 -0.2028560419742938
359.934 4 -0.2636182567998535
366.135 4 0.057166380379021275
375.037 4 -0.2627409673427613
382.82800000000003 4 -0.2363622661654736
387.92800000000005 4 -0.1293632450582131
395.92800000000005 4 -0.2585930107249469
402.028 4 -0.26343865665166594
407.62800000000004 4 -0.2306789859466803
413.129 4 -0.262743979616234
420.829 4 0.3227621499312778
426.529 4 -0.1012790396522276
432.03 4 -0.13208297930328405
441.032 4 -0.2634776078794837
