4.05 4 -0.4901734116012624
9.032 4 0.37969271693621454
17.834 4 -0.3111644316291947
23.835 4 -0.40363626441942996
30.035999999999998 4 -0.4668158865911941
36.924 4 0.47887373636930103
44.324 4 -0.16854578237224538
53.225 4 -0.14909825627465645
58.925 4 -0.3856565364310091
65.02600000000001 4 -0.4979471586796573
70.627 4 -0.3938532198811937
79.628 4 0.4764752848288072
89.53 4 -0.4453652459236068
96.031 4 -0.1796532496960052
104.03299999999999 4 0.4058628127907994
111.03399999999999 4 0.44496135307394935
116.735 4 -0.11461279085453485
122.336 4 0.1808470211031952
129.026 4 0.3593637345004997
134.526 4 0.307654186802244
143.626 4 0.06861143816403402
148.726 4 -0.24162212674521705
154.526 4 -0.3805990003211732
160.226 4 -0.02045289630138558
165.227 4 -0.3162475538005041
171.428 4 -0.17449859465233747
181.02900000000002 4 -0.08628716545273996
188.43099999999998 4 0.4743276770645669
197.332 4 -0.3487973637687563
205.13400000000001 4 -0.044036704927205066
210.935 4 0.324466280952167
218.53599999999997 4 -0.2941528877021408
223.928 4 -0.4780160529704353
231.827 4 -0.2904432054497757
237.92700000000002 4 0.4504837743169238
245.428 4 0.42242621644415795
253.627 4 -0.2660104091673638
261.428 4 -0.4129759683014336
269.028 4 0.3172411994643273
274.931 4 0.4611241871063839
281.031 4 0.3613829972162682
286.631 4 0.3850407063378123
291.832 4 -0.18216577050650248
299.934 4 0.3928056469234024
305.135 4 0.08724133727014971
313.536 4 0.3527035961821121
319.029 4 0.2185803987680288
325.937 4 0.14395850642241234
331.4290000000001 4 0.4772886178707354
336.629 4 0.4758106054222445
345.72900000000016 4 0.4804580102980381
350.829 4 0.4293566055940138
360.129 4 -0.10795472108696068
367.529 4 -0.3036757483550073
376.83 4 0.12034854885218516
382.231 4 0.3985696226917171
388.832 4 -0.44334617018932376
396.534 4 -0.2372110467388611
402.035 4 -0.2848141346686849
410.931 4 -0.2619170868257467
418.53 4 -0.20346779259726286
425.13 4 0.2836890357659532
434.83 4 -0.3677822527271142
441.03 4 -0.4677699009227241
