4.051 4 -0.3411900810989715
9.732999999999999 4 -0.4104561687389322
14.835 4 -0.2169609759515048
21.836 4 0.06615244747965615
27.333000000000002 4 -0.39567225429776826
34.934 4 0.5328194788331415
41.434 4 0.5593421531425788
49.13399999999999 4 -0.4038200542229408
55.333999999999996 4 -0.4324144478146961
62.733000000000004 4 0.5600402493401084
67.934 4 0.003481672586563067
73.434 4 -0.3702540032974197
81.834 4 0.017859554178115578
87.434 4 -0.3410074012874819
93.134 4 0.4850646003516274
101.235 4 -0.4182099750877633
109.135 4 0.08089927851525153
116.735 4 -0.2211619402739898
122.13600000000001 4 0.07315528777303543
127.838 4 0.3950662317246471
134.035 4 0.13221054402729146
140.937 4 0.08869758419561186
149.835 4 -0.3974633954836755
158.035 4 -0.22492855776426526
163.035 4 0.4399427109580973
168.235 4 -0.1838118121895028
173.835 4 -0.3673859435753403
179.03599999999997 4 -0.0990745054743684
185.736 4 -0.4191104507178046
194.53599999999997 4 -0.17902058442390267
202.33599999999998 4 0.04342784687404455
209.736 4 -0.3791885993336802
219.037 4 0.33099814999202065
224.821 4 0.3148682324188233
230.239 4 0.24577864481097686
236.33599999999998 4 0.2168889048737495
245.225 4 -0.3370273961086736
254.326 4 0.4023999454016864
259.327 4 0.4405366459798378
266.228 4 0.5105106964344559
275.53 4 -0.15151531766671794
285.432 4 0.4471073154656816
293.233 4 -0.18853050208208272
299.834 4 -0.4186437652672141
307.33799999999997 4 -0.43104536650844577
313.52099999999996 4 -0.027018276434360444
319.52099999999996 4 0.23745084281956425
328.423 4 0.5485531945587809
337.525 4 0.1154239306588914
345.526 4 0.4957853103357204
353.12699999999984 4 0.12415338778430145
358.228 4 -0.317763769715922
367.92900000000003 4 -0.2290010072321453
373.431 4 0.3731829135922347
379.032 4 0.1403072147452254
388.634 4 -0.1408964643359093
397.635 4 -0.29525152498393725
405.039 4 -0.3348856204576626
410.82199999999995 4 -0.2753824632577626
416.92199999999997 4 -0.17858871236008875
423.022 4 0.5586340271887393
428.523 4 0.5213334024443874
435.125 4 0.2707035741782949
441.026 4 -0.3901369062912456
4.051 4 -0.3411900810989715
9.732999999999999 4 -0.4104561687389322
14.835 4 -0.2169609759515048
21.836 4 0.06615244747965615
27.333000000000002 4 -0.39567225429776826
34.934 4 0.5328194788331415
41.434 4 0.5593421531425788
49.13399999999999 4 -0.4038200542229408
55.333999999999996 4 -0.4324144478146961
62.733000000000004 4 0.5600402493401084
67.934 4 0.003481672586563067
73.434 4 -0.3702540032974197
81.834 4 0.017859554178115578
87.434 4 -0.3410074012874819
93.134 4 0.4850646003516274
101.235 4 -0.4182099750877633
109.135 4 0.08089927851525153
116.735 4 -0.2211619402739898
122.13600000000001 4 0.07315528777303543
127.838 4 0.3950662317246471
134.035 4 0.13221054402729146
140.937 4 0.08869758419561186
149.835 4 -0.3974633954836755
158.035 4 -0.22492855776426526
163.035 4 0.4399427109580973
168.235 4 -0.1838118121895028
173.835 4 -0.3673859435753403
179.03599999999997 4 -0.0990745054743684
185.736 4 -0.4191104507178046
194.53599999999997 4 -0.17902058442390267
202.33599999999998 4 0.04342784687404455
209.736 4 -0.3791885993336802
219.037 4 0.33099814999202065
224.821 4 0.3148682324188233
230.239 4 0.24577864481097686
236.33599999999998 4 0.2168889048737495
245.225 4 -0.3370273961086736
254.326 4 0.4023999454016864
259.327 4 0.4405366459798378
266.228 4 0.5105106964344559
275.53 4 -0.15151531766671794
285.432 4 0.4471073154656816
293.233 4 -0.18853050208208272
299.834 4 -0.4186437652672141
307.33799999999997 4 -0.43104536650844577
313.52099999999996 4 -0.027018276434360444
319.52099999999996 4 0.23745084281956425
328.423 4 0.5485531945587809
337.525 4 0.1154239306588914
345.526 4 0.4957853103357204
353.12699999999984 4 0.12415338778430145
358.228 4 -0.317763769715922
367.92900000000003 4 -0.2290010072321453
373.431 4 0.3731829135922347
379.032 4 0.1403072147452254
388.634 4 -0.1408964643359093
397.635 4 -0.29525152498393725
405.039 4 -0.3348856204576626
410.82199999999995 4 -0.2753824632577626
416.92199999999997 4 -0.17858871236008875
423.022 4 0.5586340271887393
428.523 4 0.5213334024443874
435.125 4 0.2707035741782949
441.026 4 -0.3901369062912456
4.051 4 -0.3411900810989715
9.732999999999999 4 -0.4104561687389322
14.835 4 -0.2169609759515048
21.836 4 0.06615244747965615
27.333000000000002 4 -0.39567225429776826
34.934 4 0.5328194788331415
41.434 4 0.5593421531425788
49.13399999999999 4 -0.4038200542229408
55.333999999999996 4 -0.4324144478146961
62.733000000000004 4 0.5600402493401084
67.934 4 0.003481672586563067
73.434 4 -0.3702540032974197
81.834 4 0.017859554178115578
87.434 4 -0.3410074012874819
93.134 4 0.4850646003516274
101.235 4 -0.4182099750877633
109.135 4 0.08089927851525153
116.735 4 -0.2211619402739898
122.13600000000001 4 0.07315528777303543
127.838 4 0.3950662317246471
134.035 4 0.13221054402729146
140.937 4 0.08869758419561186
149.835 4 -0.3974633954836755
158.035 4 -0.22492855776426526
163.035 4 0.4399427109580973
168.235 4 -0.1838118121895028
173.835 4 -0.3673859435753403
179.03599999999997 4 -0.0990745054743684
185.736 4 -0.4191104507178046
194.53599999999997 4 -0.17902058442390267
202.33599999999998 4 0.04342784687404455
209.736 4 -0.3791885993336802
219.037 4 0.33099814999202065
224.821 4 0.3148682324188233
230.239 4 0.24577864481097686
236.33599999999998 4 0.2168889048737495
245.225 4 -0.3370273961086736
254.326 4 0.4023999454016864
259.327 4 0.4405366459798378
266.228 4 0.5105106964344559
275.53 4 -0.15151531766671794
285.432 4 0.4471073154656816
293.233 4 -0.18853050208208272
299.834 4 -0.4186437652672141
307.33799999999997 4 -0.43104536650844577
313.52099999999996 4 -0.027018276434360444
319.52099999999996 4 0.23745084281956425
328.423 4 0.5485531945587809
337.525 4 0.1154239306588914
345.526 4 0.4957853103357204
353.12699999999984 4 0.12415338778430145
358.228 4 -0.317763769715922
367.92900000000003 4 -0.2290010072321453
373.431 4 0.3731829135922347
379.032 4 0.1403072147452254
388.634 4 -0.1408964643359093
397.635 4 -0.29525152498393725
405.039 4 -0.3348856204576626
410.82199999999995 4 -0.2753824632577626
416.92199999999997 4 -0.17858871236008875
423.022 4 0.5586340271887393
428.523 4 0.5213334024443874
435.125 4 0.2707035741782949
441.026 4 -0.3901369062912456
4.051 4 -0.3411900810989715
9.732999999999999 4 -0.4104561687389322
14.835 4 -0.2169609759515048
21.836 4 0.06615244747965615
27.333000000000002 4 -0.39567225429776826
34.934 4 0.5328194788331415
41.434 4 0.5593421531425788
49.13399999999999 4 -0.4038200542229408
55.333999999999996 4 -0.4324144478146961
62.733000000000004 4 0.5600402493401084
67.934 4 0.003481672586563067
73.434 4 -0.3702540032974197
81.834 4 0.017859554178115578
87.434 4 -0.3410074012874819
93.134 4 0.4850646003516274
101.235 4 -0.4182099750877633
109.135 4 0.08089927851525153
116.735 4 -0.2211619402739898
122.13600000000001 4 0.07315528777303543
127.838 4 0.3950662317246471
134.035 4 0.13221054402729146
140.937 4 0.08869758419561186
149.835 4 -0.3974633954836755
158.035 4 -0.22492855776426526
163.035 4 0.4399427109580973
168.235 4 -0.1838118121895028
173.835 4 -0.3673859435753403
179.03599999999997 4 -0.0990745054743684
185.736 4 -0.4191104507178046
194.53599999999997 4 -0.17902058442390267
202.33599999999998 4 0.04342784687404455
209.736 4 -0.3791885993336802
219.037 4 0.33099814999202065
224.821 4 0.3148682324188233
230.239 4 0.24577864481097686
236.33599999999998 4 0.2168889048737495
245.225 4 -0.3370273961086736
254.326 4 0.4023999454016864
259.327 4 0.4405366459798378
266.228 4 0.5105106964344559
275.53 4 -0.15151531766671794
285.432 4 0.4471073154656816
293.233 4 -0.18853050208208272
299.834 4 -0.4186437652672141
307.33799999999997 4 -0.43104536650844577
313.52099999999996 4 -0.027018276434360444
319.52099999999996 4 0.23745084281956425
328.423 4 0.5485531945587809
337.525 4 0.1154239306588914
345.526 4 0.4957853103357204
353.12699999999984 4 0.12415338778430145
358.228 4 -0.317763769715922
367.92900000000003 4 -0.2290010072321453
373.431 4 0.3731829135922347
379.032 4 0.1403072147452254
388.634 4 -0.1408964643359093
397.635 4 -0.29525152498393725
405.039 4 -0.3348856204576626
410.82199999999995 4 -0.2753824632577626
416.92199999999997 4 -0.17858871236008875
423.022 4 0.5586340271887393
428.523 4 0.5213334024443874
435.125 4 0.2707035741782949
441.026 4 -0.3901369062912456
4.051 4 -0.3411900810989715
9.732999999999999 4 -0.4104561687389322
14.835 4 -0.2169609759515048
21.836 4 0.06615244747965615
27.333000000000002 4 -0.39567225429776826
34.934 4 0.5328194788331415
41.434 4 0.5593421531425788
49.13399999999999 4 -0.4038200542229408
55.333999999999996 4 -0.4324144478146961
62.733000000000004 4 0.5600402493401084
67.934 4 0.003481672586563067
73.434 4 -0.3702540032974197
81.834 4 0.017859554178115578
87.434 4 -0.3410074012874819
93.134 4 0.4850646003516274
101.235 4 -0.4182099750877633
109.135 4 0.08089927851525153
116.735 4 -0.2211619402739898
122.13600000000001 4 0.07315528777303543
127.838 4 0.3950662317246471
134.035 4 0.13221054402729146
140.937 4 0.08869758419561186
149.835 4 -0.3974633954836755
158.035 4 -0.22492855776426526
163.035 4 0.4399427109580973
168.235 4 -0.1838118121895028
173.835 4 -0.3673859435753403
179.03599999999997 4 -0.0990745054743684
185.736 4 -0.4191104507178046
194.53599999999997 4 -0.17902058442390267
202.33599999999998 4 0.04342784687404455
209.736 4 -0.3791885993336802
219.037 4 0.33099814999202065
224.821 4 0.3148682324188233
230.239 4 0.24577864481097686
236.33599999999998 4 0.2168889048737495
245.225 4 -0.3370273961086736
254.326 4 0.4023999454016864
259.327 4 0.4405366459798378
266.228 4 0.5105106964344559
275.53 4 -0.15151531766671794
285.432 4 0.4471073154656816
293.233 4 -0.18853050208208272
299.834 4 -0.4186437652672141
307.33799999999997 4 -0.43104536650844577
313.52099999999996 4 -0.027018276434360444
319.52099999999996 4 0.23745084281956425
328.423 4 0.5485531945587809
337.525 4 0.1154239306588914
345.526 4 0.4957853103357204
353.12699999999984 4 0.12415338778430145
358.228 4 -0.317763769715922
367.92900000000003 4 -0.2290010072321453
373.431 4 0.3731829135922347
379.032 4 0.1403072147452254
388.634 4 -0.1408964643359093
397.635 4 -0.29525152498393725
405.039 4 -0.3348856204576626
410.82199999999995 4 -0.2753824632577626
416.92199999999997 4 -0.17858871236008875
423.022 4 0.5586340271887393
428.523 4 0.5213334024443874
435.125 4 0.2707035741782949
441.026 4 -0.3901369062912456
