4.051 4 -0.2083537633969369
12.934000000000001 4 -0.3009424517154746
21.134 4 -0.08142696336010863
27.334 4 -0.19276469830031212
33.134 4 -0.3389424483780856
38.334 4 0.4529707722952444
47.63399999999999 4 0.2002570738751393
57.335 4 -0.3202253394509452
66.237 4 -0.3687664957364105
71.438 4 -0.09308482256727063
80.335 4 -0.2534488457836178
86.035 4 0.31414277829820664
94.835 4 -0.4137943249339873
102.935 4 -0.0404843171672854
108.635 4 -0.3550730469356964
114.735 4 -0.3790728811585199
122.336 4 -0.033788263015959
130.136 4 -0.30346581283478724
135.735 4 0.4905122584166491
144.736 4 0.5505729434290636
150.136 4 0.5461168644302223
156.836 4 0.5598110496894084
163.737 4 -0.4177237112546106
168.738 4 0.1477121767345005
174.64 4 -0.3226413719650638
179.736 4 -0.16921851491854614
185.824 4 0.5527379646159658
192.426 4 -0.06594993152335438
198.226 4 0.2085677968523884
205.828 4 -0.2463988194240588
212.02900000000002 4 0.3876346143152021
218.03 4 -0.4252752141301577
225.832 4 -0.3689006852005887
233.733 4 -0.15671153171288793
238.734 4 -0.4030253201626492
244.237 4 0.3883028263880052
250.83700000000002 4 0.4799560887719246
256.438 4 -0.34303309485142497
262.121 4 -0.30371128889477284
269.623 4 -0.3816123492947892
278.724 4 -0.3891531664728829
284.225 4 0.004118465383489756
291.626 4 0.5543358741486626
301.2290000000001 4 0.5507609493468415
306.7290000000001 4 -0.0029729156745009755
316.631 4 0.4855585897370475
324.032 4 0.3222367545796823
332.434 4 -0.0036034485381635775
339.835 4 0.33898367311147304
349.12199999999996 4 -0.429646465899538
357.12199999999996 4 -0.4291935488942433
362.522 4 0.15587679230876966
369.023 4 0.2624092235399657
374.225 4 0.06546751797752752
380.425 4 -0.36584078003866144
386.026 4 0.5013255684194489
391.527 4 -0.402213771768952
398.529 4 0.5253696419297393
403.63 4 0.2985593023110931
412.73199999999997 4 -0.4218977856642024
420.333 4 0.2533560222406673
426.43300000000005 4 -0.4275106169957935
433.335 4 0.13148860933508472
441.036 4 -0.32713336524287706
