4.026 4 -0.019330672759509226
9.027000000000001 4 -0.3028859756265428
14.627 4 -0.30649152627644866
20.128 4 -0.1303212893348356
25.529 4 -0.31487482039342474
31.230999999999998 4 -0.2562636469977558
37.031 4 -0.20682686772278971
46.133 4 -0.12138186011067564
51.233999999999995 4 -0.2639485748130264
58.135 4 -0.3138816345991652
67.42699999999999 4 -0.2615181210073409
77.127 4 0.4986053683694932
82.927 4 0.6285153050177819
90.527 4 -0.3166441951230603
97.927 4 -0.12914051773360766
104.527 4 0.484633692177162
110.728 4 -0.279367831256335
117.62899999999999 4 0.3383978233428035
126.031 4 0.67286295802115
133.532 4 -0.31634256328006866
138.63299999999998 4 -0.31643142912990196
147.434 4 0.21647280927304208
153.535 4 0.4683065921946002
163.428 4 0.5765252177204296
171.628 4 -0.3151076371857772
177.22799999999995 4 -0.2874959042033128
183.928 4 0.041122962483076016
191.928 4 -0.31707245805905754
197.329 4 0.6369496548285101
205.12900000000002 4 -0.29265310398195665
213.229 4 0.5006362963673245
219.33 4 0.3780220099110164
225.93099999999998 4 -0.2618353773991462
235.033 4 -0.17308842293544008
240.93400000000003 4 0.4322321172771949
247.929 4 0.30113674485313263
252.929 4 -0.2844235912956046
258.92900000000003 4 -0.3140386159183812
267.93 4 -0.2535014860780961
274.43 4 0.6149756202109415
283.33 4 -0.30851689723005105
291.23 4 0.5782174222978373
298.63 4 0.2308323987326397
308.23 4 -0.10261932830670616
315.83 4 -0.020761839815417737
323.432 4 -0.19098254805520248
328.6330000000001 4 -0.007976218005264935
334.7340000000001 4 0.6808167999675148
342.135 4 0.002194033447382337
347.83099999999996 4 -0.3136689739241275
353.037 4 -0.2998246968745348
359.231 4 -0.18396269245198066
364.431 4 -0.2593133358231959
369.931 4 -0.29149749610956993
375.531 4 -0.3161946145153845
381.031 4 -0.3075851020339643
389.931 4 0.17723624503750365
396.131 4 -0.08611256903910787
401.832 4 -0.02248930363709839
411.13199999999995 4 -0.3047786827720573
420.032 4 -0.2114527978238808
427.833 4 -0.2108701616939358
433.334 4 -0.26461895615041764
441.036 4 0.16158603274875333
