4.043 4 -0.2775961443004949
10.227 4 -0.07667717952148895
16.727999999999998 4 0.33833599857152963
23.629 4 0.4117719868311516
32.431 4 0.11840990395721927
37.931999999999995 4 0.18909836165695004
45.533 4 -0.30965116627229383
54.538000000000004 4 -0.2050504596793807
61.92100000000001 4 -0.3675205370512283
67.62100000000001 4 -0.01417224287008201
72.622 4 -0.14044092116099086
81.92299999999999 4 -0.3699884057295677
87.124 4 -0.3111375290098836
94.825 4 -0.153534246555749
100.82600000000001 4 -0.26261202206433004
107.727 4 0.20419859971043985
112.728 4 -0.0982347350375421
121.63 4 -0.3677590439431088
128.231 4 -0.28666462557276057
133.732 4 -0.3480980948036462
139.933 4 -0.3651599388596685
145.834 4 0.6169366541390512
151.335 4 0.1556077664680756
157.123 4 -0.3579949174907283
166.023 4 -0.3522849166179537
172.123 4 0.572951632121975
180.523 4 -0.3642870194531807
187.525 4 -0.121883762510592
201.02700000000002 4 -0.3411213602488869
207.22799999999998 4 -0.04969754819861655
216.33 4 0.18866424103877288
224.231 4 -0.3539523876869745
234.13299999999998 4 0.3879685901083267
242.334 4 0.14147602441496798
257.42400000000004 4 -0.3471267542323025
266.324 4 -0.14848871887071866
273.724 4 -0.19487047811101949
279.224 4 -0.11304279305547656
285.325 4 0.3287875522465856
291.426 4 -0.3615246493333154
296.527 4 -0.36084998535113416
302.228 4 0.4937009921243739
309.629 4 0.5012267662973849
315.23 4 0.3538352367104296
322.832 4 0.5509892699390423
328.533 4 -0.3448490143935471
336.034 4 0.5015946632805225
341.235 4 -0.29842407646072433
348.82599999999996 4 -0.1356210629082638
356.82599999999996 4 -0.3354578814638371
364.626 4 -0.3692547615507796
371.32599999999996 4 -0.16119086023931922
376.426 4 0.5817717580557069
382.226 4 -0.2407183680212516
388.827 4 0.6142018881858715
396.62800000000004 4 0.3283375572173657
405.93 4 0.09590617523422118
411.531 4 0.5215292737463697
416.73199999999997 4 0.37818982008677215
422.332 4 0.09550864022010497
431.934 4 -0.007039029629437309
441.027 4 -0.08274796119075406
4.043 4 -0.2775961443004949
10.227 4 -0.07667717952148895
16.727999999999998 4 0.33833599857152963
23.629 4 0.4117719868311516
32.431 4 0.11840990395721927
37.931999999999995 4 0.18909836165695004
45.533 4 -0.30965116627229383
54.538000000000004 4 -0.2050504596793807
61.92100000000001 4 -0.3675205370512283
67.62100000000001 4 -0.01417224287008201
72.622 4 -0.14044092116099086
81.92299999999999 4 -0.3699884057295677
87.124 4 -0.3111375290098836
94.825 4 -0.153534246555749
100.82600000000001 4 -0.26261202206433004
107.727 4 0.20419859971043985
112.728 4 -0.0982347350375421
121.63 4 -0.3677590439431088
128.231 4 -0.28666462557276057
133.732 4 -0.3480980948036462
139.933 4 -0.3651599388596685
145.834 4 0.6169366541390512
151.335 4 0.1556077664680756
157.123 4 -0.3579949174907283
166.023 4 -0.3522849166179537
172.123 4 0.572951632121975
180.523 4 -0.3642870194531807
187.525 4 -0.121883762510592
201.02700000000002 4 -0.3411213602488869
207.22799999999998 4 -0.04969754819861655
216.33 4 0.18866424103877288
224.231 4 -0.3539523876869745
234.13299999999998 4 0.3879685901083267
242.334 4 0.14147602441496798
257.42400000000004 4 -0.3471267542323025
266.324 4 -0.14848871887071866
273.724 4 -0.19487047811101949
279.224 4 -0.11304279305547656
285.325 4 0.3287875522465856
291.426 4 -0.3615246493333154
296.527 4 -0.36084998535113416
302.228 4 0.4937009921243739
309.629 4 0.5012267662973849
315.23 4 0.3538352367104296
322.832 4 0.5509892699390423
328.533 4 -0.3448490143935471
336.034 4 0.5015946632805225
341.235 4 -0.29842407646072433
348.82599999999996 4 -0.1356210629082638
356.82599999999996 4 -0.3354578814638371
364.626 4 -0.3692547615507796
371.32599999999996 4 -0.16119086023931922
376.426 4 0.5817717580557069
382.226 4 -0.2407183680212516
388.827 4 0.6142018881858715
396.62800000000004 4 0.3283375572173657
405.93 4 0.09590617523422118
411.531 4 0.5215292737463697
416.73199999999997 4 0.37818982008677215
422.332 4 0.09550864022010497
431.934 4 -0.007039029629437309
441.027 4 -0.08274796119075406
