4.035 4 0.1799042279927221
13.334000000000001 4 0.5945507393375898
20.734 4 0.4801160025179248
26.335 4 0.3633026524077003
35.435 4 -0.04340833570903591
42.135 4 -0.3557256128746516
47.835 4 0.5211833847954033
54.035 4 0.4026113298288311
61.636 4 0.1410583602742801
69.737 4 -0.2691593406328028
77.235 4 -0.281168025162405
84.235 4 -0.15330951933100598
92.025 4 0.11800191772285135
98.02600000000001 4 -0.2753387082656148
103.82700000000001 4 0.3628579012275793
108.82700000000001 4 -0.006700738867037147
117.62899999999999 4 0.4722085476448956
125.831 4 0.3131940780749449
134.732 4 -0.32770408446632393
140.233 4 -0.3647382384958235
147.836 4 0.4584035722798482
157.72 4 0.0448193330422329
163.12 4 -0.3653129777650948
170.02200000000005 4 -0.2832969036345978
176.22299999999996 4 0.2533156718352405
181.924 4 -0.04309525476060594
187.825 4 0.621080024266688
193.02599999999998 4 0.628395384114059
199.127 4 -0.3674254448112795
207.128 4 -0.3501263458841907
213.229 4 -0.3320719815946564
220.93099999999998 4 -0.2966412258787988
226.532 4 -0.2355428498066737
233.13299999999998 4 -0.3690365543197393
239.234 4 -0.3148841456553416
248.321 4 0.5140929919253068
253.421 4 -0.09242507401174954
260.02099999999996 4 -0.3368841115742281
265.022 4 0.532906152275185
270.52299999999997 4 -0.3012427122372624
277.024 4 -0.17305899422104448
283.925 4 0.4354441983722103
289.426 4 0.5506844824269564
298.328 4 -0.3486752461887382
307.629 4 0.13263954907065856
331.43300000000005 4 -0.12718519059194994
338.835 4 -0.165561243919089
344.022 4 0.5137384232272252
351.62300000000016 4 0.2879944237582992
360.62300000000016 4 -0.34958552643082985
366.423 4 -0.3655540079138526
371.524 4 -0.3236701407307263
377.025 4 -0.21824291242035795
386.626 4 -0.3604087300251768
394.528 4 -0.23569070121842625
399.92900000000003 4 -0.19880561822360687
405.53 4 0.6231413692122624
418.63199999999995 4 0.22840068903696786
426.43300000000005 4 -0.36789883370535215
432.634 4 -0.3377320899141042
441.036 4 -0.33907034999412394
