4.055 4 -0.20474449547018567
9.137 4 0.6485244432074235
15.338 4 -0.19244054716466316
23.121 4 0.3752754580545382
30.721999999999998 4 -0.20502157417369665
39.62300000000001 4 -0.2048211964832392
45.123999999999995 4 0.2460218650374632
50.825 4 -0.1917749174081182
58.227 4 0.24369270865605716
67.328 4 -0.20501876084692133
72.329 4 -0.2050055825377685
78.53 4 0.34536456862204523
84.131 4 0.09544161634058818
93.03299999999999 4 0.6508256630187429
98.939 4 0.5897325436232383
107.035 4 -0.016916857181564715
113.94 4 -0.20505896703563367
121.323 4 -0.1423556074597871
126.522 4 0.2093743446090318
132.22299999999998 4 -0.20501258081662976
139.624 4 -0.1881520317612121
145.725 4 -0.20505065436075656
151.42600000000004 4 -0.05191236756644488
156.42700000000005 4 0.03793551687609248
164.429 4 -0.2040003047161626
173.33 4 0.5266224867300778
178.831 4 -0.09601360986490357
187.233 4 0.28209437147584626
193.834 4 0.3875533906964152
202.94 4 0.08950982836040973
212.22400000000002 4 -0.20506490147240097
218.024 4 -0.19852380107560952
223.62400000000002 4 -0.20500919036631374
231.324 4 -0.20393331226283776
237.825 4 0.7495420714017279
243.02599999999998 4 -0.20089732150935394
250.02700000000002 4 -0.20353054134534945
255.428 4 -0.1855920809398436
260.829 4 -0.19087036267234533
267.73 4 -0.19626501886463266
277.032 4 -0.1684123294598892
284.936 4 0.7024125239791842
292.535 4 -0.2003319649220408
297.735 4 0.7700159162594126
302.825 4 -0.0071396001914723626
308.825 4 -0.20136864759101225
314.325 4 -0.20232936504659801
320.425 4 -0.20504401913180248
326.225 4 -0.0935123209702353
332.426 4 -0.17752600323781656
342.027 4 -0.20158421812039656
347.62800000000016 4 -0.2032100649971607
353.12800000000016 4 -0.20506503752836447
361.33 4 -0.20248958569346825
368.83099999999996 4 0.00437316265978166
378.733 4 0.5690534116231981
388.435 4 0.15615001770344816
396.236 4 -0.20506321948529166
405.027 4 -0.2045069700964306
411.727 4 -0.2044670745836984
418.327 4 -0.2034220812802476
424.42699999999996 4 0.3247213388571825
433.42699999999996 4 -0.122450897787011
441.027 4 -0.15877115779512754
4.055 4 -0.20474449547018567
9.137 4 0.6485244432074235
15.338 4 -0.19244054716466316
23.121 4 0.3752754580545382
30.721999999999998 4 -0.20502157417369665
39.62300000000001 4 -0.2048211964832392
45.123999999999995 4 0.2460218650374632
50.825 4 -0.1917749174081182
58.227 4 0.24369270865605716
67.328 4 -0.20501876084692133
72.329 4 -0.2050055825377685
78.53 4 0.34536456862204523
84.131 4 0.09544161634058818
93.03299999999999 4 0.6508256630187429
98.939 4 0.5897325436232383
107.035 4 -0.016916857181564715
113.94 4 -0.20505896703563367
121.323 4 -0.1423556074597871
126.522 4 0.2093743446090318
132.22299999999998 4 -0.20501258081662976
139.624 4 -0.1881520317612121
145.725 4 -0.20505065436075656
151.42600000000004 4 -0.05191236756644488
156.42700000000005 4 0.03793551687609248
164.429 4 -0.2040003047161626
173.33 4 0.5266224867300778
178.831 4 -0.09601360986490357
187.233 4 0.28209437147584626
193.834 4 0.3875533906964152
202.94 4 0.08950982836040973
212.22400000000002 4 -0.20506490147240097
218.024 4 -0.19852380107560952
223.62400000000002 4 -0.20500919036631374
231.324 4 -0.20393331226283776
237.825 4 0.7495420714017279
243.02599999999998 4 -0.20089732150935394
250.02700000000002 4 -0.20353054134534945
255.428 4 -0.1855920809398436
260.829 4 -0.19087036267234533
267.73 4 -0.19626501886463266
277.032 4 -0.1684123294598892
284.936 4 0.7024125239791842
292.535 4 -0.2003319649220408
297.735 4 0.7700159162594126
302.825 4 -0.0071396001914723626
308.825 4 -0.20136864759101225
314.325 4 -0.20232936504659801
320.425 4 -0.20504401913180248
326.225 4 -0.0935123209702353
332.426 4 -0.17752600323781656
342.027 4 -0.20158421812039656
347.62800000000016 4 -0.2032100649971607
353.12800000000016 4 -0.20506503752836447
361.33 4 -0.20248958569346825
368.83099999999996 4 0.00437316265978166
378.733 4 0.5690534116231981
388.435 4 0.15615001770344816
396.236 4 -0.20506321948529166
405.027 4 -0.2045069700964306
411.727 4 -0.2044670745836984
418.327 4 -0.2034220812802476
424.42699999999996 4 0.3247213388571825
433.42699999999996 4 -0.122450897787011
441.027 4 -0.15877115779512754
