4.045 4 0.26266933489039795
9.829 4 0.14018481309748848
15.629000000000001 4 0.7176173783623941
20.730999999999998 4 -0.20457154376260245
29.631999999999998 4 -0.20434623740046584
39.533 4 -0.20506441180119556
45.035 4 0.3966057294467593
52.536 4 0.7895744924534541
58.427 4 -0.14896758738574015
64.027 4 0.5922665780726216
69.027 4 -0.015727194408561546
74.528 4 -0.20505813802949396
82.728 4 -0.2049349525332041
87.927 4 -0.20386215495659749
96.82799999999999 4 -0.15491258935946348
102.52799999999999 4 -0.20490827939860967
109.12899999999999 4 -0.2036210660818352
116.831 4 -0.17417917117034093
125.935 4 -0.2050377787921366
132.13299999999998 4 -0.20506445537875706
139.535 4 0.7946760093245433
145.136 4 -0.14574906985813485
151.828 4 -0.17019551051046475
157.22899999999996 4 -0.20309414466222306
165.62900000000005 4 -0.20506003028450406
173.729 4 -0.20063995474649746
179.329 4 -0.2021593254325081
186.93 4 -0.08738913845251782
192.429 4 0.02486447743180489
198.12900000000002 4 -0.17589895407878067
205.93 4 -0.10780549512592516
212.03099999999998 4 -0.20506487202574755
218.13099999999997 4 -0.19769826794642514
227.433 4 0.7316761435331032
237.035 4 0.08157104460854009
242.236 4 -0.2046287078362924
247.63 4 -0.20506296238362187
255.43 4 -0.2026405447298396
264.23 4 -0.20060695445208693
269.73 4 0.7947776713169358
278.631 4 -0.11722328459876402
284.631 4 -0.20505969794756385
292.631 4 -0.20501576689788134
298.33099999999996 4 0.3663233460603086
303.531 4 0.2251857023843068
310.934 4 -0.10715066015554237
318.832 4 -0.17906507464573412
323.834 4 0.5479872971938682
331.235 4 -0.20197887683078813
337.336 4 -0.12685501495442209
343.935 4 0.2845343452915336
350.832 4 -0.20412274370283776
357.332 4 0.06271623500096157
366.43199999999996 4 0.6319531055848685
373.332 4 -0.19167791339357776
379.532 4 -0.20442921610869214
385.73199999999997 4 0.05007850540308112
392.73199999999997 4 0.7604843216249798
401.73199999999997 4 -0.05969873166908865
411.032 4 -0.2048982341780574
418.634 4 -0.2003669667565509
423.73400000000004 4 -0.1017209727504681
433.436 4 -0.11293694647320615
441.033 4 -0.1659951580823266
