4.0489999999999995 4 0.5181214471533397
12.231 4 -0.285565619871219
18.433 4 0.3942145715394199
23.434 4 0.32915244152304723
28.935 4 0.4272469639458383
33.935 4 0.20972021050730216
40.032 4 -0.3977222397450503
46.632 4 0.4979527375560884
52.132 4 0.11186132119083347
61.232 4 -0.4386597558801443
66.932 4 0.492171691537986
73.532 4 0.17145666027744633
81.433 4 -0.4247502083176133
87.132 4 0.18993750814965984
94.03299999999999 4 -0.4595125291485481
99.53299999999999 4 -0.02152580207679466
106.03299999999999 4 -0.1429132657308086
114.133 4 -0.2353968253503885
123.03399999999999 4 0.07819521781447758
130.636 4 -0.4661800923471395
136.433 4 -0.4738896243322971
141.833 4 0.3107169791706792
151.134 4 -0.4261807017408543
156.534 4 -0.11388806170814425
162.434 4 -0.02583793062347817
169.834 4 -0.4665899277909241
176.53400000000005 4 -0.23337582079291155
184.53400000000002 4 0.27402469473314217
193.43400000000003 4 -0.4008002511107563
201.234 4 -0.33509436884851795
207.335 4 0.4098145042203029
213.335 4 0.4741685759329185
218.835 4 -0.22781691634032725
227.636 4 -0.12497578576953673
232.83700000000002 4 0.5060273068974253
241.935 4 -0.3385427348010199
249.535 4 -0.4240219070623405
258.535 4 -0.2045526787135096
264.135 4 -0.059456944899583024
269.835 4 -0.017190052513787857
275.036 4 0.5178275664356378
281.938 4 -0.3419177950397183
290.836 4 -0.29002961957156004
300.736 4 0.4906480049439882
310.336 4 0.10217689644235917
317.736 4 0.2294470400006127
322.82 4 0.4088099331838291
328.621 4 -0.40377231391846
336.32199999999995 4 0.4475428462270517
342.523 4 0.22452367066451373
347.724 4 -0.04703592567460446
355.125 4 -0.3464188740171116
362.726 4 -0.21928699378841154
370.228 4 0.2836215776114837
379.529 4 0.04186366709591083
387.33099999999996 4 -0.4600915240710986
393.532 4 0.16157819540442198
400.533 4 0.17509670415614909
406.134 4 0.0558293654312032
412.23699999999997 4 -0.15587393562181362
420.621 4 0.5180279660301561
426.221 4 -0.4217836200223738
431.32199999999995 4 -0.37307898741393497
441.024 4 -0.2075517739699893
