4.048 4 0.4997252945054314
11.731 4 -0.4521166371827522
20.133 4 -0.12130691998272647
29.834 4 0.39019797892623054
36.436 4 0.4863043547315795
42.331 4 0.05459527269778064
51.931000000000004 4 -0.4659711636930083
57.53100000000001 4 -0.012830940918091172
63.731 4 -0.06247060129356019
71.331 4 0.09254263357135384
77.331 4 -0.4413479405932445
84.831 4 -0.004043721350850682
92.632 4 -0.4598038739196112
101.73200000000001 4 -0.15927849056281618
106.932 4 0.2788316498775971
112.03200000000001 4 -0.4739957984892775
117.53299999999999 4 -0.21347142907060795
123.03399999999999 4 -0.13223221439086913
130.636 4 0.4816658002780375
136.333 4 0.18498955744444245
141.832 4 -0.16600628963608827
149.232 4 -0.07058624658405316
155.333 4 0.3382033213002674
161.033 4 -0.27870075034838826
168.833 4 -0.3987602188759489
175.333 4 0.4840215637743508
181.033 4 -0.4392107373561611
186.233 4 -0.21052466038539944
194.333 4 -0.03863015809651288
199.333 4 0.4135923381722538
207.233 4 0.2883934422618639
216.334 4 0.10701313227009056
223.035 4 0.19983236275512384
230.43599999999998 4 0.18134679622380975
236.234 4 -0.13938008007166452
245.13400000000001 4 0.20477758972758053
253.13400000000001 4 0.41260104860560576
258.334 4 0.5074030544829873
267.634 4 0.3013499198637513
273.034 4 -0.4517272959788045
280.434 4 -0.4225387111019655
289.7340000000001 4 -0.042845422034881515
295.936 4 0.34713115045348764
304.936 4 -0.3717455701825906
310.435 4 0.4879380926855881
317.435 4 -0.3769902762189189
323.236 4 -0.2922282924844741
328.837 4 0.0452760174316228
337.735 4 -0.3662598379404425
346.635 4 0.15664525497922055
354.235 4 0.3060449893772401
361.13599999999997 4 -0.40569643399756505
371.036 4 -0.3690334033022447
377.13599999999997 4 0.29314619950571263
384.036 4 0.3336927061073017
389.036 4 -0.2878087786477661
397.833 4 -0.40279319659987617
402.936 4 0.38613697365805577
409.036 4 -0.32614461811220263
415.63599999999997 4 -0.3279727701729459
423.82 4 -0.15677433830473325
429.421 4 -0.008448737001267803
434.82199999999995 4 -0.3757011995373157
441.023 4 0.5045711426083382
