4.044 4 0.49132440861018895
11.935 4 -0.3263686122040609
18.135 4 0.4437932343818377
26.535 4 0.3401274456825133
33.435 4 -0.238308864031246
42.33600000000001 4 -0.05374006087905997
51.43600000000001 4 -0.14324536648541306
60.736000000000004 4 -0.24882969993338305
68.438 4 -0.12322269854150053
73.923 4 -0.270191701042647
81.723 4 0.2706750121405024
86.92399999999998 4 -0.2664248455535832
94.32600000000001 4 -0.3263057811234609
99.32700000000001 4 -0.3242165547251081
108.12799999999999 4 0.046441126156873784
113.62899999999999 4 -0.06996939811153241
123.531 4 0.2920543452290435
130.232 4 0.2683317677724222
138.033 4 -0.02195010060722652
146.937 4 -0.2991194301963188
152.037 4 0.12593757888138168
160.02100000000004 4 0.4891456879840961
166.52200000000005 4 0.5107661696523603
174.123 4 -0.18364679789108446
179.12400000000005 4 0.6471609009113334
185.325 4 0.02925552842667667
190.92700000000002 4 -0.23910986530947545
197.02700000000002 4 -0.32388144151882864
204.628 4 0.6350468455316532
209.829 4 -0.31820660886272584
216.43 4 -0.2331180132425089
223.832 4 -0.2949229723706929
231.433 4 -0.3236956558260411
237.234 4 -0.2270568075147122
242.635 4 -0.1110353173144764
248.139 4 -0.3228336813383099
254.322 4 0.664724067136722
261.222 4 0.2933063534913941
267.123 4 0.5544198494228337
273.224 4 -0.3132267699842382
278.325 4 -0.19091798625575146
285.82599999999996 4 -0.30231058090822555
295.128 4 -0.32349657159784073
303.2290000000001 4 0.00837693723939209
308.932 4 0.6574675036946892
314.33099999999996 4 0.10637015602616516
322.532 4 0.4644438756162784
328.033 4 -0.31023784204679744
334.034 4 -0.009108933636778116
343.63599999999997 4 -0.2581610974514109
349.723 4 -0.3259621736475026
357.124 4 -0.2803382862686233
362.824 4 -0.3163224423490699
371.824 4 -0.13210078908955228
377.025 4 0.6735562836890193
384.027 4 0.4402757656846888
389.62699999999995 4 -0.26241920386689954
395.228 4 -0.13317607460143066
401.83 4 -0.22000674159530487
407.631 4 0.5920565315688806
417.332 4 -0.3251663867099457
423.033 4 -0.12150297216253088
431.936 4 -0.23256163849718184
441.025 4 0.4192054927604866
4.044 4 0.49132440861018895
11.935 4 -0.3263686122040609
18.135 4 0.4437932343818377
26.535 4 0.3401274456825133
33.435 4 -0.238308864031246
42.33600000000001 4 -0.05374006087905997
51.43600000000001 4 -0.14324536648541306
60.736000000000004 4 -0.24882969993338305
68.438 4 -0.12322269854150053
73.923 4 -0.270191701042647
81.723 4 0.2706750121405024
86.92399999999998 4 -0.2664248455535832
94.32600000000001 4 -0.3263057811234609
99.32700000000001 4 -0.3242165547251081
108.12799999999999 4 0.046441126156873784
113.62899999999999 4 -0.06996939811153241
123.531 4 0.2920543452290435
130.232 4 0.2683317677724222
138.033 4 -0.02195010060722652
146.937 4 -0.2991194301963188
152.037 4 0.12593757888138168
160.02100000000004 4 0.4891456879840961
166.52200000000005 4 0.5107661696523603
174.123 4 -0.18364679789108446
179.12400000000005 4 0.6471609009113334
185.325 4 0.02925552842667667
190.92700000000002 4 -0.23910986530947545
197.02700000000002 4 -0.32388144151882864
204.628 4 0.6350468455316532
209.829 4 -0.31820660886272584
216.43 4 -0.2331180132425089
223.832 4 -0.2949229723706929
231.433 4 -0.3236956558260411
237.234 4 -0.2270568075147122
242.635 4 -0.1110353173144764
248.139 4 -0.3228336813383099
254.322 4 0.664724067136722
261.222 4 0.2933063534913941
267.123 4 0.5544198494228337
273.224 4 -0.3132267699842382
278.325 4 -0.19091798625575146
285.82599999999996 4 -0.30231058090822555
295.128 4 -0.32349657159784073
303.2290000000001 4 0.00837693723939209
308.932 4 0.6574675036946892
314.33099999999996 4 0.10637015602616516
322.532 4 0.4644438756162784
328.033 4 -0.31023784204679744
334.034 4 -0.009108933636778116
343.63599999999997 4 -0.2581610974514109
349.723 4 -0.3259621736475026
357.124 4 -0.2803382862686233
362.824 4 -0.3163224423490699
371.824 4 -0.13210078908955228
377.025 4 0.6735562836890193
384.027 4 0.4402757656846888
389.62699999999995 4 -0.26241920386689954
395.228 4 -0.13317607460143066
401.83 4 -0.22000674159530487
407.631 4 0.5920565315688806
417.332 4 -0.3251663867099457
423.033 4 -0.12150297216253088
431.936 4 -0.23256163849718184
441.025 4 0.4192054927604866
