4.05 4 0.6128918846465473
10.232999999999999 4 0.048462681864943465
19.535 4 -0.2639377197030979
27.338 4 -0.17638598755326507
33.022 4 -0.26229778634117484
42.022 4 -0.2627571563942401
48.12300000000001 4 0.4441681572468209
54.324 4 -0.25613522641222725
63.226000000000006 4 -0.2638937831550705
68.827 4 -0.26395995930990485
74.528 4 -0.2639486191906579
82.529 4 -0.26336056353798604
91.43 4 0.1118222239196916
96.431 4 0.09882789290355737
102.133 4 0.6878009972769621
107.634 4 0.6309247652628407
117.235 4 -0.26327643979019644
123.723 4 -0.26331985256162577
132.523 4 0.18697582554504635
139.924 4 -0.0305926783008941
148.024 4 -0.14747154777884208
157.125 4 0.16735625412524094
163.026 4 0.7099978079907059
169.628 4 -0.2616914287641757
177.02900000000002 4 -0.2242111797071859
184.43 4 0.0188190432755041
190.53099999999998 4 0.6264313286312949
200.433 4 -0.019270788068626227
206.63400000000001 4 -0.2637185567352976
212.635 4 -0.006337979856576193
219.524 4 -0.2608688350280774
225.025 4 0.3295774362347391
230.025 4 -0.00853481213265478
237.025 4 -0.2079926063391195
244.928 4 -0.2634345350113489
253.326 4 -0.2618325286909461
258.527 4 0.250738250468591
264.128 4 0.6436528564741019
270.829 4 0.5300790521680734
275.932 4 -0.24675009560524125
285.031 4 -0.26123978936430897
290.532 4 0.0944607042775592
299.434 4 -0.2637343367192731
305.235 4 0.2295934017334887
310.336 4 -0.2581881659389347
318.126 4 -0.2223953470793249
323.32599999999996 4 -0.13297688261035345
329.126 4 -0.14011329496325248
338.82599999999996 4 0.2242796047685182
346.527 4 0.2453097458150193
353.12699999999984 4 -0.1938525888803466
358.527 4 -0.18964232425490515
364.129 4 0.6996816655140092
371.73 4 -0.018156736262338324
381.031 4 -0.2570595327051426
388.533 4 -0.24449621667615054
396.134 4 -0.14072288282972506
403.735 4 0.7006516727581642
410.62699999999995 4 -0.07603381702559668
416.028 4 -0.2533719591205485
421.227 4 -0.20099169577120546
429.42800000000005 4 -0.2551821726499379
435.528 4 -0.2309544894023323
441.028 4 -0.2614084856462608
4.05 4 0.6128918846465473
10.232999999999999 4 0.048462681864943465
19.535 4 -0.2639377197030979
27.338 4 -0.17638598755326507
33.022 4 -0.26229778634117484
42.022 4 -0.2627571563942401
48.12300000000001 4 0.4441681572468209
54.324 4 -0.25613522641222725
63.226000000000006 4 -0.2638937831550705
68.827 4 -0.26395995930990485
74.528 4 -0.2639486191906579
82.529 4 -0.26336056353798604
91.43 4 0.1118222239196916
96.431 4 0.09882789290355737
102.133 4 0.6878009972769621
107.634 4 0.6309247652628407
117.235 4 -0.26327643979019644
123.723 4 -0.26331985256162577
132.523 4 0.18697582554504635
139.924 4 -0.0305926783008941
148.024 4 -0.14747154777884208
157.125 4 0.16735625412524094
163.026 4 0.7099978079907059
169.628 4 -0.2616914287641757
177.02900000000002 4 -0.2242111797071859
184.43 4 0.0188190432755041
190.53099999999998 4 0.6264313286312949
200.433 4 -0.019270788068626227
206.63400000000001 4 -0.2637185567352976
212.635 4 -0.006337979856576193
219.524 4 -0.2608688350280774
225.025 4 0.3295774362347391
230.025 4 -0.00853481213265478
237.025 4 -0.2079926063391195
244.928 4 -0.2634345350113489
253.326 4 -0.2618325286909461
258.527 4 0.250738250468591
264.128 4 0.6436528564741019
270.829 4 0.5300790521680734
275.932 4 -0.24675009560524125
285.031 4 -0.26123978936430897
290.532 4 0.0944607042775592
299.434 4 -0.2637343367192731
305.235 4 0.2295934017334887
310.336 4 -0.2581881659389347
318.126 4 -0.2223953470793249
323.32599999999996 4 -0.13297688261035345
329.126 4 -0.14011329496325248
338.82599999999996 4 0.2242796047685182
346.527 4 0.2453097458150193
353.12699999999984 4 -0.1938525888803466
358.527 4 -0.18964232425490515
364.129 4 0.6996816655140092
371.73 4 -0.018156736262338324
381.031 4 -0.2570595327051426
388.533 4 -0.24449621667615054
396.134 4 -0.14072288282972506
403.735 4 0.7006516727581642
410.62699999999995 4 -0.07603381702559668
416.028 4 -0.2533719591205485
421.227 4 -0.20099169577120546
429.42800000000005 4 -0.2551821726499379
435.528 4 -0.2309544894023323
441.028 4 -0.2614084856462608
