4.032 4 -0.2913269972646569
10.133 4 -0.2652292659047588
17.834 4 -0.06808156709629715
25.825 4 -0.24762228676411155
33.225 4 0.4753921785742994
39.025 4 -0.3013755542611168
44.125 4 -0.30128602778041835
49.825 4 -0.06596559295566967
55.426 4 0.07644941205376671
65.126 4 -0.2257514517277673
71.227 4 -0.3002714423152504
78.128 4 0.36033203698018906
83.529 4 -0.2897935777746387
91.93 4 0.5051695005705701
96.931 4 -0.3027152070060792
103.132 4 -0.2244301840896803
111.234 4 0.33917629482444184
116.435 4 -0.2864578991784868
124.226 4 0.0296497935128035
133.127 4 -0.2918505219674867
138.327 4 0.3181055276441572
143.327 4 0.6747870883130735
152.327 4 -0.1597927067004389
157.827 4 0.4715910844800703
164.827 4 -0.30071136494517103
171.328 4 -0.3011911170416904
176.829 4 -0.14704509835712626
183.73 4 0.5113730349129504
190.43099999999998 4 0.1865588651111936
199.733 4 -0.30162835306889313
207.334 4 -0.1996673539121412
213.135 4 -0.09983395164783464
222.72799999999998 4 0.6906322596676735
231.828 4 -0.3027804429393865
237.528 4 -0.2445398609962945
245.128 4 0.6659533892150047
250.628 4 -0.3023322594624001
257.22900000000004 4 0.29327296955413823
263.22900000000004 4 -0.29785782804217426
269.829 4 -0.3021030409193285
275.92900000000003 4 0.4445246378746532
283.431 4 -0.2201382439113488
289.632 4 -0.1758204905395861
298.533 4 0.6357482619801882
304.434 4 -0.2439441828276737
312.029 4 0.5868658886085669
321.93 4 -0.21475601446009845
327.329 4 0.6557648376465175
335.23 4 0.6027873015067899
344.03 4 0.5340187991861511
351.43 4 -0.25548094661005777
360.33 4 -0.30014567474179904
365.43 4 0.4917078390592746
374.73 4 0.14907750357100213
379.931 4 -0.2971821200918699
385.43199999999996 4 0.6937623177330963
391.033 4 -0.2584672406409099
399.23400000000004 4 -0.2841585121286691
404.931 4 -0.1894244179683055
412.33099999999996 4 -0.296486051509671
420.131 4 -0.30044490524756395
429.231 4 -0.302784255842093
435.431 4 -0.13478012144029589
441.031 4 -0.2108861431304261
