4.047 4 -0.19521832648217824
10.929 4 -0.19428660069028816
16.529 4 0.057490922212072026
25.33 4 -0.17868739495829047
34.43 4 -0.19519292556951445
40.63 4 -0.1880472471945716
45.831 4 0.14021459745442716
52.732 4 0.7412396127543409
58.833 4 -0.19477761457475512
68.135 4 -0.18212846831096305
73.836 4 0.7259711079725504
81.63 4 -0.06298489192375048
87.13 4 -0.18170809955828768
92.131 4 0.6129368671425652
101.83 4 -0.194881823234846
109.431 4 -0.08420238309539542
115.031 4 0.3418143620668485
121.531 4 -0.1950656739800736
127.531 4 -0.15456136595979286
133.731 4 -0.07280135343506677
142.132 4 -0.19514298700422134
151.033 4 -0.1951278493916317
160.134 4 -0.13402217127653465
165.635 4 -0.1700050866206122
174.532 4 -0.19352350318125508
180.032 4 -0.18937878896236174
187.832 4 -0.19396102618417588
195.43200000000002 4 0.16315523628954146
204.732 4 -0.1941657387581525
210.832 4 -0.12686027299135827
218.43200000000002 4 -0.19497820097578614
225.833 4 -0.13706952336253758
232.533 4 -0.1949209106435856
238.033 4 -0.18050574507288686
246.13299999999998 4 0.2028800873343512
251.93400000000003 4 -0.1951556236400457
258.535 4 -0.11497277243949405
265.13599999999997 4 -0.19521115400262212
270.33299999999997 4 0.2834262352445946
281.534 4 -0.1948501286684722
288.533 4 -0.19519043100283665
296.434 4 -0.048372164353643936
302.134 4 0.4065755323450631
309.634 4 -0.18418757078746315
315.334 4 -0.19391902839167152
320.434 4 0.6053390925856836
330.034 4 0.7595297409980821
339.934 4 0.10291267573651086
346.134 4 -0.12886996320602695
354.335 4 -0.1948928597532403
360.436 4 0.17813714035885014
369.338 4 0.31220411678176546
375.235 4 -0.1916782184375669
383.235 4 -0.19521607279557507
388.435 4 -0.16780122644416168
393.835 4 0.37559138039893664
402.835 4 -0.19224746392425784
408.435 4 -0.059172370565906664
413.535 4 -0.10573553095677957
420.935 4 -0.19521721072375134
428.335 4 -0.09837722807689436
433.336 4 -0.019639782383627125
441.036 4 0.7033127928942631
