4.047 4 0.5776549743473347
11.83 4 0.12878461293946458
19.53 4 -0.021723250568083
27.53 4 -0.2213849311430153
36.431999999999995 4 -0.41472317171096007
43.933 4 0.4886382701365494
50.534 4 -0.08086868924737478
59.83600000000001 4 -0.1385886506329353
65.83 4 0.15015400241937776
71.53 4 0.5280973073744835
80.431 4 0.39916677773364095
89.73100000000002 4 -0.3977687919196717
95.23100000000001 4 -0.3746260029254623
100.331 4 0.5714919489498156
105.531 4 0.5039690496613509
113.131 4 -0.4005323221173643
122.131 4 0.5630199821097901
128.232 4 -0.17764917072031186
135.63299999999998 4 -0.3917547541834828
141.233 4 -0.35311890831883325
148.135 4 0.14768603060117208
155.132 4 0.15846544415820546
163.532 4 0.21066996375343844
171.43200000000004 4 -0.3972331920108212
178.832 4 0.3412614653542623
188.732 4 -0.3892813744649759
195.43200000000002 4 -0.27455028541007365
200.532 4 -0.1866237142552845
207.032 4 -0.0985014547995124
213.933 4 0.22472682043572265
220.13299999999998 4 -0.4136685202863157
229.033 4 0.500246381348785
234.533 4 -0.4008342583206058
239.734 4 -0.3190359801090674
247.136 4 0.08430887390137959
253.233 4 0.20515151379907495
262.33299999999997 4 0.3625785402151847
271.433 4 -0.3444458484374652
276.834 4 -0.34917928711572305
285.034 4 -0.38610246679523774
291.634 4 0.2554703612198829
301.334 4 0.022087952211304832
310.134 4 0.3275316641882789
321.934 4 -0.06883303431884114
329.534 4 0.003365175056934844
335.434 4 -0.16669124156976686
340.635 4 0.5295192310227066
348.43699999999984 4 -0.10806044898252626
353.939 4 -0.3555146841297476
361.535 4 0.4925785653494985
367.735 4 0.569449644307453
373.535 4 0.28064898934703497
378.535 4 -0.17459528538074182
384.635 4 -0.3303881051583566
390.135 4 0.31117136938821804
395.135 4 -0.4188188008215215
400.735 4 0.015200671556808374
410.336 4 -0.10228911366917363
416.036 4 -0.15709188479993064
421.736 4 -0.3674059482712375
427.536 4 0.4452759951014548
435.63599999999997 4 -0.4152388054645808
441.036 4 0.5788835882000254
