4.0489999999999995 4 0.043942173057288036
10.232000000000001 4 0.4334189429277393
16.733 4 -0.14200244296576536
24.535 4 0.04883646775189576
30.336 4 0.5537920810372212
39.229 4 -0.045796577309598296
47.028999999999996 4 0.029434546117211524
54.528999999999996 4 -0.030531741745709776
59.629 4 -0.3371109902317569
65.229 4 -0.12266339842142546
71.829 4 0.4141111113652223
77.029 4 -0.2831823093220324
86.329 4 0.2721138671420423
95.23100000000001 4 -0.30394728844667795
100.932 4 -0.2569891075904293
109.73299999999999 4 0.4943640812482936
115.234 4 -0.4091132668391533
122.635 4 -0.4063024340256024
128.33 4 -0.3940419003493132
133.83 4 0.1802123662233686
139.53 4 0.28617824462224045
146.23 4 0.2972142925629972
155.33 4 -0.22896171965572545
164.93 4 -0.36299473577119534
172.831 4 0.4064805557419917
179.43 4 0.18864995409351165
184.43099999999998 4 0.5774088066204006
192.03099999999998 4 -0.4109520476860891
198.132 4 -0.3086390173594925
203.233 4 -0.1940062554468828
209.43400000000003 4 -0.3814885971392174
219.33599999999998 4 0.5767954683539329
227.331 4 0.3466265996617681
233.232 4 0.1722531548510337
241.331 4 0.07647387639988447
246.532 4 0.40147737775303133
252.032 4 -0.3109813145189297
257.032 4 0.370678053461572
262.232 4 -0.3714968978614155
269.632 4 -0.4174358056906625
277.832 4 -0.3245074120348149
283.33299999999997 4 0.5788591303183535
291.732 4 0.41900675299688733
301.034 4 0.4588248856225591
308.035 4 -0.07689166347126958
315.633 4 -0.4184334901118019
322.533 4 0.5786128304682081
328.1330000000001 4 0.1941391577894898
334.233 4 -0.3433649996410745
343.93300000000005 4 -0.3595985452747629
353.033 4 -0.3866074795083432
359.13300000000015 4 -0.4142676568261031
365.333 4 -0.2633608728886614
372.733 4 -0.1190639082918728
378.334 4 0.5325534188949796
385.233 4 -0.3335311611033157
394.134 4 -0.1520470083399652
399.935 4 0.08942496352722012
407.63599999999997 4 -0.4102345420664826
413.036 4 -0.4036479212134554
420.634 4 0.5514923062572634
429.634 4 0.03423963736156699
435.634 4 -0.3231658580667081
441.034 4 0.4783150419178355
