4.0360000000000005 4 -0.2947227169068121
9.43 4 -0.4741083654802407
16.332 4 -0.4793439351226905
25.236 4 0.15490472587340776
34.135999999999996 4 -0.1042627334801357
39.619 4 0.025694966147097653
48.721000000000004 4 -0.006430573097412906
54.821999999999996 4 0.4782694090484322
63.723 4 0.4728284548347621
71.324 4 0.016427295259098695
78.02600000000002 4 -0.21232147558973413
85.62700000000002 4 0.00722910855269987
93.02799999999999 4 -0.38853181658466784
100.83 4 0.440012776680754
109.931 4 0.3996071454375119
116.53200000000001 4 -0.0890484237448651
127.73700000000001 4 0.2555518376044339
132.921 4 -0.3045246871777738
138.421 4 -0.4028615820430344
146.421 4 0.26488377050893064
152.52200000000005 4 -0.0766436249718076
158.123 4 0.3220069067809268
167.125 4 -0.472956085473591
175.226 4 0.4179564442737119
184.928 4 0.15979164558577064
191.929 4 -0.13167396313381985
199.73 4 0.3262722534196194
205.53099999999998 4 0.4539404524384499
211.43200000000002 4 -0.2719431613188789
220.734 4 -0.010945530633434064
226.335 4 0.16836418757336402
232.52200000000002 4 -0.3320246346861407
240.922 4 0.17812372159915169
246.622 4 0.4703726016600538
252.32299999999998 4 0.2832796418192269
257.324 4 -0.42906457995588093
263.825 4 0.4664732621575825
271.32599999999996 4 -0.12007998613061892
276.427 4 -0.3900717062287588
281.828 4 -0.4362058583003309
287.4290000000001 4 0.4448534154608863
292.53 4 0.18299735309410411
299.931 4 0.33884611859384617
307.532 4 -0.05119226900231405
316.334 4 -0.4879585815073674
322.535 4 -0.09719580463343576
332.1230000000001 4 0.3962224120705093
338.223 4 0.4788919599561618
345.92400000000015 4 0.4086362139982286
355.824 4 0.07656343591217962
363.226 4 0.2120980925018715
370.144 4 -0.26647748321501563
375.92800000000005 4 -0.4871499082123244
382.529 4 -0.3931019182489481
390.43 4 -0.3612894839612824
395.931 4 -0.4234127513718205
401.13199999999995 4 0.4716402353901708
407.13300000000004 4 -0.35944291901326475
412.334 4 -0.3444577392207941
417.835 4 0.463272518090127
423.525 4 -0.3464575870456884
431.725 4 -0.2692226826053473
441.025 4 0.4706906304687741
