4.045 4 -0.2356081058202517
9.135 4 0.12055415320268943
15.335999999999999 4 -0.2826346816528414
23.136 4 0.22638659818001786
30.736 4 -0.2741065682699805
39.635999999999996 4 -0.2848971264201694
45.136 4 -0.230131273782673
50.83600000000001 4 0.1976961533583969
58.22 4 0.4184311498184896
67.321 4 -0.27382728166700576
72.322 4 -0.2726383523404742
78.523 4 -0.2231366879562908
84.124 4 0.5008752137114538
93.02600000000001 4 -0.1630405684456005
98.927 4 0.14367421976698724
107.02799999999999 4 0.6733902720328954
113.929 4 -0.2826565530191384
126.53200000000001 4 -0.2327125839659515
132.233 4 -0.27324751970776684
139.634 4 -0.28230797452880624
145.738 4 -0.2801797191945947
151.437 4 0.6905532681608151
156.421 4 -0.2572701656690161
164.422 4 -0.17466268748581168
173.32299999999995 4 0.1676083041199049
178.824 4 -0.2718801474191328
187.226 4 0.3997214369311231
193.827 4 -0.2201083614164988
202.928 4 -0.2543935053496035
212.23 4 -0.28480252137683243
218.03099999999998 4 0.10296604263413828
223.632 4 -0.2729467002174526
231.333 4 -0.172090183313982
237.835 4 -0.016903973003933315
243.035 4 -0.03503198306364666
250.02200000000002 4 -0.1583811419663825
255.423 4 0.3869886295697771
260.823 4 -0.2825090023475301
267.723 4 0.1408656860706517
292.528 4 -0.2839408768516183
297.728 4 -0.02782351213541168
302.829 4 0.6684535748057605
308.83 4 -0.0453373097413152
314.33099999999996 4 -0.06955277255234213
320.432 4 -0.2793776367703821
326.233 4 0.7080239701688505
332.434 4 0.4430072333194183
342.024 4 -0.0503555795743742
347.624 4 -0.2845131235188863
353.124 4 -0.2849049839507864
361.324 4 -0.07413763605206464
368.824 4 -0.2592541301718408
378.726 4 0.15156346556209638
388.42699999999996 4 0.4647406076665365
396.22900000000004 4 -0.2840038463156592
411.73199999999997 4 -0.2847904516012578
418.333 4 -0.28453764433319184
424.434 4 -0.22460009578780016
433.435 4 0.6891878583696897
441.025 4 -0.2788726653845214
