4.043 4 0.08557095753966748
11.725999999999999 4 -0.3559430892627869
20.125999999999998 4 0.1002267083469462
29.826999999999998 4 -0.2019848991578704
36.427 4 -0.23431660321406805
42.328 4 0.4934164276221782
51.93 4 -0.3724474141087237
57.53100000000001 4 0.20072191364248326
63.732 4 -0.3654384759473277
71.333 4 0.5388841168750251
77.334 4 -0.33121355192854696
84.82700000000001 4 0.08124913906732456
92.62700000000001 4 -0.3687939968636597
101.728 4 -0.3695504441025319
106.928 4 -0.2780789229433474
112.02799999999999 4 -0.3746075744558664
117.52799999999999 4 0.06281592617294296
123.02799999999999 4 0.28584869291520393
130.628 4 -0.1835238162241285
136.328 4 0.3967861255935695
141.829 4 -0.3666480770809048
149.23 4 -0.3608625767814099
155.33100000000005 4 0.5695003264316814
161.032 4 -0.10795393459693514
168.834 4 -0.3286348700829794
175.335 4 -0.2106397023538561
181.03599999999997 4 -0.35346201556005297
186.229 4 0.010180192757107407
194.329 4 0.5533620201225404
199.329 4 -0.3090635363949088
207.229 4 -0.30527812781836605
216.329 4 0.3712153713910761
223.02900000000002 4 0.5564572030026989
230.429 4 -0.3531650273221583
236.229 4 0.4126955745900481
245.13 4 0.5916874798911673
253.132 4 -0.034501418155770285
258.33299999999997 4 0.3968928020466087
267.634 4 0.10454934666361693
273.035 4 -0.3591863746163581
280.43 4 -0.3402882580827612
289.73 4 0.589457125349196
304.931 4 -0.2563254605592519
310.431 4 -0.1736968120789255
317.431 4 -0.155086355223756
323.231 4 0.20082998203982988
328.83099999999996 4 0.3759406916430368
337.731 4 -0.3134400580185372
346.631 4 -0.32235071035536994
354.233 4 0.16409013347305995
361.134 4 -0.228497394766724
371.036 4 -0.28915264354831544
377.13199999999995 4 -0.31605310292696503
384.032 4 0.5269932928119321
389.032 4 0.08134593625773201
397.832 4 -0.28432705688177395
402.93199999999996 4 -0.17364472820268553
409.032 4 -0.2624988087817582
415.63199999999995 4 -0.2430872121910724
423.832 4 0.6181258004268191
429.43199999999996 4 0.13933515686949566
434.832 4 -0.1856845798265203
441.035 4 0.26928093949406123
