4.046 4 0.04429127499639196
10.229 4 0.1978958297931872
19.53 4 -0.4593072086512146
27.331 4 0.1443575662880433
33.032 4 -0.09366602655785294
42.034 4 -0.19070661560883184
48.135 4 0.16980406160995198
54.32899999999999 4 0.023246113047398542
63.229 4 -0.3902035844190741
68.829 4 -0.54620364444477
74.53 4 -0.4904956211082171
82.53 4 -0.221878823240504
91.43 4 0.1982210308082736
96.43 4 -0.07009310496985678
102.13 4 0.13213173904617848
107.63 4 0.060883069354272464
117.23100000000001 4 -0.1836027954165893
123.73200000000001 4 -0.2028233274384228
132.533 4 0.18770773178353184
139.936 4 -0.15382933051679504
148.036 4 0.1865272146086373
157.131 4 0.1922683405534044
163.031 4 0.10575460743663356
169.63099999999997 4 -0.08755607033190904
177.03099999999995 4 -0.3142371284250149
184.43099999999998 4 0.19712322576186805
190.53099999999998 4 0.172813017536826
200.43099999999998 4 0.1981220368086688
206.632 4 -0.3070097581593201
212.632 4 0.19695788133305225
219.532 4 -0.08145789369032275
225.033 4 0.19643586042393568
230.03400000000002 4 0.1911425073006052
237.035 4 0.15872296293728094
244.93200000000002 4 -0.2593519658769623
253.332 4 -0.10694557453767684
258.532 4 -0.007713128298177384
264.132 4 0.1642878964999248
270.83299999999997 4 0.17526196868083202
275.932 4 0.08315825932534192
285.033 4 -0.12025462342800065
290.533 4 0.1975930409449378
299.433 4 -0.32454576162126764
305.233 4 -0.026195158243942585
310.33299999999997 4 0.017682674921238872
318.133 4 0.09730167598151207
323.334 4 -0.1854187235277436
329.135 4 -0.2046253591910605
338.836 4 0.1970525129809948
346.534 4 0.1946543531104451
353.134 4 0.1517901437048924
358.534 4 0.16174751180156333
364.134 4 0.11939767809935208
371.73400000000004 4 -0.13437596752850278
381.034 4 -0.01275247274489899
388.535 4 0.11217885595128184
396.134 4 0.1913676769598608
403.73400000000004 4 0.06598884463771904
410.635 4 0.18442624220157988
416.035 4 0.02876018999862273
421.235 4 0.17596972653415266
429.435 4 -0.025429244179560717
435.536 4 0.10707639802928348
441.037 4 -0.13972007504092146
