4.048 4 -0.4090209046282186
9.429 4 -0.16559887762468273
15.03 4 0.2468159509473992
20.930999999999997 4 -0.3982130552154027
26.131999999999998 4 -0.138690235246957
33.533 4 -0.3490309364996873
41.135 4 0.031356436044899016
46.83 4 -0.20254817876968295
52.63 4 -0.3190498466322952
60.73 4 -0.30060238398437433
66.23 4 0.5702061772212199
71.43 4 -0.3934945430817161
79.331 4 -0.4054031716262256
84.431 4 -0.19045374092720965
92.131 4 -0.3356393038155709
99.531 4 -0.39954256808389693
104.531 4 0.2485938874096187
109.531 4 -0.28648287444331044
115.131 4 -0.330421016155217
124.03299999999999 4 -0.02735572977172213
131.034 4 0.2232527437085065
139.938 4 -0.395200459104077
147.532 4 -0.1913847686532902
154.43200000000004 4 -0.3704031867182932
160.632 4 0.1783147757359665
169.93200000000004 4 0.4768547198667448
175.632 4 0.3365335104658445
182.332 4 0.5771037152143685
187.732 4 0.5744454430940236
193.232 4 -0.3898967391574051
200.132 4 -0.4021706846430037
205.832 4 0.5706138596528623
212.433 4 0.5240274226077908
219.833 4 -0.10946695282612083
225.63400000000001 4 -0.4089592449275171
230.735 4 0.3384134482430921
238.53599999999997 4 0.07149400151847213
246.733 4 0.5773881088739434
255.533 4 -0.32489025758899404
264.533 4 -0.13978930332516276
272.935 4 -0.3195012785960513
279.034 4 0.3383364925214232
288.134 4 -0.3069056103014428
295.634 4 0.4014488712978184
301.134 4 -0.06214909978228916
307.334 4 0.029749806743826268
313.534 4 -0.2347960260406439
319.134 4 -0.10827621331380728
325.735 4 0.4409368082139998
331.836 4 -0.3445754482941565
337.337 4 0.3366105669453184
345.135 4 -0.3133826634729187
354.835 4 0.3814480735276788
361.335 4 0.4586791295707838
370.435 4 0.5747352261705705
380.335 4 0.5701877409954674
389.236 4 0.556278195530963
394.435 4 -0.4181502698446681
402.435 4 -0.2628515668884656
408.436 4 -0.04295085046219682
417.735 4 0.4223871397513081
423.836 4 0.5637816196198344
431.43699999999995 4 -0.3706383481338933
441.038 4 -0.1656441707647972
