4.053 4 0.003608971838294117
10.234 4 -0.11063112840440004
16.733 4 0.053611095648035116
23.63300000000001 4 0.3654522893202288
32.434 4 -0.04906013625326672
37.935 4 -0.14591898090466435
45.537 4 -0.3444355868760573
54.534 4 -0.16714954568028706
61.934 4 -0.4571163804209902
67.634 4 0.4201369871634813
72.634 4 -0.10378424352815784
81.935 4 -0.4975700742666934
87.134 4 -0.15678298414300118
94.834 4 0.35121663196538344
100.834 4 -0.289228858928047
107.735 4 0.09913444638770487
112.735 4 0.21714443208612025
121.635 4 -0.4487090502386632
128.235 4 -0.1914562070077122
133.735 4 -0.4529634867121578
139.937 4 -0.4795640783997993
145.838 4 0.3895793489074417
151.338 4 0.4581526597190021
157.135 4 -0.4101732584035573
166.03599999999997 4 -0.4241245610377117
172.136 4 0.08577101721657787
180.53599999999997 4 -0.4905500838589633
187.53599999999997 4 -0.009108297393164431
192.93599999999998 4 0.36157463468484896
201.03599999999997 4 -0.35885492932509266
207.236 4 0.1044344132493774
216.333 4 0.2759536805266908
224.237 4 -0.2784723977131405
234.12 4 -0.019081627848010152
242.321 4 -0.08276199742023682
252.023 4 0.13416105594710634
257.42400000000004 4 -0.3712183642532616
266.32599999999996 4 -0.29221238002660377
273.72700000000003 4 -0.19531383194309934
279.228 4 0.25333632308367604
285.329 4 0.342974086730972
291.43 4 -0.4428768447940837
296.531 4 -0.4517758636386545
302.231 4 0.4457228574585929
309.633 4 0.4523834276989933
315.2340000000001 4 0.31189039490088355
322.83799999999997 4 0.3929430151916264
328.538 4 -0.32379610875994225
336.022 4 0.2355729867540768
341.222 4 -0.23820001362676466
348.82300000000015 4 0.02706351842945021
356.824 4 -0.2589079492415605
364.626 4 -0.5096060142774197
371.327 4 0.10164347625881276
376.42800000000005 4 0.3387691016317628
382.22900000000004 4 -0.039367289466990314
388.83 4 0.4518133544144554
396.63199999999995 4 0.4044361504381878
405.93300000000005 4 -0.014105652339102215
411.534 4 0.19883956731762253
416.736 4 0.43972246151837147
422.336 4 0.39451054549602
431.923 4 0.17192654371383742
441.023 4 0.1799746426493547
4.053 4 0.003608971838294117
10.234 4 -0.11063112840440004
16.733 4 0.053611095648035116
23.63300000000001 4 0.3654522893202288
32.434 4 -0.04906013625326672
37.935 4 -0.14591898090466435
45.537 4 -0.3444355868760573
54.534 4 -0.16714954568028706
61.934 4 -0.4571163804209902
67.634 4 0.4201369871634813
72.634 4 -0.10378424352815784
81.935 4 -0.4975700742666934
87.134 4 -0.15678298414300118
94.834 4 0.35121663196538344
100.834 4 -0.289228858928047
107.735 4 0.09913444638770487
112.735 4 0.21714443208612025
121.635 4 -0.4487090502386632
128.235 4 -0.1914562070077122
133.735 4 -0.4529634867121578
139.937 4 -0.4795640783997993
145.838 4 0.3895793489074417
151.338 4 0.4581526597190021
157.135 4 -0.4101732584035573
166.03599999999997 4 -0.4241245610377117
172.136 4 0.08577101721657787
180.53599999999997 4 -0.4905500838589633
187.53599999999997 4 -0.009108297393164431
192.93599999999998 4 0.36157463468484896
201.03599999999997 4 -0.35885492932509266
207.236 4 0.1044344132493774
216.333 4 0.2759536805266908
224.237 4 -0.2784723977131405
234.12 4 -0.019081627848010152
242.321 4 -0.08276199742023682
252.023 4 0.13416105594710634
257.42400000000004 4 -0.3712183642532616
266.32599999999996 4 -0.29221238002660377
273.72700000000003 4 -0.19531383194309934
279.228 4 0.25333632308367604
285.329 4 0.342974086730972
291.43 4 -0.4428768447940837
296.531 4 -0.4517758636386545
302.231 4 0.4457228574585929
309.633 4 0.4523834276989933
315.2340000000001 4 0.31189039490088355
322.83799999999997 4 0.3929430151916264
328.538 4 -0.32379610875994225
336.022 4 0.2355729867540768
341.222 4 -0.23820001362676466
348.82300000000015 4 0.02706351842945021
356.824 4 -0.2589079492415605
364.626 4 -0.5096060142774197
371.327 4 0.10164347625881276
376.42800000000005 4 0.3387691016317628
382.22900000000004 4 -0.039367289466990314
388.83 4 0.4518133544144554
396.63199999999995 4 0.4044361504381878
405.93300000000005 4 -0.014105652339102215
411.534 4 0.19883956731762253
416.736 4 0.43972246151837147
422.336 4 0.39451054549602
431.923 4 0.17192654371383742
441.023 4 0.1799746426493547
4.053 4 0.003608971838294117
10.234 4 -0.11063112840440004
16.733 4 0.053611095648035116
23.63300000000001 4 0.3654522893202288
32.434 4 -0.04906013625326672
37.935 4 -0.14591898090466435
45.537 4 -0.3444355868760573
54.534 4 -0.16714954568028706
61.934 4 -0.4571163804209902
67.634 4 0.4201369871634813
72.634 4 -0.10378424352815784
81.935 4 -0.4975700742666934
87.134 4 -0.15678298414300118
94.834 4 0.35121663196538344
100.834 4 -0.289228858928047
107.735 4 0.09913444638770487
112.735 4 0.21714443208612025
121.635 4 -0.4487090502386632
128.235 4 -0.1914562070077122
133.735 4 -0.4529634867121578
139.937 4 -0.4795640783997993
145.838 4 0.3895793489074417
151.338 4 0.4581526597190021
157.135 4 -0.4101732584035573
166.03599999999997 4 -0.4241245610377117
172.136 4 0.08577101721657787
180.53599999999997 4 -0.4905500838589633
187.53599999999997 4 -0.009108297393164431
192.93599999999998 4 0.36157463468484896
201.03599999999997 4 -0.35885492932509266
207.236 4 0.1044344132493774
216.333 4 0.2759536805266908
224.237 4 -0.2784723977131405
234.12 4 -0.019081627848010152
242.321 4 -0.08276199742023682
252.023 4 0.13416105594710634
257.42400000000004 4 -0.3712183642532616
266.32599999999996 4 -0.29221238002660377
273.72700000000003 4 -0.19531383194309934
279.228 4 0.25333632308367604
285.329 4 0.342974086730972
291.43 4 -0.4428768447940837
296.531 4 -0.4517758636386545
302.231 4 0.4457228574585929
309.633 4 0.4523834276989933
315.2340000000001 4 0.31189039490088355
322.83799999999997 4 0.3929430151916264
328.538 4 -0.32379610875994225
336.022 4 0.2355729867540768
341.222 4 -0.23820001362676466
348.82300000000015 4 0.02706351842945021
356.824 4 -0.2589079492415605
364.626 4 -0.5096060142774197
371.327 4 0.10164347625881276
376.42800000000005 4 0.3387691016317628
382.22900000000004 4 -0.039367289466990314
388.83 4 0.4518133544144554
396.63199999999995 4 0.4044361504381878
405.93300000000005 4 -0.014105652339102215
411.534 4 0.19883956731762253
416.736 4 0.43972246151837147
422.336 4 0.39451054549602
431.923 4 0.17192654371383742
441.023 4 0.1799746426493547
4.053 4 0.003608971838294117
10.234 4 -0.11063112840440004
16.733 4 0.053611095648035116
23.63300000000001 4 0.3654522893202288
32.434 4 -0.04906013625326672
37.935 4 -0.14591898090466435
45.537 4 -0.3444355868760573
54.534 4 -0.16714954568028706
61.934 4 -0.4571163804209902
67.634 4 0.4201369871634813
72.634 4 -0.10378424352815784
81.935 4 -0.4975700742666934
87.134 4 -0.15678298414300118
94.834 4 0.35121663196538344
100.834 4 -0.289228858928047
107.735 4 0.09913444638770487
112.735 4 0.21714443208612025
121.635 4 -0.4487090502386632
128.235 4 -0.1914562070077122
133.735 4 -0.4529634867121578
139.937 4 -0.4795640783997993
145.838 4 0.3895793489074417
151.338 4 0.4581526597190021
157.135 4 -0.4101732584035573
166.03599999999997 4 -0.4241245610377117
172.136 4 0.08577101721657787
180.53599999999997 4 -0.4905500838589633
187.53599999999997 4 -0.009108297393164431
192.93599999999998 4 0.36157463468484896
201.03599999999997 4 -0.35885492932509266
207.236 4 0.1044344132493774
216.333 4 0.2759536805266908
224.237 4 -0.2784723977131405
234.12 4 -0.019081627848010152
242.321 4 -0.08276199742023682
252.023 4 0.13416105594710634
257.42400000000004 4 -0.3712183642532616
266.32599999999996 4 -0.29221238002660377
273.72700000000003 4 -0.19531383194309934
279.228 4 0.25333632308367604
285.329 4 0.342974086730972
291.43 4 -0.4428768447940837
296.531 4 -0.4517758636386545
302.231 4 0.4457228574585929
309.633 4 0.4523834276989933
315.2340000000001 4 0.31189039490088355
322.83799999999997 4 0.3929430151916264
328.538 4 -0.32379610875994225
336.022 4 0.2355729867540768
341.222 4 -0.23820001362676466
348.82300000000015 4 0.02706351842945021
356.824 4 -0.2589079492415605
364.626 4 -0.5096060142774197
371.327 4 0.10164347625881276
376.42800000000005 4 0.3387691016317628
382.22900000000004 4 -0.039367289466990314
388.83 4 0.4518133544144554
396.63199999999995 4 0.4044361504381878
405.93300000000005 4 -0.014105652339102215
411.534 4 0.19883956731762253
416.736 4 0.43972246151837147
422.336 4 0.39451054549602
431.923 4 0.17192654371383742
441.023 4 0.1799746426493547
