4.045 4 -0.18556106130507094
9.533999999999999 4 -0.1855647774169267
15.635 4 -0.1855174541634738
21.336 4 -0.1297187655224371
27.428 4 -0.08745106786963945
32.828 4 -0.1849466354686744
41.93 4 -0.18104759742484453
50.828 4 -0.18556323384018336
60.528 4 0.6375239311531955
68.128 4 0.2984382169478226
74.329 4 -0.12528442444040302
82.03 4 -0.007870120128955993
87.531 4 -0.1271045352498425
93.73200000000001 4 0.12346922426933445
98.934 4 -0.08887010365197136
104.734 4 0.21850290729960192
113.63600000000001 4 -0.18555399765886693
118.829 4 -0.14665066446775246
124.229 4 -0.183588755069522
129.22899999999998 4 -0.18556457978711316
139.129 4 0.7579678567724102
144.329 4 -0.16024467579929827
152.329 4 -0.18556491093422264
160.53 4 0.08336141979640528
166.23 4 -0.162529664026743
175.13 4 -0.1079521680532258
182.03099999999998 4 0.2773832406787242
189.43200000000002 4 -0.18521872317393692
196.13299999999998 4 -0.18551232420853844
203.935 4 -0.17943158608666304
209.736 4 -0.18547938506809228
215.33 4 -0.062011627666455925
220.93099999999998 4 -0.1531566432789224
227.03099999999998 4 -0.18553424896562845
233.03099999999998 4 -0.08301238797007363
240.63099999999997 4 0.4373324172310008
246.13099999999997 4 0.7017028283235802
253.63099999999997 4 -0.12152322318092094
260.231 4 0.026372587597279232
267.83099999999996 4 -0.1839650517198016
275.731 4 -0.17361921440384084
283.832 4 -0.1853925161748666
288.933 4 0.7742900578775761
294.034 4 0.4431571626020093
299.935 4 -0.18327159545117866
306.532 4 0.1354813734439293
315.332 4 -0.1667381824711463
323.132 4 -0.12247359589075288
331.532 4 -0.1781407745173979
340.833 4 -0.0002761113345652877
348.233 4 0.16056414056412438
355.63300000000015 4 -0.1854877020191352
361.833 4 -0.18525594592195474
370.93300000000005 4 -0.09579764812615067
376.43300000000005 4 -0.18528571329386564
385.733 4 -0.1747175012544487
391.334 4 0.266945575397716
400.336 4 -0.18427040024798325
406.033 4 0.5484203011665082
412.533 4 0.8140505375004794
422.134 4 -0.18553578806063736
429.034 4 -0.18126401354860552
434.034 4 -0.18533982744945893
441.034 4 -0.1855585874060597
