4.048 4 -0.14955880003652403
12.931 4 0.3226682863757069
21.730999999999998 4 -0.2373579267609808
29.131999999999998 4 0.5724424514383439
37.233000000000004 4 -0.09846729785688013
42.733999999999995 4 0.05148343355633145
50.536 4 -0.3517716086200174
56.532 4 -0.3622421630714525
66.232 4 -0.1314710027332487
71.332 4 0.3602368858635617
80.232 4 0.3796011242847743
85.83200000000002 4 0.2131512134893509
91.932 4 -0.3898350183400439
98.132 4 0.09583371045146556
103.83200000000001 4 0.00931453829316492
110.432 4 0.28115802413089624
115.93299999999999 4 -0.4174222255133996
122.03299999999999 4 0.06897792246043116
127.73299999999999 4 0.016585714364071857
136.834 4 -0.34623292264013106
142.335 4 -0.419308466254865
150.533 4 -0.3268604723024769
155.733 4 -0.19499860153188475
161.233 4 0.3694337359575136
169.13299999999995 4 0.5600541855648582
178.433 4 -0.3694944875386459
186.43400000000003 4 -0.2802858165009641
191.43400000000003 4 -0.3784358620566678
196.43400000000003 4 0.4634128132014549
204.13400000000001 4 -0.0157702283077365
212.53400000000002 4 0.2938908859764296
220.13400000000001 4 0.3875361167560328
226.834 4 0.5008389769179806
234.635 4 -0.22423613620450056
244.237 4 -0.34208583309639184
251.13400000000001 4 0.271459283663512
256.335 4 0.5758027845927285
262.535 4 0.4581890733046136
272.435 4 -0.3906989411624003
278.335 4 -0.4105812275489445
287.635 4 -0.3708444838823972
293.035 4 -0.40543712893903017
298.235 4 0.5748603460985073
304.835 4 -0.3135843953034171
311.036 4 0.1938178700151401
318.635 4 -0.2931946966444478
324.436 4 -0.3481220133237874
331.436 4 0.0011643250720213552
340.337 4 0.5357512879559687
347.93800000000016 4 0.5707968369074756
353.539 4 -0.2698622349070909
362.536 4 0.4658029488034381
369.425 4 -0.27688390302510424
375.226 4 -0.34429978083854423
380.62699999999995 4 0.3415928299301892
389.72900000000004 4 0.5300949521502043
395.33 4 -0.0635742125094213
401.031 4 -0.4022206644218728
408.532 4 0.3131203444706169
415.935 4 0.5351715945616831
422.037 4 0.3035254114625163
428.537 4 0.22285168222383928
435.921 4 -0.4162343152722625
441.02099999999996 4 -0.4201507246391332
