4.061 4 -0.12308271107049748
10.227 4 -0.2415553293232653
16.729 4 -0.05850442475818464
23.63 4 0.12440472508451078
32.431 4 -0.17133214209640246
37.931999999999995 4 -0.17533572899887953
45.533 4 -0.32379402185057543
54.535 4 -0.2840049092998257
61.925 4 -0.3345584877630382
67.624 4 0.437553390106476
72.624 4 -0.00035202724797428475
81.926 4 -0.33928831083986793
87.124 4 -0.2146100201408414
100.82700000000001 4 -0.3097273952199789
107.728 4 0.4050328826312985
112.729 4 0.2045403402390909
121.63 4 -0.334497167471519
128.231 4 -0.3085968685987617
133.733 4 -0.3361621244385197
139.933 4 -0.3397177447387705
145.835 4 0.5607252779707013
151.336 4 0.6143687339874162
157.125 4 -0.3192301601431332
166.025 4 -0.3360205456742809
172.125 4 0.10111189914981557
180.525 4 -0.33974550384055113
187.525 4 -0.2390350128538601
192.92700000000002 4 0.3283249366356871
201.028 4 -0.3314909848236787
207.229 4 0.19497790035753645
216.33 4 -0.0458203392743205
224.232 4 -0.2998819932967379
234.13299999999998 4 -0.0626346691129589
242.335 4 -0.17267608812323396
252.02599999999998 4 -0.16446921456460406
257.426 4 -0.3016498674230472
266.327 4 -0.2864181290884551
273.72700000000003 4 -0.284495503329167
279.22700000000003 4 0.20774350146243895
291.427 4 -0.3383800951066342
296.528 4 -0.3384063115856015
302.2290000000001 4 0.6555024231524076
309.63 4 0.3551836930696604
315.231 4 0.5991559887935479
322.832 4 0.656843081767384
328.533 4 -0.33131233246591124
336.035 4 0.11266986456673445
341.236 4 -0.21768078851357728
348.827 4 -0.2381818636857748
356.82800000000015 4 -0.2691392726438121
364.62800000000004 4 -0.3407895579912896
371.32800000000003 4 -0.2364557409555871
376.42800000000005 4 0.6575434258887312
382.228 4 -0.282001878525083
388.82800000000003 4 0.5427462581896958
396.629 4 0.6510314031815583
405.93 4 -0.16997871422805622
411.531 4 0.10976360433321136
416.73199999999997 4 0.6524993996524362
422.333 4 -0.03711805522818407
431.935 4 -0.16306765068717002
441.029 4 0.20134492136401974
