4.051 4 -0.33192391772216845
12.033 4 0.12736550023279325
17.633 4 -0.329123868157041
26.933000000000003 4 0.6564348152053698
32.634 4 0.5347037849659655
41.535 4 0.5319805462635796
49.133 4 -0.12475347026156487
56.034 4 -0.33597249099412496
62.534 4 0.10398455145894336
68.234 4 -0.3289027749389067
77.03399999999998 4 0.5929510675310368
82.634 4 -0.336068166933002
88.134 4 0.5505905623509544
95.934 4 0.311533997181725
101.53399999999999 4 -0.1197082351585523
106.535 4 -0.34040470318974386
115.634 4 0.4115987804067465
123.03399999999999 4 0.335044044115952
128.134 4 0.5374060491859125
137.035 4 -0.1297003535728946
144.437 4 0.4181363557558882
151.03799999999995 4 -0.3384322886798541
156.435 4 -0.052217562176327226
164.535 4 0.6125765597282979
172.135 4 -0.318431545642403
181.03599999999997 4 0.0093478464215343
187.935 4 -0.21564127016923032
193.636 4 -0.2373221208388259
199.736 4 0.653815363377559
204.93599999999998 4 -0.3410938265483148
213.33599999999998 4 -0.3383536370778804
218.83599999999998 4 -0.3376074251015506
224.83599999999998 4 -0.21666484405032002
233.83599999999998 4 0.19815739294775295
240.02 4 0.6107525684769761
247.922 4 -0.1740106008851442
257.02299999999997 4 -0.2398816115319952
263.724 4 -0.3239498208228088
269.225 4 0.1068684762159891
275.32599999999996 4 0.6031439414073467
280.72700000000003 4 -0.34078553281261303
288.9290000000001 4 0.1918065862313249
294.43 4 -0.3233183654076722
299.631 4 0.6517843488836743
304.631 4 -0.1588041340820017
314.33299999999997 4 -0.2830115857800598
320.134 4 -0.3317530590418393
326.0370000000001 4 -0.2814908041272816
333.721 4 0.5971171167984748
341.32099999999997 4 0.5582273776036429
347.423 4 -0.30830817514067405
352.523 4 0.318247940330814
358.324 4 -0.3188343105510838
364.926 4 -0.2835102802262751
370.126 4 0.18548905036343416
379.728 4 -0.2679031456735765
385.92900000000003 4 0.13631142440030825
395.231 4 -0.2440178472198283
402.63199999999995 4 -0.3102783803345823
410.13300000000004 4 -0.21868915016670887
417.936 4 -0.21252430413228146
424.13599999999997 4 -0.16586105454170794
434.023 4 -0.04366330590626322
441.023 4 0.11558718349439916
