4.05 4 0.4994266913986472
9.833 4 0.8457156421706686
15.635 4 -0.12118331160853547
20.736 4 -0.1524875333508112
29.629 4 -0.15252222528909912
39.528 4 -0.15252234430210368
45.028999999999996 4 0.18507787151300426
52.528999999999996 4 0.14658488167890113
58.428000000000004 4 0.09099623398833742
64.029 4 -0.025681839013965563
69.029 4 -0.1444464812796691
74.529 4 -0.1525223007357059
82.73 4 -0.15250356146211794
87.931 4 -0.15221323065252956
96.83200000000001 4 0.1901420646688481
102.53299999999999 4 -0.1525128484066989
109.135 4 -0.1523642020730567
116.836 4 -0.13639637084912334
125.931 4 -0.15252234573651888
132.13 4 -0.1525223436317996
139.53 4 0.2617603181310839
145.13 4 0.05107170176144013
151.83 4 -0.15234690454826358
157.23 4 -0.15252162518349854
165.63 4 -0.15252220014202253
173.731 4 -0.15195623081613288
179.331 4 -0.1498859115819243
186.935 4 0.7924450874375819
192.43200000000002 4 0.008403462105530751
198.13400000000001 4 -0.1326302308510718
205.937 4 -0.11752268233598255
212.03599999999997 4 -0.15252234643454365
218.13099999999997 4 -0.13542899485829102
227.43099999999998 4 -0.12704506784417705
237.03099999999998 4 0.6667111171402571
242.231 4 -0.15246765195698225
247.632 4 -0.15252233463988046
255.43200000000002 4 -0.1474719926248948
264.231 4 -0.15251394070093066
269.731 4 0.3292034664208945
278.632 4 -0.15154654553186056
284.632 4 -0.15252223042295016
292.633 4 -0.15251977572868405
298.334 4 -0.14491102412240758
303.535 4 0.6532492759317287
310.933 4 -0.15189500961461427
318.83299999999997 4 -0.12236795106102999
323.83299999999997 4 0.6861912012306236
331.23199999999997 4 -0.15040241296782605
337.333 4 -0.074006011209274
343.934 4 -0.1347456993863972
350.833 4 -0.15177135609579234
357.333 4 -0.15074775810242302
366.43300000000005 4 -0.06648368178812028
373.333 4 -0.15249151204859115
379.533 4 -0.1525221538731739
385.73400000000004 4 -0.1503142715013892
392.73400000000004 4 -0.007011866216464796
401.736 4 0.5211765030989293
411.034 4 -0.15251478346063446
418.634 4 -0.1520688585812561
423.73400000000004 4 -0.15201970943379234
433.434 4 -0.109570153118161
441.034 4 -0.15241029473510334
