4.038 4 -0.07056026136259705
10.232999999999999 4 0.08006280315027818
15.433 4 -0.18149722538914367
21.433000000000003 4 -0.18196379269065527
31.033 4 -0.18194706946993391
38.533 4 -0.1819425922022828
47.533 4 -0.11530339390982165
55.133 4 -0.08746685466916201
60.934 4 0.013903765490898834
66.634 4 -0.18196353903958046
72.133 4 -0.18033254980809474
77.734 4 -0.1816390910713968
84.634 4 -0.18184683299985796
90.035 4 -0.18194496267153895
99.93700000000001 4 0.660500845253709
109.234 4 0.15982549273871274
115.94 4 -0.1819438123549368
121.03399999999999 4 0.004765063253169249
126.035 4 -0.1818765761931292
132.135 4 -0.18002743666366522
138.735 4 -0.18157723956271668
144.635 4 -0.17496112860020033
150.435 4 -0.1819597265606107
156.135 4 0.14194769267796026
165.035 4 -0.181963737367591
172.635 4 -0.1757879486828444
177.835 4 -0.1161403191460677
183.035 4 -0.1816530963108216
190.736 4 -0.15147086069304125
200.438 4 -0.1819582291373023
208.236 4 0.817122538724405
215.636 4 -0.18189971334907826
221.736 4 0.5395671120057699
227.236 4 -0.18196380312091345
234.636 4 -0.12268294214104244
240.136 4 -0.1807559066973176
245.12900000000002 4 0.4170491486995339
258.33099999999996 4 -0.10095360609541257
264.432 4 -0.1818815532083736
271.334 4 0.4373063923036269
276.937 4 0.12807717639145524
284.337 4 -0.1819624556447425
289.92 4 0.06558604978229338
298.822 4 0.4626525610763088
307.223 4 -0.09560413919847804
314.825 4 -0.11949281399210165
323.726 4 -0.1819435235045924
332.8280000000001 4 -0.1805290897045341
339.4290000000001 4 -0.09667213618568624
345.13 4 -0.12571789302187508
351.33099999999996 4 -0.18196351828847274
359.532 4 -0.1802365295253064
366.034 4 0.057082671492967925
374.035 4 -0.18066665068059198
381.82099999999997 4 -0.17703155022578435
391.12199999999996 4 -0.15870738762310305
396.522 4 0.5798182681787399
402.723 4 0.09221423356340973
410.625 4 0.17474187412227676
419.726 4 0.78206986644429
428.528 4 -0.1186963102914908
434.029 4 -0.18194228581971447
441.03 4 -0.10891815033904564
