4.05 4 0.009001176148534129
12.232999999999999 4 -0.2968041215199042
21.135 4 -0.2425507084408461
28.026999999999997 4 -0.3190571386871044
33.227 4 0.6549491173304975
38.327 4 -0.3307471059285456
43.727 4 -0.32759238107031263
51.227 4 -0.3275109135214638
61.126999999999995 4 0.2887854509513533
70.227 4 0.021100261110559126
77.628 4 -0.3317903596127793
87.33 4 -0.3098341449501645
93.031 4 -0.3232564483702053
100.632 4 -0.2934461598638539
106.73299999999999 4 -0.19908717500868656
112.335 4 -0.17511976978848914
119.736 4 -0.2775746053805647
128.828 4 -0.267983441698418
134.528 4 0.42526800646853796
140.029 4 -0.14991460684568428
145.528 4 0.6120827059946342
151.72799999999995 4 0.16289198333789812
159.629 4 -0.32796856018207937
164.729 4 -0.2620886138419008
170.229 4 0.3230093296577319
179.83 4 0.3171288927531367
188.731 4 -0.2438657415937184
194.43200000000002 4 -0.3072727570870022
200.63299999999998 4 0.391542049958027
206.734 4 -0.07895530523228983
213.235 4 -0.24997521950257226
219.829 4 0.514095593861629
225.02900000000002 4 -0.09465576993965308
231.73 4 -0.3202538060022595
237.23 4 -0.13196544416023015
243.03 4 0.1989931231844664
250.63 4 -0.13468333893049986
259.931 4 -0.18754908794002528
265.13 4 0.08268515273493787
270.73 4 -0.3318643509064126
276.73 4 -0.2579412718323944
282.33099999999996 4 0.6453891449608717
289.932 4 0.4570024695988586
296.033 4 -0.30224067579221203
302.235 4 0.4240348446225085
311.036 4 0.6147467557331819
320.031 4 0.36323162353122695
325.83099999999996 4 0.3619657048026895
333.631 4 0.6113409970548224
342.931 4 -0.16174729292247905
350.93199999999996 4 -0.2872047484694313
355.93300000000005 4 -0.32542565970071635
361.832 4 0.6086036841865959
370.73199999999997 4 0.07890851048935521
377.73199999999997 4 -0.3313145164577319
386.13300000000004 4 -0.04129490486575599
393.534 4 0.6326841592403007
401.235 4 -0.06590268710515418
406.236 4 -0.17064557549154533
412.833 4 -0.28978652094563473
419.733 4 0.4899858562185087
427.533 4 0.5391481186584359
435.63300000000004 4 -0.3303944819769214
441.033 4 -0.3192699543050964
