4.043 4 0.5170099975129221
11.927 4 -0.34042813287833595
18.128 4 0.5399414054738829
26.529 4 0.2663764787891032
33.43 4 -0.2315368441148385
42.332 4 -0.05903905825199762
51.434 4 -0.17698772324556875
60.735 4 -0.22380614745903715
68.426 4 -0.19087270200405188
73.926 4 -0.20223102885553199
81.727 4 0.3172418205531946
86.927 4 -0.2068163255481898
94.32700000000001 4 -0.340348137783418
99.32700000000001 4 -0.3364386631187541
108.12700000000001 4 0.4542113876281748
113.62799999999999 4 0.22074815062136988
123.53 4 -0.00015121874725154694
130.231 4 0.6072350277098824
138.032 4 -0.07580694558081598
146.934 4 -0.3254483809909568
152.035 4 0.07474656505954924
160.036 4 0.6576620626511511
166.528 4 0.17267702557413733
174.128 4 -0.2598680453312213
179.128 4 0.5650095375907083
185.328 4 0.14272920226213948
190.929 4 -0.2949449633254433
197.028 4 -0.33674100608254826
204.628 4 0.4053318294598141
209.828 4 -0.32819215786691297
216.429 4 -0.10705594482017222
223.831 4 -0.305625782004177
231.43200000000002 4 -0.3368838087592982
237.233 4 -0.11432804750546645
242.63400000000001 4 -0.19579752996665886
248.135 4 -0.33269570563255363
254.33599999999998 4 0.6346021722574117
261.22900000000004 4 0.5990450347608864
267.129 4 0.6593201802517235
273.22900000000004 4 -0.31724949503429506
278.329 4 -0.14786329705089302
285.83 4 -0.3001564346119639
295.13 4 -0.33702130231041105
303.23 4 -0.09690048156930436
308.931 4 0.6399313501661352
314.33 4 -0.13265216624217685
322.531 4 0.1988139559746244
328.032 4 -0.319698021949609
334.034 4 -0.08916409240122458
349.73 4 -0.33994295984671385
357.131 4 -0.31319336634205186
362.83099999999996 4 -0.3295096663209706
371.83099999999996 4 -0.18232070003097695
384.031 4 0.21209497026295326
389.631 4 -0.21126311233451667
395.231 4 -0.003656570218259658
407.631 4 0.6570694125038793
417.33099999999996 4 -0.33832302579788553
423.032 4 -0.013423183314194507
441.035 4 0.5508623864450484
