4.0489999999999995 4 0.6364373560570699
13.130999999999998 4 -0.2971217339761214
18.331 4 -0.3272295423707728
24.432 4 -0.04143234012633823
32.132 4 -0.29153650274878345
40.332 4 0.5714913328579565
49.431999999999995 4 -0.05034143017539905
56.332 4 -0.2653436877921117
64.332 4 -0.3121693002319281
69.932 4 -0.2608627053015217
75.832 4 -0.3358774896460878
82.53299999999999 4 -0.1214076785717486
91.53399999999999 4 0.4717551987115347
99.035 4 -0.3068773415682518
105.934 4 0.23902855774623266
114.333 4 -0.2760756268446205
120.53299999999999 4 0.2342333184582339
134.333 4 0.6588858210400669
140.934 4 0.00990746610218196
150.634 4 -0.0675269216177804
158.433 4 -0.12829786108899893
167.334 4 0.6307027344915199
173.334 4 -0.2052108602068109
179.13400000000001 4 0.5934775129082421
187.234 4 0.048404550531625457
192.835 4 0.27558911163669497
197.93599999999998 4 0.6594390420018655
203.437 4 -0.11892596071189447
208.834 4 0.030670697451617324
218.435 4 0.6487215256761658
223.935 4 -0.3338005200320829
229.635 4 0.6585295679224418
237.235 4 0.4276502130669311
246.135 4 0.11804184678942525
267.735 4 0.5749592593231065
275.335 4 -0.32771968184284805
280.335 4 0.492793419754598
288.135 4 -0.23879261424045936
293.63599999999997 4 0.4004955622677253
298.637 4 -0.3393446647430957
303.738 4 -0.30159633487538656
309.336 4 -0.1415224349796165
328.13599999999997 4 0.1598401082630092
334.227 4 0.2526572303806316
340.42800000000005 4 -0.33989527703187755
347.42900000000014 4 -0.3382360215116643
358.731 4 -0.25801975537755834
363.93199999999996 4 -0.3180951875032708
371.833 4 0.006325821987429314
378.337 4 0.4189300756119283
385.73699999999997 4 -0.3401770042877397
391.22 4 -0.10443773842148008
400.522 4 0.04137348965861448
407.923 4 0.037564382913978345
416.725 4 -0.3290865641951989
422.526 4 -0.28464235953804823
427.92699999999996 4 -0.3386395878103232
435.32800000000003 4 -0.3163729082448353
441.029 4 -0.3385649332985775
