4.037 4 -0.13768832659896296
10.228 4 0.4416728534591933
19.528 4 -0.4393056369257263
27.32800000000001 4 -0.2777448232140922
33.028 4 0.4743097593532553
42.028999999999996 4 -0.3987780932949906
48.129 4 0.1920328239023798
63.23 4 -0.38504566518225375
68.831 4 -0.4664882439085014
74.532 4 -0.4527810963959406
82.53299999999999 4 -0.2554283071414463
91.435 4 0.3009930432356913
96.429 4 -0.08074291261982308
102.12899999999999 4 0.09765499274034434
107.63 4 0.08821153989078627
123.73 4 -0.08432311291514921
132.53 4 0.02600455288278464
139.93 4 -0.3997759884218915
148.03 4 0.4483403915233494
157.13 4 0.28653810191669177
163.031 4 -0.2844997908091858
169.632 4 0.1679904961248912
177.033 4 -0.4173957049681697
184.435 4 0.3790438206544982
190.53099999999998 4 0.2265338995941293
200.43099999999998 4 0.11670004894619095
206.63099999999997 4 -0.3828305262917928
212.63099999999997 4 -0.1164529310041375
219.53099999999998 4 -0.14088960923140706
225.03099999999998 4 -0.10521468593665922
237.03099999999998 4 0.500194269102461
244.93099999999998 4 -0.4151484028114547
253.332 4 -0.0765842170826922
258.532 4 0.3397847168348061
264.132 4 0.4581270397882522
270.83299999999997 4 0.5022708399238245
275.934 4 0.4847506591148138
285.032 4 -0.3782465775689303
290.532 4 0.03982451995730757
299.432 4 -0.4281333227673741
305.232 4 0.07882639359005822
310.332 4 0.5075067268684295
318.133 4 -0.3173645561097156
323.33299999999997 4 -0.2580382270839896
329.1330000000001 4 -0.3598380150094728
338.833 4 0.21678896852378188
346.533 4 0.4518177291680586
353.13300000000015 4 0.19726498924616948
358.533 4 0.4385008766481421
371.73400000000004 4 -0.3298526199938712
381.036 4 -0.06874277227368207
388.534 4 0.3146018301953795
396.134 4 0.21156238809539069
403.73400000000004 4 -0.19432209420141366
410.634 4 -0.04461307875750448
416.034 4 0.09326360290797114
421.23400000000004 4 0.04403870308209207
429.434 4 -0.3758757335335233
435.534 4 0.1027366010844783
441.035 4 -0.42571705144243205
