4.0280000000000005 4 -0.2531448554828678
9.627 4 -0.15441923342782066
18.528 4 -0.2732352792090849
24.628 4 -0.009069588374755466
29.829 4 -0.36111046357615595
38.03 4 0.3910814286272865
43.53100000000001 4 -0.2949171503499378
48.632 4 0.3660651687359468
57.034 4 -0.013049288969610662
62.034 4 -0.4612332040638293
67.628 4 -0.2403152288579569
75.428 4 0.4916973170708365
82.928 4 0.12183373166465344
89.82799999999996 4 0.5247489696410754
95.529 4 -0.3280196160473644
101.729 4 -0.4522024473819586
107.229 4 0.30532760262148656
113.329 4 -0.04898773412875801
118.329 4 -0.2243379592749812
124.12899999999999 4 0.4452730667258367
132.13 4 -0.16603769303546362
138.031 4 -0.0044532056647028076
149.233 4 0.3195331982949939
157.034 4 0.5240397937360297
174.33 4 -0.4374468485090857
181.03 4 0.12629275763696396
190.73 4 -0.3817848473977286
199.73 4 0.4983258260601664
206.33 4 0.4547767470210372
215.63 4 -0.2865018458935599
223.231 4 0.27260817079170746
232.331 4 0.5244606006282495
241.232 4 0.4895600418878111
250.834 4 0.34456004779465804
257.835 4 0.26748077852155944
266.631 4 -0.4159416837504934
275.731 4 0.5040011123342967
281.231 4 -0.06079970659680095
292.332 4 -0.2887890944216505
299.932 4 0.5190552453151613
306.432 4 0.4641933638457783
312.532 4 -0.4180591045296481
317.732 4 0.4203630993042071
326.632 4 -0.248158005943704
332.63199999999995 4 -0.3570527403866004
340.333 4 0.517937595472874
345.534 4 -0.1882697599661235
351.235 4 0.1874990400020447
357.43199999999996 4 -0.4449584954675098
362.533 4 -0.4608720056148581
370.63300000000004 4 0.017107833610310208
376.833 4 -0.3949412657821738
384.43300000000005 4 -0.2061190240501935
390.13300000000004 4 0.4347820505181749
397.033 4 0.008294948192785312
404.43300000000005 4 0.4669251541822542
412.333 4 -0.4640327070385629
421.63300000000004 4 -0.3526546008699153
429.033 4 -0.34971039905093226
434.434 4 -0.3209908559518351
441.034 4 0.013005615123055479
