4.048 4 -0.08881655083667966
10.131 4 -0.40726258413638455
18.333 4 0.501807681067332
23.434 4 0.3986649112705847
30.035 4 -0.3074699018022032
35.736 4 -0.014675743108794768
42.425 4 -0.11109180396125568
47.926 4 -0.3010615612683841
53.726000000000006 4 -0.2276879236613477
59.726000000000006 4 -0.3919452351155749
68.82600000000001 4 -0.179747200824581
74.52600000000002 4 -0.39745929325090107
81.527 4 -0.19321809719709127
87.228 4 0.3121152155864978
96.13 4 -0.3481336912548593
105.031 4 -0.1520815716955709
114.03299999999999 4 0.4072804809651619
120.634 4 0.0616421554958434
128.335 4 0.2862019870772992
135.227 4 -0.11114465403376499
140.827 4 -0.3995014740869886
146.92700000000005 4 -0.40038518147407737
153.827 4 0.11594493486384695
163.42700000000005 4 0.032611670724238706
170.827 4 -0.3493270696741137
178.22799999999995 4 -0.2757828352160304
187.52900000000002 4 0.14755122008389698
195.33 4 0.3120350921143318
202.732 4 0.5583742173553967
210.533 4 0.3515930253890116
215.734 4 -0.3727656017037151
220.735 4 0.5848272845223408
225.828 4 -0.16687549292286116
231.628 4 0.4566182563710237
236.828 4 -0.03507859940194264
246.72799999999998 4 0.004677854227653433
256.42900000000003 4 0.579662278168004
265.329 4 -0.23873288588711314
272.92900000000003 4 0.2956018595615401
279.42900000000003 4 -0.3799353871933961
287.43 4 0.5462344530209888
293.631 4 -0.20940970703736575
299.032 4 -0.3436372300504195
305.233 4 -0.11725329448901613
314.035 4 0.026454427386340632
321.931 4 -0.30304105047066665
331.03 4 -0.3257502601776745
336.03 4 -0.027757577081497342
344.13 4 -0.008891969773934359
349.63 4 0.5861902401186274
357.13 4 -0.3374909263222926
364.73 4 -0.4052305528109021
370.63 4 -0.27260576910612744
376.23 4 0.5859829652151429
382.43 4 -0.3984662537125192
388.031 4 0.012501799221465435
393.532 4 0.4284613616314379
401.936 4 0.3354153670101549
411.235 4 -0.40782754222881856
418.83099999999996 4 0.3446902352985535
424.231 4 0.3832955578683863
429.431 4 0.2127139576125271
434.93199999999996 4 -0.1322075782322213
441.031 4 -0.2886662360522613
