4.048 4 -0.3616759135853989
10.931 4 0.4642743433608767
16.432000000000002 4 0.05532430502652147
21.833000000000002 4 -0.403073040367666
27.534000000000002 4 0.3354945295369034
34.435 4 -0.3198297094791781
43.53100000000001 4 -0.2834990609486145
51.931000000000004 4 -0.3717471007654095
60.832 4 -0.39052351863948825
70.131 4 -0.2317878185305205
80.032 4 0.5676248848621696
85.83200000000002 4 -0.258242279766633
90.83200000000001 4 -0.4023630243752012
98.53200000000001 4 -0.10641471512405692
103.632 4 0.4366455107859129
109.23200000000001 4 0.07658201678849719
116.833 4 -0.4044245946026479
122.334 4 0.23639262538457076
131.136 4 -0.16160397726868725
139.232 4 0.12273822573743688
146.733 4 0.4643393373138075
155.833 4 -0.1422673706422679
162.533 4 0.09169205435423278
168.433 4 0.4700075492453236
177.733 4 0.3920154584738722
185.13299999999998 4 -0.36989152293644734
190.733 4 -0.3406324042939605
196.833 4 -0.18837982464822384
205.833 4 -0.0012332379401596705
213.43400000000003 4 -0.1218005111143422
218.834 4 0.2033519572962965
228.43599999999998 4 0.1962237207463342
233.537 4 0.21979879037787875
239.234 4 -0.3141131402244734
244.43400000000003 4 -0.060119611426216364
249.43400000000003 4 -0.0721228058510987
255.234 4 -0.10013346351544056
263.434 4 -0.2482906743627772
268.634 4 0.3191523316156987
273.834 4 -0.35199253816298337
280.035 4 -0.4085863661724001
287.035 4 -0.4058154508082408
294.835 4 0.5130293112887377
302.235 4 0.5796794085405429
307.835 4 0.3920905298527057
316.735 4 0.5542165095947704
324.13599999999997 4 -0.2277231500123422
333.038 4 0.4898876525423773
339.135 4 0.5854403114367901
347.036 4 0.2790123122461445
353.13599999999997 4 -0.29362176825137204
359.13599999999997 4 0.5425699596282915
365.736 4 -0.3946580553870365
371.93 4 0.5508998120432482
379.536 4 0.5334501191937246
389.231 4 0.4828571143475199
394.73199999999997 4 -0.30558511969417496
400.233 4 -0.32364928604605026
408.23699999999997 4 -0.1615583350496284
414.837 4 -0.13797588137158895
420.52 4 -0.33278392456154354
427.02099999999996 4 -0.29151242234192964
433.222 4 -0.3888600998654084
441.024 4 -0.2984197477067645
