4.062 4 0.30978122742105324
9.728 4 -0.33170984631606565
14.828 4 0.580955447511657
21.82800000000001 4 -0.3019174330483381
27.32800000000001 4 -0.1574389090796572
34.929 4 -0.21710902490783213
41.43 4 0.05274891819221905
49.132 4 -0.1226189511761443
55.333 4 -0.3107213270847986
62.733999999999995 4 -0.09697000076980372
67.935 4 0.5316887259757572
73.429 4 -0.33004118284806433
81.829 4 0.6600482608675318
87.429 4 -0.3294939903666372
93.12899999999999 4 -0.09961124605482376
101.229 4 -0.23944950358754785
109.12899999999999 4 0.6496261543182358
116.73 4 0.6444467701189027
122.13 4 0.5906465882724665
127.83 4 0.2116473957048834
134.03 4 -0.29884641295889125
140.93200000000004 4 0.6672655723205019
149.833 4 -0.331533715339225
158.034 4 -0.3199047412234259
163.035 4 -0.00811999541944719
168.23 4 0.6565402568689821
173.83 4 0.03807266154184402
179.03 4 -0.3156069688934324
185.731 4 -0.3320276440536696
194.53099999999998 4 0.6050410511810678
202.331 4 -0.2583269693642071
209.731 4 0.011128898642050132
219.03099999999998 4 -0.2724226258787027
224.831 4 -0.2257085698938251
230.231 4 -0.23492746194283004
236.331 4 0.6162833627524307
245.233 4 0.09630909565187706
254.335 4 0.32384768691201743
259.335 4 -0.20481563582415704
266.232 4 0.3652769390444481
275.532 4 -0.3117051866610904
285.432 4 -0.2361285767181493
293.233 4 0.6654717335951634
299.832 4 -0.3321539663684581
307.332 4 -0.3000666367845433
313.532 4 0.6019445123206386
319.533 4 -0.20325935696985392
328.43300000000005 4 -0.05234822054168209
337.533 4 0.2419146487257893
345.534 4 0.04887504386132191
353.135 4 -0.2871642977137545
358.236 4 0.1275088109775801
367.93300000000005 4 -0.31538032233694424
373.43300000000005 4 -0.17843325857978767
379.033 4 -0.3075979532322931
388.634 4 -0.3212364113016435
397.634 4 0.1599901281610056
405.034 4 0.007560414236055912
410.834 4 -0.328439533804924
416.934 4 -0.3250157007766454
423.034 4 0.14880049225131264
428.534 4 -0.07402305811988957
435.134 4 -0.2917884604240425
441.034 4 -0.33103407201754725
