4.044 4 0.377639239570037
12.935 4 0.3825939693820133
21.127 4 0.5774159854340821
27.326999999999998 4 -0.313629665084782
33.128 4 -0.3303068350877452
38.328 4 0.17745155317851607
47.628 4 0.4322294158904471
57.328 4 0.2330986722139776
66.22800000000001 4 -0.33070681619778913
71.429 4 -0.3200726843407102
80.33 4 -0.32412342816653555
86.031 4 0.04502830503169608
94.833 4 -0.2306265747147563
102.934 4 0.6660205020699153
108.635 4 -0.3305168347945735
114.729 4 -0.33131805037347417
122.329 4 0.6551416483133001
130.129 4 -0.32747303330296856
135.72899999999998 4 -0.0324854690582308
144.72899999999996 4 -0.13547615004877248
150.129 4 0.025038057852520446
156.829 4 -0.029241374078120493
163.72899999999996 4 -0.2627104610129936
168.73 4 0.6349485651227516
174.63 4 0.3462229133748002
179.731 4 0.4136643628910967
185.832 4 -0.16645188861259375
192.433 4 -0.28657544531399864
198.234 4 0.5358202153650984
205.83599999999998 4 0.4536668010103157
212.03 4 0.1082050146691767
218.03099999999998 4 -0.33221571744885897
225.83 4 0.13187536144659234
233.731 4 -0.3043493409903821
238.731 4 -0.17191284512603075
244.231 4 -0.2445056973904028
250.831 4 -0.0943036847362242
256.431 4 -0.3283836193884368
262.131 4 0.4920741270561085
269.631 4 -0.3302764628650386
278.732 4 -0.014340592992943046
284.233 4 -0.3047168195884202
291.634 4 -0.00467528183020538
301.236 4 -0.11572214318562693
306.732 4 -0.2949942332392233
316.632 4 -0.14941877227138273
324.032 4 0.13991176530855326
332.43199999999996 4 0.4274009516047279
339.832 4 -0.2877459131741573
349.13199999999995 4 -0.3323266947966079
357.13199999999995 4 -0.29681679780937703
362.533 4 0.6664838854892907
374.233 4 0.5002327288318327
380.43300000000005 4 -0.04150775142398111
386.034 4 -0.25319936360635176
391.535 4 -0.210614019553458
398.536 4 -0.13318597132888071
403.63300000000004 4 -0.14727036097809346
412.733 4 -0.24755608736272386
420.334 4 0.17285853256932254
433.334 4 0.4669317769788
441.034 4 -0.32628034100397063
