4.051 4 0.21809579087561265
12.235 4 -0.19870372648859227
18.436 4 -0.10934981263510853
23.432 4 0.5766423388983546
28.932 4 0.5191164929356449
33.931999999999995 4 0.5329114662392349
40.032 4 -0.35886584751804723
46.632 4 0.3775171115671964
52.132 4 0.41863981502782
61.232 4 -0.3980518635693568
66.932 4 0.3871679008695345
73.532 4 -0.2806780806547543
81.433 4 -0.38442148290385625
87.132 4 0.5253308844356428
94.03299999999999 4 -0.4134019995322187
99.53299999999999 4 0.2357161464319169
106.035 4 0.04735016663974595
114.13600000000001 4 -0.3998405898622018
123.03299999999999 4 0.39696982818101184
130.63299999999998 4 -0.4171798456086448
136.433 4 -0.420830714888677
141.833 4 0.5769824005471687
151.134 4 -0.3851135980583537
156.534 4 0.07225701498992887
162.434 4 0.23224965845842235
169.834 4 -0.4172896957557898
176.53400000000005 4 -0.10210107435731253
184.53400000000002 4 -0.21432645050518107
193.43400000000003 4 -0.36054588778973257
201.235 4 -0.27451291511514864
207.33599999999998 4 -0.09993512865040688
213.33700000000002 4 0.02290507077484677
218.838 4 -0.09733813166838057
227.635 4 0.06283547772744298
232.835 4 0.3611815176867326
241.935 4 -0.27696459030149584
249.535 4 -0.3840708851137784
258.535 4 -0.07775257915786149
264.13599999999997 4 0.20458598896168928
269.835 4 0.23918364564243685
275.036 4 0.2042835906587837
281.936 4 -0.2793797475194536
290.836 4 -0.20222477377903106
300.736 4 0.044018424314149096
310.337 4 0.4125316731756232
317.722 4 0.5399439372482249
322.836 4 0.5290221120950345
328.624 4 -0.3621841435366914
336.325 4 0.5061749609494282
342.526 4 0.5382382172265667
347.727 4 0.21494175599288395
355.12800000000016 4 -0.4141904863186388
362.73 4 -0.09009368429918928
370.231 4 -0.2109705149211128
379.533 4 -0.332206528883625
387.334 4 -0.4135812407380275
393.537 4 -0.28303769528140965
400.52099999999996 4 0.5192973136890457
406.121 4 -0.3298186128124425
412.222 4 -0.3858233326666923
420.62300000000016 4 0.2077322254329494
426.225 4 -0.3830006326564296
431.325 4 -0.32647066455275114
441.027 4 -0.08024750747467467
