4.041 4 0.5028571506946538
11.93 4 -0.4585696124939039
18.131 4 0.493179256092519
26.531999999999996 4 -0.06064398141134364
33.434 4 0.058914728475527874
42.324 4 0.3547875108086133
51.424 4 0.18290953877939792
60.724 4 0.07724858974797527
68.425 4 -0.33184204188604555
73.925 4 0.12419166358324213
81.725 4 0.5365502765574339
86.926 4 0.11469186338020125
94.32799999999999 4 -0.4561517456629742
99.32799999999999 4 -0.4000394897089518
108.13 4 0.5251882060070081
113.631 4 0.5219672286765151
123.53299999999999 4 -0.2136042220712783
130.234 4 0.4511505224390169
138.026 4 0.336809019637686
146.92600000000004 4 -0.4391388437981336
152.026 4 -0.17307615276396598
160.026 4 0.31855268163243594
166.52599999999995 4 -0.11288346128396265
174.12599999999995 4 -0.3801837514054506
179.12599999999995 4 0.16363889397482329
185.327 4 0.4980922133995424
190.928 4 -0.40878139138626574
197.02900000000002 4 -0.4030988454472085
204.63099999999997 4 0.03209274884901958
209.831 4 -0.3287498438213833
216.433 4 0.2893713600527766
223.834 4 -0.19691592847721875
231.435 4 -0.4045751337901178
237.227 4 0.2798430739948892
242.627 4 -0.3349097169316164
248.127 4 -0.3648296015502495
254.327 4 0.4136778903516147
261.22700000000003 4 0.4578742502442129
267.128 4 0.3459721803331995
273.228 4 -0.25918927142856163
278.328 4 0.23157629704012056
285.828 4 -0.17315788853388442
295.13 4 -0.40601684043139497
303.231 4 -0.2724956818528157
308.932 4 0.4057448970133642
314.33299999999997 4 -0.2930788526668854
322.534 4 -0.09847857189031156
328.035 4 -0.27255321258725
334.028 4 -0.26812696749318776
343.629 4 0.09585090021675784
349.72900000000016 4 -0.4469041727730575
357.129 4 -0.42597930528111133
362.829 4 -0.3379513832377451
371.829 4 0.17319918105089033
377.029 4 0.2122406199286327
384.032 4 -0.09111900466269117
389.63 4 0.1052435354580708
395.231 4 0.4056382215919307
401.832 4 0.03197488665785897
407.63300000000004 4 0.3637217557970296
417.334 4 -0.4220285683074727
423.035 4 0.39753438495671417
431.93 4 0.049856931029285616
441.03 4 0.4879313870093354
