4.0280000000000005 4 -0.4521901239330433
9.628 4 0.22184817365055992
19.33 4 -0.4045557256952176
29.232 4 0.3892705791748493
34.933 4 -0.3760346877710987
40.434 4 -0.2809775437387004
46.534 4 -0.4473154478671161
54.528 4 -0.2768352229191221
60.428000000000004 4 -0.42405854404341137
65.528 4 0.183038818562104
70.72800000000002 4 0.4981566162940715
77.62899999999998 4 0.4289043763888993
85.229 4 0.5187304618418853
90.929 4 -0.3465367497057785
97.029 4 0.049976914311252015
103.229 4 -0.3155264282504362
110.829 4 -0.44558845161125865
116.83 4 -0.20252733409232493
123.73200000000001 4 -0.4385215326986018
129.332 4 -0.37813293356498623
137.234 4 -0.3408883418963872
146.13 4 0.3724121750213875
153.73 4 0.4705503127458682
159.33 4 0.0959754521655612
164.33 4 0.5072748418303104
172.53 4 0.5359036205965118
177.73 4 0.08651797770833464
183.53 4 -0.33188328108442583
192.83 4 -0.26818564400134337
202.13 4 -0.044901159046798034
209.831 4 0.5027964701384481
215.231 4 -0.4358572021656845
220.232 4 -0.4372225855589389
225.332 4 -0.3738880545049762
234.234 4 0.5275133754711254
240.935 4 -0.14775071484222607
248.331 4 -0.2891263853753334
256.431 4 0.5358927288445879
261.631 4 0.4765723494675822
270.431 4 0.3092340542673124
279.431 4 0.26076763244064344
286.431 4 -0.2498371182144582
294.832 4 -0.31893807265256946
301.032 4 0.53492384631015
310.132 4 -0.17917025709717987
317.532 4 0.5319665042282902
325.33299999999997 4 -0.4015872202365565
330.834 4 0.15397632379480425
336.536 4 -0.16696200791073468
342.63199999999995 4 0.5072179616149934
348.43300000000005 4 -0.4397491136229258
358.033 4 -0.06851970276408309
364.63300000000004 4 -0.218995059562516
370.13300000000004 4 0.014538103579751329
375.63300000000004 4 -0.2081889232984786
381.033 4 -0.4477218603317025
390.13300000000004 4 0.3276651428609138
396.333 4 0.2023714542031217
403.733 4 -0.3802107148033342
411.533 4 0.5365568175524635
418.034 4 -0.2810328288976964
425.534 4 0.21211107231948492
432.135 4 0.2219776446661808
441.037 4 0.4823445460962918
