4.046 4 0.7762185807057849
10.229 4 -0.07072480390380681
19.531 4 -0.2130019572207654
27.331999999999997 4 -0.1912274806454173
33.033 4 -0.2125979955059435
42.035 4 -0.2128236749449122
48.136 4 0.22347883462819215
54.325 4 -0.2109231489996035
63.225 4 -0.21299575287597328
68.825 4 -0.2130044836465206
74.525 4 -0.2130032776362409
82.52600000000002 4 -0.2129041415609097
91.427 4 -0.06469507292894461
96.428 4 0.3002840187608878
102.12899999999999 4 0.528372816110217
107.62899999999999 4 0.786134371851331
117.23100000000001 4 -0.21286532691115206
123.73200000000001 4 -0.21288629832767245
132.534 4 0.0386625406927914
139.937 4 0.06616994349281152
148.026 4 -0.16702708918387751
157.127 4 0.008287031204959494
163.02700000000004 4 0.6346185287434938
169.627 4 -0.21250297259217205
177.02700000000004 4 -0.17017562663465108
184.42700000000002 4 -0.10520930479584514
190.52700000000002 4 0.3049053449552768
200.429 4 -0.09417980193857313
206.63 4 -0.2129707949080777
212.63099999999997 4 -0.07653227054424233
219.532 4 -0.21238602209622734
225.033 4 0.02632917496147161
230.03400000000002 4 -0.1318288581487655
237.03599999999997 4 -0.1931405002606732
244.928 4 -0.21293222885273025
253.328 4 -0.21257760566437275
258.528 4 0.5404042092206114
264.128 4 0.35904730750497554
270.828 4 0.2382506018208331
275.93 4 -0.2079752724091048
285.029 4 -0.2125562041796632
290.529 4 -0.0837371521222473
299.43 4 -0.21297598239457408
305.231 4 0.4841360690201349
310.332 4 -0.21131177734791384
318.133 4 -0.20376931623707845
323.334 4 -0.03816790899557482
329.13599999999997 4 -0.06026382643528621
338.829 4 -0.010985217635989893
346.529 4 0.017159186125382864
353.13 4 -0.1922053471349497
358.53 4 -0.1888107781494029
364.13 4 0.5831552321455661
371.73 4 0.10278196666069957
381.03 4 -0.21148912784856014
388.53 4 -0.2061357966310056
396.131 4 -0.1597511368993342
403.73199999999997 4 0.7823552579924506
410.63300000000004 4 -0.1548135022793633
416.034 4 -0.2104467454446291
421.235 4 -0.18613494598387187
429.436 4 -0.2114142513842778
435.531 4 -0.2041925125571786
441.031 4 -0.21262298726531165
