4.052 4 -0.23762996480991594
9.635 4 -0.21414592319103026
19.326 4 -0.0199441088720238
29.226 4 -0.20494462751346693
34.926 4 0.14954141209108293
40.426 4 0.6927565509784553
46.526 4 -0.18606004037020507
54.526 4 -0.2353360594513784
60.428000000000004 4 -0.23752929401917705
65.528 4 0.11175726347332583
70.729 4 0.038461764350409405
77.63 4 -0.2248118671868408
85.23200000000001 4 -0.21154675943495602
90.93299999999999 4 0.6538106156491337
97.03399999999999 4 0.4807532030075408
103.235 4 -0.23730939398389905
110.837 4 -0.2376237801015585
116.82700000000001 4 0.7561240121229132
123.727 4 -0.2375638903908325
129.327 4 0.2071839484214724
137.227 4 -0.2360154377522637
146.127 4 0.12304565826398325
153.72799999999995 4 -0.08243536457151557
159.328 4 0.7453419289578127
164.329 4 0.13459396195061096
172.53099999999995 4 -0.14840721294299367
177.731 4 -0.22976879730109345
183.532 4 -0.23674157010039695
192.834 4 -0.2360836637841767
202.136 4 -0.23451414424127745
209.828 4 -0.18329971283609695
215.229 4 -0.23760835672934014
220.22799999999998 4 -0.2375905262280951
225.329 4 0.0972436837035249
234.229 4 -0.22276732004652813
240.93099999999998 4 -0.2366354059687584
248.329 4 0.7550673523394242
256.42900000000003 4 -0.029408016036205412
261.629 4 -0.10659529398592373
270.431 4 -0.12050235330876374
279.433 4 0.6259597165382571
286.434 4 -0.23693470707961434
294.835 4 -0.2372356452717355
301.0370000000001 4 -0.16285971671953775
310.13 4 0.6825926417677476
317.53 4 0.09441519991093668
325.33 4 -0.2374799290144017
330.83 4 -0.01747891701212981
336.53 4 -0.2358252333227321
342.63 4 -0.19231454542402374
348.43 4 -0.1174792002367002
358.031 4 -0.2320506765465317
364.63 4 0.6456939407994136
370.13199999999995 4 0.21141374792050774
375.63300000000004 4 -0.23057499354302785
381.033 4 -0.17586828690729756
390.135 4 -0.12304501112838614
396.33099999999996 4 -0.20360307810814027
403.731 4 -0.2368707520217763
411.531 4 -0.13137911379587966
418.032 4 -0.23483921817746065
425.532 4 -0.20934555416340309
432.13199999999995 4 0.3561168238213525
441.032 4 -0.12728457647170224
