4.0360000000000005 4 0.5635960496504934
13.128 4 -0.2361490649290268
18.328 4 -0.2371458241480921
24.428 4 -0.1904789102458061
32.128 4 0.01753611122732654
40.328 4 -0.09343214861556604
49.428000000000004 4 -0.18111735244382648
56.32899999999999 4 0.4056740030776238
64.329 4 -0.10030587292679836
69.93 4 -0.2355246284163389
75.831 4 -0.20663899335598604
82.53200000000002 4 -0.2284995752416601
91.53399999999999 4 0.6689636019192339
99.035 4 -0.2318107116226457
105.929 4 0.7397985469244173
114.329 4 -0.2308648072829876
120.529 4 -0.2196847373580392
128.13 4 -0.05436463804653238
134.329 4 -0.07320212944041367
140.93 4 0.7335168132773805
150.63 4 -0.1568469032056604
158.43 4 -0.22658107249095324
167.331 4 0.4959239638938727
173.332 4 0.5297956509791739
179.13299999999995 4 0.16562026584595693
187.234 4 -0.2288726422524659
192.83 4 0.04789401830879905
197.93099999999998 4 -0.043676970953733685
203.43099999999998 4 0.7313461950898642
208.831 4 0.7621784229111818
218.43099999999998 4 0.23828822407105474
223.93099999999998 4 -0.2372175291301173
229.63099999999997 4 0.02928183771448087
237.231 4 -0.19408165252410714
246.13099999999997 4 -0.14492464170946398
252.731 4 -0.08802451179953677
262.032 4 -0.2294331100118183
267.732 4 0.06335234420979942
275.33299999999997 4 -0.2370364750845255
280.334 4 0.1907930865966013
288.135 4 -0.21733929679569186
293.632 4 -0.17508673296742372
298.632 4 -0.2376003343422101
303.732 4 -0.2349559027020005
309.332 4 -0.221491496867082
319.232 4 -0.2376135959963335
328.13199999999995 4 0.3952996777522105
334.23199999999997 4 0.7588895158726661
340.43300000000005 4 -0.2376191998865985
347.43300000000005 4 -0.2375813624840892
353.533 4 -0.04588725190037485
358.733 4 -0.23590132556635546
363.93300000000005 4 -0.23636194937158314
371.833 4 -0.21893382867534572
378.334 4 0.4105887898330453
385.736 4 -0.23763257471867225
391.233 4 0.6417803696713804
400.533 4 0.751257640700858
407.93300000000005 4 -0.22703063944040824
416.73400000000004 4 -0.23654482013887795
422.534 4 -0.22312067045581088
427.934 4 -0.2374725910000313
435.334 4 -0.23677962640974715
441.034 4 -0.23750375685845046
4.0360000000000005 4 0.5635960496504934
13.128 4 -0.2361490649290268
18.328 4 -0.2371458241480921
24.428 4 -0.1904789102458061
32.128 4 0.01753611122732654
40.328 4 -0.09343214861556604
49.428000000000004 4 -0.18111735244382648
56.32899999999999 4 0.4056740030776238
64.329 4 -0.10030587292679836
69.93 4 -0.2355246284163389
75.831 4 -0.20663899335598604
82.53200000000002 4 -0.2284995752416601
91.53399999999999 4 0.6689636019192339
99.035 4 -0.2318107116226457
105.929 4 0.7397985469244173
114.329 4 -0.2308648072829876
120.529 4 -0.2196847373580392
128.13 4 -0.05436463804653238
134.329 4 -0.07320212944041367
140.93 4 0.7335168132773805
150.63 4 -0.1568469032056604
158.43 4 -0.22658107249095324
167.331 4 0.4959239638938727
173.332 4 0.5297956509791739
179.13299999999995 4 0.16562026584595693
187.234 4 -0.2288726422524659
192.83 4 0.04789401830879905
197.93099999999998 4 -0.043676970953733685
203.43099999999998 4 0.7313461950898642
208.831 4 0.7621784229111818
218.43099999999998 4 0.23828822407105474
223.93099999999998 4 -0.2372175291301173
229.63099999999997 4 0.02928183771448087
237.231 4 -0.19408165252410714
246.13099999999997 4 -0.14492464170946398
252.731 4 -0.08802451179953677
262.032 4 -0.2294331100118183
267.732 4 0.06335234420979942
275.33299999999997 4 -0.2370364750845255
280.334 4 0.1907930865966013
288.135 4 -0.21733929679569186
293.632 4 -0.17508673296742372
298.632 4 -0.2376003343422101
303.732 4 -0.2349559027020005
309.332 4 -0.221491496867082
319.232 4 -0.2376135959963335
328.13199999999995 4 0.3952996777522105
334.23199999999997 4 0.7588895158726661
340.43300000000005 4 -0.2376191998865985
347.43300000000005 4 -0.2375813624840892
353.533 4 -0.04588725190037485
358.733 4 -0.23590132556635546
363.93300000000005 4 -0.23636194937158314
371.833 4 -0.21893382867534572
378.334 4 0.4105887898330453
385.736 4 -0.23763257471867225
391.233 4 0.6417803696713804
400.533 4 0.751257640700858
407.93300000000005 4 -0.22703063944040824
416.73400000000004 4 -0.23654482013887795
422.534 4 -0.22312067045581088
427.934 4 -0.2374725910000313
435.334 4 -0.23677962640974715
441.034 4 -0.23750375685845046
4.0360000000000005 4 0.5635960496504934
13.128 4 -0.2361490649290268
18.328 4 -0.2371458241480921
24.428 4 -0.1904789102458061
32.128 4 0.01753611122732654
40.328 4 -0.09343214861556604
49.428000000000004 4 -0.18111735244382648
56.32899999999999 4 0.4056740030776238
64.329 4 -0.10030587292679836
69.93 4 -0.2355246284163389
75.831 4 -0.20663899335598604
82.53200000000002 4 -0.2284995752416601
91.53399999999999 4 0.6689636019192339
99.035 4 -0.2318107116226457
105.929 4 0.7397985469244173
114.329 4 -0.2308648072829876
120.529 4 -0.2196847373580392
128.13 4 -0.05436463804653238
134.329 4 -0.07320212944041367
140.93 4 0.7335168132773805
150.63 4 -0.1568469032056604
158.43 4 -0.22658107249095324
167.331 4 0.4959239638938727
173.332 4 0.5297956509791739
179.13299999999995 4 0.16562026584595693
187.234 4 -0.2288726422524659
192.83 4 0.04789401830879905
197.93099999999998 4 -0.043676970953733685
203.43099999999998 4 0.7313461950898642
208.831 4 0.7621784229111818
218.43099999999998 4 0.23828822407105474
223.93099999999998 4 -0.2372175291301173
229.63099999999997 4 0.02928183771448087
237.231 4 -0.19408165252410714
246.13099999999997 4 -0.14492464170946398
252.731 4 -0.08802451179953677
262.032 4 -0.2294331100118183
267.732 4 0.06335234420979942
275.33299999999997 4 -0.2370364750845255
280.334 4 0.1907930865966013
288.135 4 -0.21733929679569186
293.632 4 -0.17508673296742372
298.632 4 -0.2376003343422101
303.732 4 -0.2349559027020005
309.332 4 -0.221491496867082
319.232 4 -0.2376135959963335
328.13199999999995 4 0.3952996777522105
334.23199999999997 4 0.7588895158726661
340.43300000000005 4 -0.2376191998865985
347.43300000000005 4 -0.2375813624840892
353.533 4 -0.04588725190037485
358.733 4 -0.23590132556635546
363.93300000000005 4 -0.23636194937158314
371.833 4 -0.21893382867534572
378.334 4 0.4105887898330453
385.736 4 -0.23763257471867225
391.233 4 0.6417803696713804
400.533 4 0.751257640700858
407.93300000000005 4 -0.22703063944040824
416.73400000000004 4 -0.23654482013887795
422.534 4 -0.22312067045581088
427.934 4 -0.2374725910000313
435.334 4 -0.23677962640974715
441.034 4 -0.23750375685845046
4.0360000000000005 4 0.5635960496504934
13.128 4 -0.2361490649290268
18.328 4 -0.2371458241480921
24.428 4 -0.1904789102458061
32.128 4 0.01753611122732654
40.328 4 -0.09343214861556604
49.428000000000004 4 -0.18111735244382648
56.32899999999999 4 0.4056740030776238
64.329 4 -0.10030587292679836
69.93 4 -0.2355246284163389
75.831 4 -0.20663899335598604
82.53200000000002 4 -0.2284995752416601
91.53399999999999 4 0.6689636019192339
99.035 4 -0.2318107116226457
105.929 4 0.7397985469244173
114.329 4 -0.2308648072829876
120.529 4 -0.2196847373580392
128.13 4 -0.05436463804653238
134.329 4 -0.07320212944041367
140.93 4 0.7335168132773805
150.63 4 -0.1568469032056604
158.43 4 -0.22658107249095324
167.331 4 0.4959239638938727
173.332 4 0.5297956509791739
179.13299999999995 4 0.16562026584595693
187.234 4 -0.2288726422524659
192.83 4 0.04789401830879905
197.93099999999998 4 -0.043676970953733685
203.43099999999998 4 0.7313461950898642
208.831 4 0.7621784229111818
218.43099999999998 4 0.23828822407105474
223.93099999999998 4 -0.2372175291301173
229.63099999999997 4 0.02928183771448087
237.231 4 -0.19408165252410714
246.13099999999997 4 -0.14492464170946398
252.731 4 -0.08802451179953677
262.032 4 -0.2294331100118183
267.732 4 0.06335234420979942
275.33299999999997 4 -0.2370364750845255
280.334 4 0.1907930865966013
288.135 4 -0.21733929679569186
293.632 4 -0.17508673296742372
298.632 4 -0.2376003343422101
303.732 4 -0.2349559027020005
309.332 4 -0.221491496867082
319.232 4 -0.2376135959963335
328.13199999999995 4 0.3952996777522105
334.23199999999997 4 0.7588895158726661
340.43300000000005 4 -0.2376191998865985
347.43300000000005 4 -0.2375813624840892
353.533 4 -0.04588725190037485
358.733 4 -0.23590132556635546
363.93300000000005 4 -0.23636194937158314
371.833 4 -0.21893382867534572
378.334 4 0.4105887898330453
385.736 4 -0.23763257471867225
391.233 4 0.6417803696713804
400.533 4 0.751257640700858
407.93300000000005 4 -0.22703063944040824
416.73400000000004 4 -0.23654482013887795
422.534 4 -0.22312067045581088
427.934 4 -0.2374725910000313
435.334 4 -0.23677962640974715
441.034 4 -0.23750375685845046
