4.042 4 -0.41796898494845386
10.925 4 -0.17861931154208138
16.526 4 0.4357274711729552
25.32800000000001 4 -0.2505718845760061
34.429 4 -0.4016082040491036
40.63 4 -0.2928553260416609
45.831 4 0.23770684549041216
52.732 4 0.5701941737393155
58.833 4 -0.33355935756040656
68.135 4 0.18182730664923646
73.836 4 0.5742013543345479
81.626 4 0.4236979831348719
87.126 4 -0.15044764378040248
92.126 4 0.5752023799263222
101.82700000000001 4 -0.3823100850002445
109.427 4 0.021402224335151883
115.027 4 0.5766979716148135
121.527 4 -0.3837471678227364
127.529 4 -0.13759081861709316
133.73 4 0.3269692302454746
142.131 4 -0.3736130586469067
151.033 4 -0.3395900236328425
160.134 4 0.3131924022008253
165.635 4 0.095454457756092
174.528 4 -0.2669102467097991
180.03799999999995 4 -0.2139542549534029
187.828 4 -0.2270564033286472
195.428 4 0.340675030426546
204.72799999999998 4 -0.3034726605284669
210.828 4 0.021360959786658414
218.428 4 -0.27944824713095034
225.829 4 -0.13319885541751392
232.53 4 -0.3351044284562309
238.03099999999998 4 -0.08229274771756784
246.13299999999998 4 0.25169684787780416
251.93400000000003 4 -0.3940098973374701
258.535 4 0.21663473057682894
265.129 4 -0.402737988118102
270.329 4 0.5214406627802037
275.72900000000004 4 -0.3587248113322744
281.529 4 -0.36995636211950017
288.529 4 -0.3950391329211399
296.43 4 0.12856982954666113
302.13 4 0.3541924726646222
309.63 4 -0.008019128499412886
315.33 4 -0.3502675138995476
320.43 4 0.5255239300103822
330.031 4 0.575196072623293
339.93300000000005 4 0.24467700425588665
346.134 4 0.4113674297316525
354.335 4 -0.30945379294050035
360.43 4 0.14884220387916786
369.33099999999996 4 0.566682473154487
375.231 4 -0.02502799464121125
383.231 4 -0.4115300686246283
388.431 4 0.19570320534220004
393.83099999999996 4 0.2517451101910356
402.83099999999996 4 -0.16685501674870518
408.431 4 0.03346243184573855
420.935 4 -0.4143348313085962
428.332 4 0.027387326836812557
433.332 4 -0.0459168702214684
441.034 4 0.5716866091567679
