4.048 4 0.23064393839105465
9.93 4 0.3474528830025962
19.63 4 -0.23021816482756635
25.831 4 -0.0022451161777871102
33.631 4 0.10200415259647017
42.931000000000004 4 -0.4074915696729217
51.832 4 -0.23333526501560284
59.433 4 -0.3744883657349317
68.735 4 -0.4108980541684616
73.931 4 -0.11599353175324095
80.031 4 0.5685148392942498
89.131 4 0.5625311572018481
94.73200000000001 4 -0.3844469726405426
102.632 4 -0.3540146107977576
111.53200000000001 4 -0.38303494069391264
120.432 4 0.3062669585007603
125.932 4 -0.10663732293907367
130.936 4 0.46435296339043
136.632 4 -0.20010405005270188
143.232 4 0.13529647455913069
148.632 4 0.4588187035071132
155.634 4 -0.1546277050366351
160.635 4 0.0035803920541493954
169.03599999999997 4 -0.3564095284534211
174.233 4 0.5403445516957184
179.333 4 -0.2950456436278545
187.13299999999998 4 0.2376586028373873
194.533 4 0.5294438123742042
200.63299999999998 4 0.5254965097160016
206.13299999999998 4 0.4587803236227844
212.333 4 0.045756125363982936
218.533 4 0.3474064112083217
226.533 4 -0.35522217657471605
236.13400000000001 4 0.027428928667870837
245.234 4 -0.15875543085207675
254.03400000000002 4 -0.40692220341754654
262.13599999999997 4 0.3200940995707939
268.737 4 -0.3934812939702759
274.23400000000004 4 -0.2906307271091069
284.134 4 -0.2071242850702864
290.2340000000001 4 -0.3851345584310241
295.938 4 0.5332005779505926
301.335 4 -0.0512765933409694
307.135 4 -0.21056285313071804
314.535 4 0.5716963709267544
320.535 4 0.0696577434878004
325.635 4 0.5129344002118621
332.335 4 -0.06703008755379652
339.9369999999999 4 0.11521613322186393
347.535 4 -0.3680311941342269
354.035 4 0.039585602773028535
359.63599999999997 4 0.0519732422829372
367.13800000000003 4 0.4643152442315201
376.13599999999997 4 -0.4113232952942664
383.836 4 0.23069214763894136
389.036 4 -0.17082747655995245
396.436 4 -0.3132859680605808
403.327 4 -0.3960321145443749
408.82800000000003 4 -0.3690020613356895
414.629 4 0.5084893999849949
420.33 4 -0.3014151939850891
428.532 4 0.5437231304751104
434.13300000000004 4 -0.277016038375974
441.034 4 0.5741938900186778
