4.044 4 0.29979298331658805
10.126 4 -0.4511406331207801
18.327 4 0.2909025770903704
23.427 4 0.3027998925374588
30.026999999999997 4 -0.1412372474364036
35.727 4 -0.14954676702360592
42.427 4 0.445007063448192
47.927 4 -0.3073982023671118
53.728 4 0.3048708484785535
59.729 4 -0.39507865319515206
68.831 4 -0.14600590451103285
74.532 4 -0.4439482712162297
81.533 4 -0.3609045958223921
87.234 4 0.43439023991042813
96.12799999999999 4 -0.358210329718447
105.02799999999999 4 -0.018617974168204317
120.62799999999999 4 -0.011422304382133151
128.328 4 0.4484854939268309
135.22799999999998 4 -0.24524069906130985
140.829 4 -0.4508653197443155
146.929 4 -0.4342350307510948
163.431 4 0.14521854023386116
170.832 4 -0.3965785798560193
178.233 4 -0.3080481499233693
187.535 4 0.12837146090776175
195.329 4 0.12494080295698615
202.729 4 0.5235252854644217
210.52900000000002 4 0.1383094401749031
215.73 4 -0.41773391336881305
225.83 4 -0.30998345336375643
231.63 4 -0.018955285072666583
236.83 4 0.1469488449141101
246.73 4 0.3112305030894643
256.43 4 0.2827308309143705
265.332 4 -0.1342565416400997
272.933 4 0.5255383614872401
279.434 4 -0.39568241613566896
287.431 4 0.13314113544131967
293.631 4 -0.3093407685175194
299.031 4 -0.13883253458970998
305.231 4 -0.31062373111227914
314.031 4 -0.023103068860423404
321.931 4 -0.36300286256876907
331.031 4 -0.3945385354196284
336.031 4 0.2980959049089197
349.63199999999995 4 0.5268399014570571
357.13199999999995 4 -0.2390526956021269
364.733 4 -0.4339664596577639
370.634 4 -0.24172272358038044
376.235 4 0.4307080056998864
382.43199999999996 4 -0.4185063995916456
388.032 4 0.4424672318085824
393.532 4 0.1365853374539453
411.233 4 -0.4442849992240567
418.833 4 0.5244384938715092
424.233 4 0.5202051788557314
429.43300000000005 4 0.5260163853372897
434.93300000000005 4 -0.14718958291022102
441.033 4 -0.3130192182371684
