4.035 4 0.5826380289119775
12.935 4 0.40337398906606986
21.136999999999997 4 0.43767397881601416
27.334 4 -0.3726814956742394
33.134 4 -0.3721397546842961
38.334 4 0.10525229713171774
47.63399999999999 4 0.4243048754111896
57.335 4 0.42733750034534973
66.235 4 -0.3808573725120028
71.435 4 -0.3199309137414631
80.335 4 -0.3700216717757398
86.035 4 0.5689931469940468
94.835 4 -0.024547284790105258
102.935 4 0.5631894129658443
108.635 4 -0.3771699975702174
114.736 4 -0.3801460341581075
122.338 4 0.4603934992994889
130.136 4 -0.3745330666999143
135.736 4 0.2694934602898019
144.736 4 0.17827819721636154
150.136 4 -0.2538712721497459
156.827 4 -0.13841674409955146
163.736 4 -0.004712943732123942
168.73 4 0.2583873957719813
174.63099999999997 4 0.2875658771110075
179.731 4 0.5135473461459079
185.832 4 -0.027039647118560328
192.43400000000003 4 -0.369195600347095
198.237 4 0.2842458359006848
205.83700000000002 4 0.5776609263564911
212.021 4 0.3612138499408543
218.02200000000002 4 -0.38893493863921613
225.82299999999998 4 0.08494539139771151
233.72400000000002 4 -0.3738831769763319
238.725 4 0.04956658579461082
244.226 4 -0.21555056665115502
250.827 4 -0.2814788444006868
256.428 4 -0.382141506424216
262.129 4 0.2617030384811315
269.63 4 -0.3858682206933674
278.732 4 0.006925157352491052
284.233 4 -0.3286537497955627
291.634 4 -0.06430115882777597
301.238 4 -0.12348530757952657
306.722 4 -0.3478779508531425
316.622 4 -0.2357686219680493
324.02299999999997 4 0.4698404472534122
332.425 4 0.5724438783683252
339.82599999999996 4 -0.13208672536721414
349.12800000000016 4 -0.3893263991826073
357.129 4 -0.20314378519637025
362.53 4 0.11877876440057372
369.031 4 -0.2501513902228097
374.23199999999997 4 0.5870910201016573
380.43300000000005 4 0.36445017103477867
386.034 4 0.013169855531860508
391.535 4 0.1814943270855331
398.523 4 -0.1861766027564255
403.62300000000016 4 -0.34620860788142754
412.723 4 -0.17199139681588305
420.324 4 0.5549504447766487
426.425 4 -0.3888062182821541
433.32599999999996 4 0.5215606651989404
441.027 4 -0.3827202062718759
