4.0489999999999995 4 -0.030182434293440474
10.23 4 0.1672236303728445
19.53 4 -0.17435928180199714
27.33 4 -0.12392646733437893
33.03 4 -0.17434365697350218
42.03100000000001 4 -0.17434400094975214
48.131 4 0.8161568889424746
54.331 4 -0.17403629344158247
63.231 4 -0.17435922743601834
68.832 4 -0.17435929478413614
74.533 4 -0.17435928960235453
82.535 4 -0.17435597251967808
91.431 4 0.3888726438476823
96.431 4 -0.1650426732711969
102.131 4 0.5406571201943569
107.631 4 -0.029648340624749414
117.23200000000001 4 -0.17435594261571588
123.73100000000001 4 -0.17435595760104786
132.531 4 0.3948154788609808
139.934 4 -0.16988409184512782
148.032 4 -0.12291697422725745
157.132 4 0.3933276599148432
163.032 4 0.5376005217692068
169.63299999999995 4 -0.17432596359837066
177.035 4 -0.17425044013419907
184.43599999999998 4 0.1650280336664014
190.533 4 0.5467610621342729
200.433 4 0.016396890777176987
206.63299999999998 4 -0.1743585903062672
212.63299999999998 4 0.017081590057429485
219.533 4 -0.17428848063759578
225.033 4 0.8141089521520992
230.033 4 0.1628429385261963
237.033 4 -0.16163988377849706
244.93400000000003 4 -0.17435600215804642
253.333 4 -0.1743261109353661
258.534 4 -0.15525459061679142
264.134 4 0.5452363039695789
270.835 4 0.7680131415591628
275.938 4 -0.1729268070911219
285.0370000000001 4 -0.1742891025035553
290.534 4 0.387390505358584
299.434 4 -0.1743585934781417
305.2340000000001 4 -0.1553328187410274
310.334 4 -0.1742060651422375
318.135 4 -0.16190085106150034
323.334 4 -0.17332137134795153
329.135 4 -0.17332583778801536
338.835 4 0.6466249928925357
346.535 4 0.6480187997362395
353.135 4 -0.148840647306522
358.535 4 -0.14873662633070395
364.135 4 0.5391291832071604
371.735 4 -0.16986512407414905
381.037 4 -0.1740390986019069
388.539 4 -0.17291444485699065
396.13599999999997 4 -0.12271277440310195
403.736 4 0.09125386698719384
410.63599999999997 4 0.013005329660567276
416.036 4 -0.17368161227653067
421.236 4 -0.16153400828965087
429.42900000000003 4 -0.17369036224939702
435.53 4 -0.16822256537477334
441.031 4 -0.17428941139867107
4.0489999999999995 4 -0.030182434293440474
10.23 4 0.1672236303728445
19.53 4 -0.17435928180199714
27.33 4 -0.12392646733437893
33.03 4 -0.17434365697350218
42.03100000000001 4 -0.17434400094975214
48.131 4 0.8161568889424746
54.331 4 -0.17403629344158247
63.231 4 -0.17435922743601834
68.832 4 -0.17435929478413614
74.533 4 -0.17435928960235453
82.535 4 -0.17435597251967808
91.431 4 0.3888726438476823
96.431 4 -0.1650426732711969
102.131 4 0.5406571201943569
107.631 4 -0.029648340624749414
117.23200000000001 4 -0.17435594261571588
123.73100000000001 4 -0.17435595760104786
132.531 4 0.3948154788609808
139.934 4 -0.16988409184512782
148.032 4 -0.12291697422725745
157.132 4 0.3933276599148432
163.032 4 0.5376005217692068
169.63299999999995 4 -0.17432596359837066
177.035 4 -0.17425044013419907
184.43599999999998 4 0.1650280336664014
190.533 4 0.5467610621342729
200.433 4 0.016396890777176987
206.63299999999998 4 -0.1743585903062672
212.63299999999998 4 0.017081590057429485
219.533 4 -0.17428848063759578
225.033 4 0.8141089521520992
230.033 4 0.1628429385261963
237.033 4 -0.16163988377849706
244.93400000000003 4 -0.17435600215804642
253.333 4 -0.1743261109353661
258.534 4 -0.15525459061679142
264.134 4 0.5452363039695789
270.835 4 0.7680131415591628
275.938 4 -0.1729268070911219
285.0370000000001 4 -0.1742891025035553
290.534 4 0.387390505358584
299.434 4 -0.1743585934781417
305.2340000000001 4 -0.1553328187410274
310.334 4 -0.1742060651422375
318.135 4 -0.16190085106150034
323.334 4 -0.17332137134795153
329.135 4 -0.17332583778801536
338.835 4 0.6466249928925357
346.535 4 0.6480187997362395
353.135 4 -0.148840647306522
358.535 4 -0.14873662633070395
364.135 4 0.5391291832071604
371.735 4 -0.16986512407414905
381.037 4 -0.1740390986019069
388.539 4 -0.17291444485699065
396.13599999999997 4 -0.12271277440310195
403.736 4 0.09125386698719384
410.63599999999997 4 0.013005329660567276
416.036 4 -0.17368161227653067
421.236 4 -0.16153400828965087
429.42900000000003 4 -0.17369036224939702
435.53 4 -0.16822256537477334
441.031 4 -0.17428941139867107
4.0489999999999995 4 -0.030182434293440474
10.23 4 0.1672236303728445
19.53 4 -0.17435928180199714
27.33 4 -0.12392646733437893
33.03 4 -0.17434365697350218
42.03100000000001 4 -0.17434400094975214
48.131 4 0.8161568889424746
54.331 4 -0.17403629344158247
63.231 4 -0.17435922743601834
68.832 4 -0.17435929478413614
74.533 4 -0.17435928960235453
82.535 4 -0.17435597251967808
91.431 4 0.3888726438476823
96.431 4 -0.1650426732711969
102.131 4 0.5406571201943569
107.631 4 -0.029648340624749414
117.23200000000001 4 -0.17435594261571588
123.73100000000001 4 -0.17435595760104786
132.531 4 0.3948154788609808
139.934 4 -0.16988409184512782
148.032 4 -0.12291697422725745
157.132 4 0.3933276599148432
163.032 4 0.5376005217692068
169.63299999999995 4 -0.17432596359837066
177.035 4 -0.17425044013419907
184.43599999999998 4 0.1650280336664014
190.533 4 0.5467610621342729
200.433 4 0.016396890777176987
206.63299999999998 4 -0.1743585903062672
212.63299999999998 4 0.017081590057429485
219.533 4 -0.17428848063759578
225.033 4 0.8141089521520992
230.033 4 0.1628429385261963
237.033 4 -0.16163988377849706
244.93400000000003 4 -0.17435600215804642
253.333 4 -0.1743261109353661
258.534 4 -0.15525459061679142
264.134 4 0.5452363039695789
270.835 4 0.7680131415591628
275.938 4 -0.1729268070911219
285.0370000000001 4 -0.1742891025035553
290.534 4 0.387390505358584
299.434 4 -0.1743585934781417
305.2340000000001 4 -0.1553328187410274
310.334 4 -0.1742060651422375
318.135 4 -0.16190085106150034
323.334 4 -0.17332137134795153
329.135 4 -0.17332583778801536
338.835 4 0.6466249928925357
346.535 4 0.6480187997362395
353.135 4 -0.148840647306522
358.535 4 -0.14873662633070395
364.135 4 0.5391291832071604
371.735 4 -0.16986512407414905
381.037 4 -0.1740390986019069
388.539 4 -0.17291444485699065
396.13599999999997 4 -0.12271277440310195
403.736 4 0.09125386698719384
410.63599999999997 4 0.013005329660567276
416.036 4 -0.17368161227653067
421.236 4 -0.16153400828965087
429.42900000000003 4 -0.17369036224939702
435.53 4 -0.16822256537477334
441.031 4 -0.17428941139867107
4.0489999999999995 4 -0.030182434293440474
10.23 4 0.1672236303728445
19.53 4 -0.17435928180199714
27.33 4 -0.12392646733437893
33.03 4 -0.17434365697350218
42.03100000000001 4 -0.17434400094975214
48.131 4 0.8161568889424746
54.331 4 -0.17403629344158247
63.231 4 -0.17435922743601834
68.832 4 -0.17435929478413614
74.533 4 -0.17435928960235453
82.535 4 -0.17435597251967808
91.431 4 0.3888726438476823
96.431 4 -0.1650426732711969
102.131 4 0.5406571201943569
107.631 4 -0.029648340624749414
117.23200000000001 4 -0.17435594261571588
123.73100000000001 4 -0.17435595760104786
132.531 4 0.3948154788609808
139.934 4 -0.16988409184512782
148.032 4 -0.12291697422725745
157.132 4 0.3933276599148432
163.032 4 0.5376005217692068
169.63299999999995 4 -0.17432596359837066
177.035 4 -0.17425044013419907
184.43599999999998 4 0.1650280336664014
190.533 4 0.5467610621342729
200.433 4 0.016396890777176987
206.63299999999998 4 -0.1743585903062672
212.63299999999998 4 0.017081590057429485
219.533 4 -0.17428848063759578
225.033 4 0.8141089521520992
230.033 4 0.1628429385261963
237.033 4 -0.16163988377849706
244.93400000000003 4 -0.17435600215804642
253.333 4 -0.1743261109353661
258.534 4 -0.15525459061679142
264.134 4 0.5452363039695789
270.835 4 0.7680131415591628
275.938 4 -0.1729268070911219
285.0370000000001 4 -0.1742891025035553
290.534 4 0.387390505358584
299.434 4 -0.1743585934781417
305.2340000000001 4 -0.1553328187410274
310.334 4 -0.1742060651422375
318.135 4 -0.16190085106150034
323.334 4 -0.17332137134795153
329.135 4 -0.17332583778801536
338.835 4 0.6466249928925357
346.535 4 0.6480187997362395
353.135 4 -0.148840647306522
358.535 4 -0.14873662633070395
364.135 4 0.5391291832071604
371.735 4 -0.16986512407414905
381.037 4 -0.1740390986019069
388.539 4 -0.17291444485699065
396.13599999999997 4 -0.12271277440310195
403.736 4 0.09125386698719384
410.63599999999997 4 0.013005329660567276
416.036 4 -0.17368161227653067
421.236 4 -0.16153400828965087
429.42900000000003 4 -0.17369036224939702
435.53 4 -0.16822256537477334
441.031 4 -0.17428941139867107
