5.548 1 -0.49821693550871404
13.63 1 -0.49996855274578994
18.730999999999998 1 -0.358740430611501
25.23 1 -0.488203970022849
31.03 1 -0.178669327526186
37.73 1 -0.382856724128562
43.131 1 -0.494260539225784
52.031000000000006 1 -0.45914543750358594
57.531000000000006 1 -0.49429221829697795
65.131 1 -0.449576557817427
72.531 1 -0.460561225088789
77.632 1 -0.393784750602588
85.53299999999999 1 -0.49930370640602
94.635 1 -0.49999981663362303
100.836 1 -0.49339449537326896
107.831 1 -0.49555642384843995
114.432 1 -0.499972851011055
121.83200000000001 1 -0.272022921627376
129.43200000000002 1 -0.387162143294897
138.532 1 -0.265491290411256
143.732 1 -0.499328809849111
152.732 1 -0.49999868119120394
160.93200000000002 1 -0.48243182003054996
166.43200000000002 1 -0.20869878961799695
171.63299999999998 1 -0.49973128258178895
177.033 1 -0.49977512365940296
182.733 1 -0.20105542004774601
191.635 1 -0.499750317204425
197.136 1 -0.485417288546993
203.233 1 -0.45616660210923204
208.233 1 -0.499996473016719
213.933 1 -0.49999634101121704
220.533 1 -0.25984825208914303
227.433 1 -0.284697999362258
237.13299999999998 1 -0.497778110299433
242.333 1 -0.49998786866053996
248.53400000000002 1 -0.49799846693359295
257.434 1 -0.48432270691131
265.23400000000004 1 -0.499254806528098
271.434 1 -0.49996985550668394
277.23400000000004 1 -0.499973830444161
286.535 1 -0.49939882239034006
292.63599999999997 1 -0.483054890292811
302.23400000000004 1 -0.48636181857684396
308.134 1 -0.49814001734611696
315.735 1 -0.49485650726535
321.735 1 -0.2098466634141
330.135 1 -0.49930756899844
335.635 1 -0.49999593728337294
343.135 1 0.041934143197232
348.135 1 -0.4805311026992489
355.835 1 -0.49922693739924295
365.135 1 -0.07677322426904401
370.735 1 -0.481220294910369
378.13599999999997 1 -0.23092189225792498
383.736 1 -0.465582877527742
392.537 1 -0.497695142308839
402.439 1 -0.246183437967191
408.13599999999997 1 -0.38660368693256103
416.124 1 -0.040551945268051
421.725 1 -0.49990999270357306
429.527 1 -0.499995627479386
436.43 1 -0.48684737414343393
442.529 1 -0.499989468358019
