5.548 1 -0.4999992103435779
11.03 1 -0.49999997864934703
17.131 1 -0.4999909974629261
22.831 1 -0.47244208654692
28.930999999999997 1 -0.38114122867042294
34.332 1 -0.499779089997008
43.434 1 -0.497553197237824
52.336000000000006 1 -0.499999759811615
62.031000000000006 1 -0.46258160781750607
69.631 1 -0.09958326309161
75.832 1 -0.49952485859611206
83.531 1 -0.329189773186713
89.03200000000001 1 -0.460079508401572
95.23200000000001 1 -0.260697959532571
100.434 1 -0.498950061179944
106.23200000000001 1 0.0017509993298770001
115.132 1 -0.49999736904660796
120.33200000000001 1 -0.49968463938625796
125.73200000000001 1 -0.49949178249255205
130.733 1 -0.49999995215996795
140.634 1 -0.33670258803483
145.835 1 -0.473835602660174
153.833 1 -0.499999995747439
162.033 1 -0.496463718223573
167.733 1 -0.487673877898324
176.63299999999998 1 -0.416827830020914
183.533 1 -0.49211092801129797
190.933 1 -0.499931894102673
197.63299999999998 1 -0.499980619159775
205.43400000000003 1 -0.49467712104437606
211.233 1 -0.499970795271147
216.834 1 -0.33293281474188297
222.43400000000003 1 -0.461584370601426
228.53400000000002 1 -0.49999123430667103
234.53400000000002 1 -0.334779610380769
242.136 1 -0.488159296929605
247.637 1 -0.4620984935278521
255.13400000000001 1 -0.417838711536116
261.73400000000004 1 0.327293422440231
269.334 1 -0.49949850896897396
277.23400000000004 1 -0.49189404918056195
285.334 1 -0.499955401452891
290.437 1 -0.420853947943966
295.535 1 -0.10596680722005197
301.435 1 -0.498396416081039
308.035 1 0.184194432914898
316.835 1 -0.487835115666375
324.635 1 -0.49930300034482705
333.035 1 -0.49995774579001
342.337 1 -0.267901824407934
349.73800000000006 1 0.0015816200212370002
357.13599999999997 1 -0.499986434125955
363.336 1 -0.49985533139933896
372.43699999999995 1 -0.44103691675106504
377.936 1 -0.499932795905067
387.228 1 -0.49621835264347597
392.829 1 -0.08978094702644501
401.83 1 -0.499505146461678
407.531 1 -0.47452323437525196
414.033 1 -0.38533497570975
423.63699999999994 1 -0.499994025777544
430.537 1 -0.4983310958260971
435.52 1 -0.499933685767326
442.52099999999996 1 -0.499998810066089
