5.545 1 -0.2784042357942
13.735999999999999 1 -0.27418805058059303
22.636 1 -0.477856085248234
29.531 1 -0.25671918588854997
34.732 1 -0.49964741600182794
39.833 1 -0.32028035964938695
45.236000000000004 1 -0.238355642961515
52.736999999999995 1 -0.30548130340656704
62.621 1 -0.498781060040811
71.722 1 -0.49972358214384005
79.123 1 -0.423567284819318
88.825 1 -0.46840749632600504
94.52600000000001 1 -0.44721367454621896
102.12700000000001 1 -0.188687002200221
108.229 1 -0.49851948137021007
113.829 1 -0.49645134928136403
121.23100000000001 1 -0.317550986939669
130.332 1 -0.45614183331070507
136.033 1 -0.493008591704214
141.534 1 -0.49926853954316
147.03799999999998 1 -0.498893990754156
153.222 1 -0.49753402635691596
161.122 1 -0.227660973536288
166.222 1 -0.43362913744565296
171.72299999999998 1 -0.49811215527184494
181.325 1 -0.4998381665477
190.226 1 -0.498065849275886
195.92700000000002 1 -0.128609875446195
202.128 1 -0.49547760758588105
208.229 1 -0.452974037852217
214.731 1 -0.48559860287290796
221.332 1 -0.499504318537798
226.532 1 -0.22882333373325198
233.234 1 -0.328196634937286
238.735 1 -0.48691684608992203
244.53599999999997 1 -0.499975156584443
252.123 1 -0.498866840236403
261.425 1 -0.497707362340582
266.623 1 -0.49998773498535903
272.224 1 -0.38632182299336
278.225 1 -0.49919382182356
283.82599999999996 1 -0.49734762006174
291.428 1 -0.499898076291356
297.528 1 0.086615292360992
303.72900000000004 1 -0.49984204775881
312.531 1 -0.49991404304412795
321.533 1 -0.46688055849976
327.334 1 -0.499967530038286
335.135 1 -0.49899646932674696
344.42699999999996 1 -0.494511019772759
352.426 1 -0.49211159795160203
357.42699999999996 1 -0.35110496898353194
363.324 1 -0.4999052564029
372.225 1 -0.49229935632626504
379.226 1 -0.4023931450194821
387.62800000000004 1 -0.489959037889791
395.029 1 -0.49994453495632296
407.731 1 -0.172811900831685
414.332 1 -0.088038830124101
421.23400000000004 1 -0.48337052012964293
429.035 1 -0.499702638004367
437.126 1 -0.015958253691645
442.526 1 -0.473224486799356
