5.548 1 0.051845928658401
13.431 1 -0.49999983882603793
19.633 1 -0.112257049076578
28.034000000000002 1 -0.482701482465114
34.936 1 -0.487809113739011
43.824 1 -0.438641633104653
52.924 1 -0.479609776200291
62.224 1 -0.4844208965617321
69.925 1 -0.49917545792447
75.426 1 -0.47137490211179295
83.227 1 -0.16542991478281
88.428 1 -0.47463684734716205
95.829 1 -0.499999605269676
100.83 1 -0.499935241086315
109.632 1 -0.135480635618082
115.133 1 0.143042613018573
125.03399999999999 1 -0.49699891429564796
131.735 1 -0.29037409020949495
139.525 1 -0.451495574483237
148.42700000000002 1 -0.49998605098981896
153.525 1 -0.492863731026302
161.526 1 -0.40228722170339204
168.02599999999998 1 -0.4926818801474179
175.627 1 -0.49976801200508103
180.627 1 -0.45765427282155
186.829 1 -0.29160511564815195
192.43 1 -0.49991633871415203
198.53099999999998 1 -0.499949498257759
206.132 1 -0.477371580227171
211.333 1 -0.49965708186321206
217.93400000000003 1 -0.424447673891114
225.335 1 -0.498398027127762
232.92700000000002 1 -0.499955402631644
238.727 1 -0.43268659670528004
244.127 1 -0.4992717927486479
249.627 1 -0.49979664987006606
255.827 1 0.201651124847792
262.72700000000003 1 -0.269030136457534
268.627 1 -0.36411346980737797
274.72700000000003 1 -0.498923839907257
279.828 1 -0.462687637984457
287.33 1 -0.49736848495778596
296.631 1 -0.499960616727205
304.733 1 -0.497983027718119
310.435 1 -0.227011310636478
315.834 1 -0.49891580551471004
324.036 1 -0.490635113309035
329.528 1 -0.49925864991415003
335.528 1 -0.49771659124518397
345.12800000000004 1 -0.4801099524107929
351.228 1 -0.49999763238515205
358.62800000000004 1 -0.49996131540521005
364.329 1 -0.499763822921242
373.329 1 -0.48195076082895505
378.529 1 -0.42392596013406103
385.53 1 -0.48940833907724896
391.131 1 -0.477535677105103
396.73199999999997 1 -0.37885895406512604
403.333 1 -0.49157271388883395
409.134 1 0.33218688865130397
418.836 1 -0.499976648642371
424.529 1 -0.39148573293529704
433.431 1 -0.48921909918796996
442.53 1 -0.14133162759138698
