5.537 1 -0.49976632550085404
11.636000000000001 1 -0.49954594552382203
16.836 1 -0.49999999989546
22.337 1 -0.49999999496840203
29.238000000000003 1 -0.499999999434847
34.923 1 -0.499233338127915
42.724 1 -0.442670672579414
51.625 1 -0.497700933599907
59.527 1 -0.49999999997181604
69.128 1 -0.49999999998825795
75.229 1 -0.49997374805629297
81.031 1 -0.457424821894986
86.23200000000001 1 -0.403557861118302
93.833 1 -0.499999999586761
101.234 1 -0.49999264553545103
108.23700000000001 1 -0.49999999999957206
116.221 1 -0.499999916213134
125.522 1 -0.499848774394419
131.322 1 -0.499999999999666
140.624 1 -0.49999877150524197
147.125 1 -0.49997092909114005
154.827 1 -0.44056169679608503
160.328 1 -0.499999999999993
165.729 1 -0.134106276868584
170.73 1 -0.49999974191432595
179.632 1 -0.49907694254488794
188.733 1 -0.499966311072254
195.437 1 -0.499798351661565
201.635 1 -0.49895179424137
208.222 1 -0.4927729189009771
216.622 1 -0.49999869078980497
222.222 1 -0.13994878350752
228.82299999999998 1 -0.18155865287354603
237.725 1 -0.49999997880375197
243.726 1 -0.499999999999988
250.627 1 -0.49999960117200104
258.428 1 -0.49995392695989505
264.329 1 -0.499999999999916
274.031 1 -0.4848480304371071
279.434 1 -0.499999999953585
286.83299999999997 1 -0.49999985294834004
292.535 1 -0.499985042040423
297.63599999999997 1 -0.499998319888241
302.823 1 -0.499991477222789
310.323 1 -0.012747332767966002
315.823 1 -0.49974123901690604
323.923 1 -0.49999941871819803
330.124 1 -0.420449293149469
337.526 1 -0.4999999213787679
347.42699999999996 1 -0.499016354743117
356.22900000000004 1 -0.33706125002465004
364.43 1 -0.49941738581567696
370.531 1 -0.499999999983941
378.13300000000004 1 -0.49449934116549
387.134 1 -0.490385899174354
393.335 1 -0.493215460557358
398.925 1 -0.49999925403988205
404.425 1 -0.499940875135926
410.025 1 0.25257281276798005
415.125 1 -0.499999999008118
420.125 1 -0.49999993470995
429.225 1 0.189826925504395
436.82599999999996 1 -0.49999705129290606
442.527 1 -0.49985809644505397
