5.55 1 -0.4999138293091939
11.731 1 0.49958995764953495
18.331 1 -0.499999938735218
23.531999999999996 1 -0.472707800031188
29.333000000000002 1 -0.464386863160569
36.934 1 -0.4999999987271161
45.835 1 -0.499936990711705
52.331 1 -0.499997702249003
58.031000000000006 1 -0.499999965092649
64.131 1 -0.37540236522990794
69.631 1 0.003158483708594
75.732 1 -0.49999986201437896
81.132 1 -0.49999999991853794
90.23200000000001 1 -0.497550248552469
97.83200000000001 1 -0.49988941965855005
103.73200000000001 1 -0.49999995226005195
108.73200000000001 1 -0.499999997133104
114.932 1 -0.499999987922836
120.03200000000001 1 -0.49997819929444
125.633 1 -0.49986684392992997
131.334 1 -0.49999723308633903
141.036 1 -0.48769571595894895
148.933 1 -0.495030095347926
157.833 1 -0.499999899105199
162.833 1 -0.49716218795226397
171.733 1 -0.499999547042111
178.63299999999998 1 -0.49999999999703004
188.53400000000002 1 -0.49999580957165396
193.734 1 -0.436902844951087
199.734 1 -0.499999999998681
206.43400000000003 1 -0.49999999999995204
214.234 1 -0.397868500883945
221.834 1 -0.49999596729713497
227.334 1 -0.49975097625575804
233.035 1 -0.296055018323081
238.53599999999997 1 -0.49943930289460897
244.037 1 -0.49940248553810707
249.234 1 -0.499999757825841
258.034 1 -0.49999999980446996
265.434 1 0.06514525668209
271.035 1 -0.499999999995938
280.035 1 -0.49999999997355393
287.835 1 -0.499999668798099
293.435 1 -0.49636115490838
302.735 1 -0.49999761238011203
308.135 1 -0.35049944423765506
317.435 1 -0.49999292235271997
323.535 1 -0.49964614727698103
330.936 1 -0.20327553433708603
337.837 1 -0.37952717815174797
343.63800000000003 1 -0.49999998866741796
352.036 1 -0.49778727809826395
360.13599999999997 1 -0.49999335870152295
367.63599999999997 1 -0.49685840879473997
372.736 1 -0.49999984719689006
380.936 1 -0.499999999963831
387.92900000000003 1 -0.49998906272727794
394.13 1 -0.4999720232783979
401.531 1 -0.074549345887252
408.13199999999995 1 -0.49999999999478706
417.23699999999997 1 -0.4998525471643929
424.93699999999995 1 -0.4999999982591789
434.52 1 -0.499999972798808
442.522 1 -0.4999990427079079
