5.538 1 -0.22316735758846398
11.129 1 -0.21991886548015602
19.230999999999998 1 -0.19661326914052396
27.031999999999996 1 -0.08652155797248799
33.533 1 -0.440462269779005
41.235 1 -0.221546020567904
48.222 1 -0.49946457385574294
55.122 1 -0.072817563973139
61.321999999999996 1 -0.48972160153184
67.123 1 -0.43908970470544
74.024 1 -0.43817807451059704
79.125 1 -0.39021018927560797
84.32600000000001 1 -0.08455967233725199
89.527 1 -0.393298475023748
94.62700000000001 1 -0.04892943043209901
104.229 1 -0.09434109522944101
113.331 1 -0.49402198415097104
120.73200000000001 1 -0.468536985402887
128.233 1 -0.48996540862228205
133.634 1 -0.49985661412931603
138.82299999999998 1 -0.46294338216569
144.523 1 -0.200019435258279
152.123 1 -0.479852848235034
160.023 1 -0.49985545044403396
168.22400000000002 1 -0.49669209144168
174.425 1 0.464910616041436
182.02599999999998 1 -0.062898837571912
190.928 1 -0.48048140635610903
199.829 1 -0.499126570936918
206.43099999999998 1 -0.499733832919213
211.43099999999998 1 -0.330196332308716
218.132 1 -0.433319810161351
224.234 1 0.463230775826501
233.535 1 -0.4662426376335321
239.125 1 -0.49452599232194
248.225 1 -0.494437263696088
257.925 1 -0.488690189100663
264.025 1 -0.498392692645416
271.425 1 -0.398573534745795
280.427 1 -0.442247316571207
286.028 1 -0.44398203230681704
293.42900000000003 1 -0.22959410208797001
298.83 1 -0.332463435969662
308.131 1 -0.4983796673787039
314.133 1 -0.49817177694877707
321.934 1 -0.07865814648307201
329.535 1 -0.47936846025010704
337.926 1 -0.48063551861908793
347.82599999999996 1 -0.46379914451857396
354.426 1 -0.49822984699254297
360.526 1 -0.490281600583141
366.227 1 -0.498405613373941
371.92699999999996 1 -0.31369223190753304
376.92699999999996 1 -0.49820104584504404
385.72900000000004 1 -0.09823325545079101
394.63 1 -0.072734062527217
400.131 1 -0.49903020625853495
406.332 1 -0.198319082643543
411.833 1 -0.09628869018776
417.634 1 -0.46728163361797204
423.535 1 -0.23435206819446203
429.028 1 -0.4367563914701
434.528 1 -0.387817318535387
442.528 1 -0.496947162230855
