5.553999999999999 1 -0.323248649644734
11.635 1 -0.499738100676667
19.835 1 -0.31974237957346197
24.936 1 -0.311228716728546
31.537 1 -0.46650533384917403
37.238 1 -0.46828970049628205
43.93600000000001 1 -0.213352514190161
49.43600000000001 1 -0.488780229243094
55.236000000000004 1 -0.31969195155543295
61.236000000000004 1 -0.49697166795827097
70.336 1 -0.46753651612599606
76.036 1 -0.49946023018341296
83.029 1 -0.49411729752358
88.73 1 -0.21342228507112
97.632 1 -0.493826728417769
106.53299999999999 1 -0.44136116215072707
115.537 1 -0.224782854995328
122.12 1 -0.43530426932383903
129.821 1 -0.194902024407844
136.722 1 -0.48252772575114294
142.32299999999998 1 -0.499709185911008
148.424 1 -0.49911234689811795
155.325 1 -0.32675001810423904
164.92700000000002 1 -0.3853790101690271
172.328 1 -0.49709128582027207
179.73 1 -0.48886956062407205
189.03099999999998 1 -0.39930794845983
196.833 1 -0.4007626191516379
204.234 1 -0.09043704340461399
212.03799999999998 1 -0.38861996248730896
217.22099999999998 1 -0.498186470335704
222.222 1 -0.205087439366305
227.322 1 -0.48913335650995704
233.122 1 -0.437707528716931
238.32299999999998 1 -0.38455604496222706
248.225 1 -0.304960805546379
257.927 1 -0.334706297380358
266.828 1 -0.46265382928726
274.43 1 -0.08259510261297799
280.931 1 -0.49702009261454605
288.932 1 -0.3909978147078
295.133 1 -0.489046118866125
300.534 1 -0.46597795363576294
306.735 1 -0.48921990695836404
315.52299999999997 1 -0.44268566567923406
323.423 1 -0.494699248852721
332.523 1 -0.496718637933166
337.524 1 0.32442190709244895
345.626 1 -0.434813369922416
351.12699999999995 1 -0.060908777606464
358.62800000000004 1 -0.481529262264718
366.22900000000004 1 -0.49909789142597993
372.13 1 -0.4819638531413689
377.731 1 -0.23118603625718698
383.93199999999996 1 -0.498353299851864
389.533 1 0.21664718997285898
395.034 1 -0.38941757897790996
403.436 1 -0.465183304401616
412.724 1 -0.49950994200561205
420.325 1 -0.07083823306504201
425.724 1 -0.10211307195699601
430.925 1 -0.080627907613834
436.425 1 -0.4677894791692229
442.526 1 -0.49020348976944106
