5.5489999999999995 1 0.391170194494652
10.532 1 -0.49999998169317206
19.333 1 -0.499192792032772
25.334 1 -0.49999999999587497
31.535 1 -0.39462897272438796
38.426 1 -0.499995865807195
45.827 1 -0.499999999960439
54.727 1 -0.499999999592136
60.427 1 -0.482612113622994
66.527 1 -0.49747550623639897
72.127 1 -0.345710228833063
81.127 1 -0.4990329238514
91.03 1 -0.47630319712762603
97.531 1 -0.499999990736964
105.53200000000001 1 -0.499544587043448
112.53299999999999 1 -0.499793211306858
118.234 1 -0.49999923565022
123.835 1 -0.49995418144543396
130.528 1 -0.49999999822433
136.028 1 -0.49802034740798207
145.128 1 -0.499991829497918
150.22799999999998 1 -0.49999999802080297
156.028 1 -0.305574695776445
161.72899999999998 1 -0.499961761578808
166.729 1 -0.161037977189548
172.929 1 -0.499163084767813
182.52900000000002 1 -0.499999553040378
189.93 1 -0.499999599002674
198.832 1 -0.499999999991236
206.63299999999998 1 -0.49960590924556897
212.43599999999998 1 -0.49999995967264793
220.035 1 -0.49999999957711205
225.43099999999998 1 -0.47545179169630997
233.329 1 -0.4819831989883421
239.43099999999998 1 -0.479236666925005
246.93 1 -0.49532459948739604
255.13 1 -0.499999955050327
262.93 1 -0.423515548307626
270.53 1 -0.49999917830620105
276.433 1 -0.49794757988998706
282.53 1 -0.4999999922694821
288.131 1 -0.49957635577008097
293.33099999999996 1 -0.169094927498363
301.434 1 -0.4999998244317321
306.634 1 -0.49999020977291203
315.035 1 -0.49998133879261897
320.531 1 -0.490801846334956
327.435 1 -0.499999998158926
332.931 1 -0.49999999828741
338.131 1 -0.49998065145172105
347.231 1 -0.4999999823435179
352.33099999999996 1 -0.49906724701407795
361.631 1 -0.499999956647156
369.032 1 -0.340931213132359
378.33099999999996 1 -0.499999923131126
383.73199999999997 1 -0.49999981126001897
390.332 1 -0.48321944981154397
398.033 1 -0.4960950978013621
403.534 1 -0.499992399693562
412.436 1 -0.49982741743357895
420.032 1 -0.49996311994179904
426.63199999999995 1 -0.479959498478655
436.333 1 -0.49983354737793795
442.532 1 -0.49999999999908595
