5.551 1 -0.41793780633543104
14.834000000000001 1 -0.48902677565461206
22.234 1 -0.497989506628918
27.835 1 -0.45105200299923504
36.936 1 -0.499286393483868
43.63399999999999 1 -0.499971346454947
49.333999999999996 1 -0.49570645294031396
55.535 1 0.167332864915263
63.135 1 -0.498326921243505
71.235 1 -0.49920790146909794
78.735 1 -0.49962978475298797
85.735 1 -0.17008131555059303
93.535 1 -0.498855825428738
99.535 1 -0.499458455714774
105.335 1 -0.49608245798119
110.335 1 -0.48038952916118505
119.13600000000001 1 -0.362674280757997
127.336 1 -0.476519710945627
136.237 1 -0.313070231881284
141.738 1 -0.49996512640585994
149.336 1 -0.48229977102647104
159.224 1 0.032848173175535005
164.636 1 -0.49435188090590904
171.52700000000002 1 -0.41890540177644203
177.72799999999998 1 0.228026318207987
183.43099999999998 1 -0.49074148213521995
189.33 1 -0.45569083496322205
194.53099999999998 1 -0.27914846660507203
200.632 1 -0.49997825888762804
208.63299999999998 1 -0.45623450808797206
214.737 1 -0.499549452641339
222.438 1 -0.498454768884528
228.02 1 -0.05873133795879099
234.62099999999998 1 -0.49678059115349704
240.722 1 -0.42550401054238496
249.824 1 -0.430778183448428
254.925 1 -0.49702474149944
261.526 1 -0.499789459097212
266.527 1 -0.10052695852427
272.028 1 -0.498943299848099
278.529 1 -0.49969579809422904
285.432 1 -0.48783353282551706
290.931 1 0.187438886360485
299.83299999999997 1 -0.437241435665664
309.134 1 -0.339380901627411
318.038 1 -0.21208257448542103
323.222 1 -0.46928342328528905
332.92199999999997 1 -0.25063075201851
340.32300000000004 1 0.081282692142827
345.524 1 0.006786979138445
353.125 1 -0.48383079307155796
362.12699999999995 1 -0.49980796606298106
367.92800000000005 1 -0.4999837071693449
373.029 1 -0.4998921452235471
378.53 1 -0.32842661020357
388.131 1 -0.4868451013998789
396.033 1 -0.41177802480365394
401.436 1 -0.19285351438711
407.035 1 -0.41699840706385605
412.736 1 -0.314948506847699
420.12300000000005 1 -0.14659838270971398
427.923 1 -0.499989842693526
434.12300000000005 1 -0.452217371518277
442.524 1 -0.4998560832632779
