5.5489999999999995 1 -0.4574529092880129
13.232000000000001 1 -0.178510096633564
21.634 1 -0.196628713668595
31.336 1 -0.47350041932938597
37.928000000000004 1 -0.48265962488732794
43.828 1 -0.44756128467400297
53.428000000000004 1 0.36215004648717103
59.028 1 -0.208094988976341
65.22800000000001 1 -0.4957258623423029
72.829 1 -0.33090926299687395
78.829 1 0.050766481075659
86.329 1 0.136593548672485
94.13 1 -0.31043951237146505
103.23100000000001 1 -0.496558891005863
108.432 1 -0.481731943818105
113.53299999999999 1 -0.391460115402747
119.03399999999999 1 -0.218940188719343
124.535 1 -0.28911609006842603
132.129 1 -0.476146573140685
137.83 1 -0.450220986998209
143.33 1 -0.49524112666989
150.73 1 -0.494090983224346
156.83 1 -0.399357403944504
162.53 1 -0.136178468386875
170.33 1 -0.141612392421474
176.83 1 -0.47965678855395005
182.53 1 -0.201583285489626
187.73 1 0.18491245423341798
195.831 1 -0.36561958108226894
200.832 1 -0.489853120462809
208.733 1 -0.4867406550859679
217.835 1 -0.250966687957486
224.53099999999998 1 -0.42134697457419396
231.93099999999998 1 -0.49439463598876393
237.731 1 -0.33823393699663296
246.63099999999997 1 -0.408712959920211
254.63099999999997 1 -0.47610477011442
259.83099999999996 1 -0.408861652186603
269.132 1 -0.470466918028143
274.532 1 -0.21293946294341395
281.932 1 -0.154125654408418
291.232 1 -0.383452742913033
297.432 1 -0.365828101767775
306.434 1 0.030852266528644
311.935 1 -0.48354098662804795
318.936 1 -0.18452521335675798
324.732 1 -0.322800373897925
330.332 1 -0.46157213682992204
339.233 1 -0.128903249425987
348.13300000000004 1 -0.487439513085775
355.733 1 -0.46542695428137293
362.63300000000004 1 -0.135763185264131
372.533 1 -0.050322616973445
378.63300000000004 1 -0.48870990115817303
385.533 1 -0.4131624839591911
390.533 1 -0.27028060904483703
399.334 1 0.017171094328187
404.435 1 -0.468961580297942
410.536 1 -0.036713712076534
417.13699999999994 1 0.003912553696752
425.334 1 -0.421216886396296
430.934 1 -0.173350801972762
436.334 1 -0.148368749348113
442.534 1 -0.432475637100067
