5.542 1 -0.5
11.135 1 -0.499999999948251
20.835 1 -0.5
30.735 1 -0.499999992994948
36.435 1 -0.5
41.936 1 -0.49999999999996797
48.035 1 -0.5
56.036 1 -0.5
61.93600000000001 1 -0.5
67.036 1 -0.499646307385476
72.219 1 -0.230248996226498
79.12100000000001 1 -0.499999999210836
86.72200000000001 1 -0.49999974415454707
92.42299999999999 1 -0.5
98.524 1 -0.4999995443083
104.725 1 -0.5
112.32600000000001 1 -0.5
118.32700000000001 1 -0.49999999998961603
125.229 1 -0.5
130.83 1 -0.5
138.731 1 -0.5
147.63299999999998 1 -0.48039370902659295
155.234 1 -0.49997984153759495
160.83700000000002 1 -0.499999948663398
165.838 1 0.030592011245876002
174.021 1 -0.49969267246980803
179.22099999999998 1 -0.499999999999933
185.023 1 -0.5
194.324 1 -0.5
203.62599999999998 1 -0.5
211.327 1 -0.49999853251890997
216.72799999999998 1 -0.5
221.729 1 -0.5
226.83 1 -0.5
235.731 1 -0.49999993097104795
242.433 1 -0.5
249.834 1 -0.49999999999992295
257.935 1 -0.49727857969804207
263.122 1 -0.4999869739822321
271.922 1 -0.20168313450131503
280.923 1 -0.4999892456472129
287.92400000000004 1 -0.5
296.325 1 -0.5
302.527 1 -0.49980139057276396
311.628 1 -0.49999999999819
319.029 1 -0.489987207517052
326.83099999999996 1 -0.5
332.332 1 -0.49869034477517
338.033 1 -0.5
344.13300000000004 1 -0.4999990517477
349.935 1 -0.5
359.523 1 -0.5
366.124 1 -0.499999999961515
371.624 1 -0.499997386241136
377.124 1 -0.5
382.524 1 -0.5
391.626 1 -0.49999985107996797
397.827 1 -0.49999999987606397
405.228 1 -0.5
413.029 1 -0.499524470764384
419.53 1 -0.5
427.032 1 -0.499999999919916
433.63300000000004 1 -0.499938318134709
442.534 1 -0.499991582854522
