5.548 1 -0.5
12.432 1 -0.499965664596036
17.933 1 -0.5
22.934 1 -0.5
32.635000000000005 1 -0.5
40.126 1 -0.5
46.027 1 -0.5
53.626999999999995 1 -0.5
61.827 1 -0.5
68.42699999999999 1 -0.5
75.127 1 -0.5
80.127 1 -0.5
85.62799999999999 1 -0.5
91.329 1 -0.5
96.831 1 -0.5
102.031 1 -0.5
107.132 1 -0.5
115.23299999999999 1 -0.5
122.835 1 -0.5
128.936 1 -0.5
136.328 1 -0.5
144.028 1 -0.5
153.928 1 -0.5
161.72799999999998 1 -0.5
167.328 1 -0.5
176.229 1 -0.5
181.929 1 -0.5
187.53 1 -0.5
194.53099999999998 1 -0.5
203.433 1 -0.5
212.234 1 -0.5
220.635 1 -0.5
226.737 1 -0.5
234.12900000000002 1 -0.5
240.33 1 -0.5
245.729 1 -0.5
254.62900000000002 1 -0.5
259.829 1 -0.5
267.73 1 -0.5
272.93 1 -0.5
278.03 1 -0.499999999973248
285.83 1 -0.5
293.231 1 -0.5
300.832 1 -0.5
308.834 1 -0.5
318.437 1 -0.5
324.432 1 -0.5
333.73 1 -0.5
343.031 1 -0.5
348.731 1 -0.5
355.631 1 -0.5
361.83099999999996 1 -0.5
368.33099999999996 1 -0.5
374.531 1 -0.5
380.131 1 -0.5
386.73199999999997 1 -0.5
392.832 1 -0.5
401.834 1 -0.5
407.635 1 -0.5
416.73199999999997 1 -0.5
422.532 1 -0.5
427.93199999999996 1 -0.5
433.434 1 -0.5
442.532 1 -0.5
