5.543 1 -0.169631424033611
11.627 1 -0.48544686092267497
16.828 1 -0.49548981325858793
22.329 1 -0.485240545064269
29.23 1 -0.49318782357979996
34.931 1 -0.158889264985233
42.733000000000004 1 -0.211783956163996
51.63399999999999 1 -0.47267669331485895
59.52 1 -0.49772818710801797
69.12100000000001 1 -0.497929933914591
75.222 1 -0.315736520315439
81.023 1 -0.220932874101017
86.22399999999999 1 -0.239292292424892
93.825 1 -0.49287629787459003
101.226 1 -0.49629530176603204
108.227 1 -0.49928016434779204
116.229 1 -0.470966874921004
125.531 1 -0.286057915514092
131.332 1 -0.499400626786549
140.63299999999998 1 0.41389362447528294
147.134 1 -0.4941457974922871
154.822 1 -0.425162249490216
160.322 1 -0.499818653738126
165.722 1 -0.311070596567263
170.722 1 -0.462071871023071
179.623 1 -0.061388892560655994
188.725 1 -0.286585597159816
195.426 1 -0.48940558000415796
201.627 1 -0.168936276162548
208.22799999999998 1 -0.026333293410965
216.63 1 -0.430242432838791
222.231 1 -0.349851966525933
228.832 1 -0.395199502921807
237.733 1 -0.48146840542107106
243.735 1 -0.499791776760659
250.623 1 -0.43330421945602904
258.42400000000004 1 -0.29404710747388596
264.324 1 -0.499621435079082
274.024 1 0.10929417366937401
279.42400000000004 1 -0.49672574318601204
286.82599999999996 1 -0.46680589773007797
292.527 1 -0.335614640038833
297.627 1 -0.4173716870494821
302.828 1 -0.35373284296231106
310.33 1 0.360985531807359
315.83099999999996 1 -0.48730182974725894
323.932 1 -0.448431949149628
330.13300000000004 1 -0.428220892663049
337.535 1 -0.463790984892527
347.425 1 -0.11658762126825599
356.225 1 -0.403626764760959
364.425 1 -0.48257086928871507
370.525 1 -0.498020900228427
378.125 1 -0.47008756002157703
387.126 1 -0.465804999115137
393.327 1 -0.030675894031557998
398.92900000000003 1 -0.438696123337795
404.42900000000003 1 -0.262464039440133
410.03 1 -0.288974043686806
415.131 1 -0.49218588479121606
420.13199999999995 1 -0.47571031438139
429.23400000000004 1 -0.28137934303384804
436.835 1 -0.406271015942752
442.536 1 -0.245173949678091
