5.527 1 -0.26842084690757395
12.927 1 -0.011229883978565
18.928 1 -0.15499264389780498
24.129 1 -0.231826803594114
33.230999999999995 1 -0.44718230265235903
39.132 1 -0.19195023780176398
44.633 1 -0.10454117927533699
52.434 1 -0.497079767122221
61.425 1 -0.3797648398706371
66.925 1 -0.494826470764969
72.325 1 -0.4326262974607021
77.925 1 0.084166836117438
83.625 1 0.4227766627404871
88.725 1 -0.058505406943654005
94.425 1 -0.135651036386215
101.32600000000001 1 0.394553054005809
106.527 1 -0.48866235096297794
113.428 1 0.05829658650346099
122.73 1 0.355006089606535
127.73100000000001 1 -0.11085006523944098
135.532 1 -0.492091861832861
144.434 1 -0.46892155883928904
151.835 1 -0.21937574438368498
157.42600000000002 1 -0.15020219736157098
165.026 1 -0.3385712781926519
170.226 1 -0.48376990003209397
175.327 1 -0.310326166540065
184.227 1 -0.454073987677233
193.92700000000002 1 -0.49225592853515404
199.727 1 -0.462685496601049
205.928 1 -0.32905035661942
214.02900000000002 1 -0.443919609129581
220.13 1 0.22362154104319698
227.732 1 -0.23595336356483101
235.733 1 -0.244083364779273
243.63400000000001 1 -0.15956169374966198
251.328 1 -0.49079425056853704
257.928 1 -0.49040068972492
266.128 1 -0.37463874047369705
276.028 1 -0.36507424249397097
282.528 1 -0.357606010155961
291.428 1 -0.39839615564334796
297.628 1 0.09567985212665901
307.22900000000004 1 -0.210765933553249
312.63 1 -0.436501824008408
319.33099999999996 1 -0.105815562319549
326.932 1 -0.48236372635340996
331.93300000000005 1 -0.335690396464244
338.134 1 -0.38842228071796797
346.92900000000003 1 -0.41112432436155
356.22900000000004 1 0.04785094847280501
361.72900000000004 1 0.303745531703617
367.42900000000003 1 -0.44822946835519606
373.029 1 -0.481993885551483
378.83 1 -0.40939834227816096
386.33 1 0.326799917045336
393.33 1 -0.48624793695848295
399.43 1 -0.259843549488287
406.03 1 0.425734835600414
415.131 1 -0.435233644936301
422.532 1 -0.455890570868034
428.033 1 -0.47819071181146994
436.435 1 -0.326034811997432
442.536 1 0.009897093742016999
