5.5680000000000005 1 -0.19185121464437
13.332 1 -0.488521251214356
21.031 1 -0.49278066973894297
29.031999999999996 1 -0.427006607377692
37.931999999999995 1 -0.49756357702972903
45.431999999999995 1 0.389935211790919
52.032 1 -0.48983437737366
61.333 1 -0.26605435398258204
67.335 1 -0.257218001820083
73.036 1 -0.32461145018545595
81.932 1 -0.382460889674133
91.23299999999999 1 -0.492473468108152
96.73299999999999 1 -0.473415291306956
101.833 1 0.335076920223107
107.03299999999999 1 -0.27349391251717703
114.633 1 -0.486149119652001
123.633 1 -0.36911201631101204
129.733 1 -0.49735900061499605
137.13299999999998 1 -0.49974503455493396
142.734 1 -0.49842301972626
149.63299999999998 1 -0.212669252671117
156.634 1 -0.48500052918351205
165.035 1 0.14458401985061803
172.937 1 -0.49963994941017503
180.334 1 -0.428116753995535
190.234 1 -0.499665668128651
196.93400000000003 1 -0.496938185597555
202.03400000000002 1 -0.49360968417716494
208.53400000000002 1 0.15565560171654402
215.43400000000003 1 -0.137183805931295
221.63400000000001 1 -0.49993737178437503
230.535 1 -0.451545952592206
236.035 1 -0.4997906046132679
241.235 1 -0.44957322906751296
248.635 1 -0.478946406029037
254.735 1 -0.491844990112416
263.836 1 -0.18137786505393502
272.938 1 -0.49914791547838794
278.33799999999997 1 -0.458211197421053
286.536 1 -0.47142795921219105
293.135 1 0.19725224928185
302.836 1 -0.291573556689506
311.63599999999997 1 -0.47626057643765396
317.236 1 -0.49783010170514597
323.436 1 -0.49578934935762303
331.036 1 -0.49055389777989594
336.93199999999996 1 -0.138730221667966
342.13300000000004 1 -0.47324147824362
349.93699999999995 1 -0.358449516715952
355.43699999999995 1 -0.49950434931217896
363.02 1 -0.39240430016692796
369.221 1 -0.306135959112202
375.022 1 -0.45690451176662394
380.023 1 -0.34919936283247904
386.124 1 -0.41045338051358
391.625 1 0.44423348162665205
396.625 1 -0.499270149020046
402.226 1 -0.470521832017411
411.82800000000003 1 -0.492229434519587
417.53 1 -0.31111167979039
423.23 1 -0.49930013411574997
429.032 1 -0.328263159170178
437.13300000000004 1 -0.498141027025603
442.534 1 -0.45794227366759704
