5.543 1 -0.49992361485365505
14.427999999999999 1 -0.49980367238923995
22.629 1 -0.49979772173130105
28.83 1 0.39873522020552704
34.631 1 -0.49909652782416797
39.832 1 -0.47505011393013596
49.13399999999999 1 -0.490477966290285
58.826 1 -0.499925120555345
67.726 1 -0.49910546941978706
72.926 1 0.4835588969818279
81.82600000000001 1 -0.48387778239074797
87.52600000000001 1 -0.352893311301652
96.32600000000001 1 -0.49999845510239505
104.427 1 -0.49861765126056107
110.12799999999999 1 -0.499101009728841
116.229 1 -0.49965867816022796
123.83 1 -0.49946975295288304
131.631 1 -0.49382042953702293
137.233 1 -0.35100986272687607
146.234 1 -0.18428600118200897
151.635 1 -0.4744374434637679
158.327 1 -0.436234880166291
165.227 1 -0.49999941084631705
170.22799999999998 1 -0.498596883265075
176.127 1 -0.49980464700845
181.22799999999998 1 -0.499923233721361
187.328 1 0.182131363549213
193.928 1 0.062230308984541995
199.72799999999998 1 -0.4963290547139829
207.328 1 -0.49980170854228495
213.52900000000002 1 -0.43770463523131
219.53 1 -0.499951807668248
227.332 1 -0.49992623032313005
235.233 1 0.27192678280869503
240.234 1 -0.49999592871168
245.735 1 -0.05363670152537099
252.329 1 -0.435337578824692
257.92900000000003 1 -0.49388126848571895
263.629 1 -0.499487900944903
271.129 1 -0.49768087827188595
280.22900000000004 1 -0.499972006029171
285.72900000000004 1 -0.396908734935285
293.129 1 -0.43653139331396706
302.72900000000004 1 -0.348467705921383
308.22900000000004 1 0.26928711363927
318.131 1 -0.347183321648423
325.532 1 -0.437994766531024
333.934 1 -0.475883870917791
341.335 1 -0.39458467278788895
350.63 1 -0.49998171235969396
358.63 1 -0.49999977865382395
364.03 1 -0.49946177977959105
370.531 1 -0.265734405659079
375.73 1 -0.490571400175009
381.931 1 -0.499989163584348
387.531 1 0.262143905179663
393.031 1 -0.499998439645886
400.031 1 -0.34782662563379196
405.131 1 -0.434428535027324
414.231 1 -0.499998470405795
421.833 1 -0.438283635521787
427.93300000000005 1 -0.499981621106124
434.835 1 -0.490524797297891
442.536 1 -0.484112946619976
