5.544 1 -0.5
11.736 1 -0.49999307869616705
18.227999999999998 1 -0.49999999999999895
26.029 1 -0.495845311529958
31.831 1 -0.49999999974431203
40.732 1 -0.49999999999999895
48.534 1 -0.499999999999858
56.037 1 -0.499999896953376
61.137 1 -0.456215849572059
66.72 1 -0.49999999999999395
73.321 1 -0.499999999914649
78.52199999999999 1 -0.498138453257324
87.823 1 -0.499968989523476
96.725 1 -0.5
102.426 1 -0.5
111.228 1 -0.499745908522818
116.728 1 -0.498198483350758
124.13 1 -0.49995085373843395
129.83100000000002 1 -0.5
135.332 1 0.49492364262549393
141.033 1 -0.499999994866993
147.734 1 -0.499999999999905
156.839 1 -0.497724328468709
166.422 1 -0.5
174.322 1 -0.49996207537520604
180.924 1 -0.499999999999366
185.924 1 -0.499999999998446
193.525 1 -0.49993989624791396
199.62599999999998 1 -0.49999999999998906
204.72799999999998 1 -0.5
210.929 1 -0.494622518341
220.831 1 -0.499999655230534
228.832 1 -0.4999999998290461
234.733 1 -0.499999999300498
242.834 1 -0.499239202279906
248.035 1 -0.499999999999986
253.53599999999997 1 -0.265199769544192
258.52299999999997 1 -0.499999982826177
263.723 1 -0.5
271.124 1 -0.499999453590008
279.324 1 -0.5
284.825 1 -0.499998110812914
293.22700000000003 1 -0.49999999372248605
302.528 1 -0.499998736883151
309.529 1 -0.499996905958365
317.131 1 -0.5
324.032 1 -0.499999998286546
329.63300000000004 1 -0.499999155475995
335.73400000000004 1 -0.299421766754035
345.436 1 -0.47634861634642295
354.524 1 -0.5
360.625 1 -0.5
366.825 1 -0.49999999999999106
374.225 1 -0.499907107459803
379.825 1 -0.499991535465099
386.726 1 -0.48057694850442895
395.62800000000004 1 -0.49999999999884004
401.42800000000005 1 -0.499999873977059
409.13 1 -0.5
414.531 1 -0.498526449270542
422.13199999999995 1 -0.49999999790449606
431.134 1 -0.499996216082059
437.135 1 -0.498477330978935
442.536 1 -0.49999999999767497
