5.547 1 0.406592479773437
11.727 1 -0.4917874754388929
18.227 1 -0.455944016156218
25.127 1 0.47561355859960996
33.929 1 -0.478594264589224
39.43 1 -0.45866957860826396
47.032 1 -0.49889116780629406
56.033 1 -0.49687514833740204
63.434 1 -0.49636386263282106
69.135 1 -0.219451356034462
74.128 1 -0.042517068419941004
83.428 1 -0.49897030301253403
88.62899999999999 1 -0.42861462813566903
96.32799999999999 1 -0.34382419479967996
102.329 1 -0.49766665975882396
109.229 1 0.28917507502086603
114.229 1 0.186171528885511
123.12899999999999 1 -0.497097744910535
129.72899999999998 1 -0.49905445129512804
135.231 1 -0.499507374215146
141.431 1 -0.49992937448727703
147.332 1 0.4722295736885
152.834 1 0.104127223797457
158.635 1 -0.480093082280919
167.53599999999997 1 -0.49974999473922604
173.63 1 -0.36757410471698604
182.03 1 -0.499888982101181
189.03 1 -0.49581626779367605
194.43 1 -0.405962871085883
202.53 1 -0.499664951076025
208.73 1 0.025919368587063996
217.83 1 -0.488275250729219
225.731 1 -0.48637608713857
235.63099999999997 1 -0.432446870327071
243.833 1 -0.4733067359453979
253.535 1 -0.49298948692399897
258.935 1 -0.45896228391655197
267.83099999999996 1 -0.490381365313319
275.232 1 -0.49608519989970506
280.732 1 0.23271694997388198
286.832 1 -0.261423451374883
292.932 1 -0.49990534420629607
298.032 1 -0.499881324454832
303.732 1 -0.310517935624912
311.132 1 -0.483286276790244
316.732 1 -0.30006003454287605
324.332 1 -0.39396426815710606
330.032 1 -0.499786836794298
337.532 1 -0.441824710798654
342.733 1 -0.368423409712198
350.335 1 -0.4966603007846311
358.336 1 -0.45625514331780503
366.13300000000004 1 -0.49998005113582394
372.833 1 -0.497872906929814
377.93300000000005 1 -0.42983973129815994
383.733 1 -0.49873310618478706
390.333 1 -0.377871768266516
398.13300000000004 1 -0.032407567120582
407.434 1 -0.48285286651315706
413.034 1 -0.428121689773079
418.23400000000004 1 -0.07994025359479599
423.834 1 -0.49522198247915095
433.434 1 -0.49440059267728403
442.534 1 -0.135552196155333
