5.546 1 -0.499957768803534
14.33 1 -0.488512128306018
21.930999999999997 1 -0.499523186826537
27.531999999999996 1 -0.48817049826740205
33.133 1 -0.377740813775243
41.234 1 -0.11139792940020801
46.325 1 -0.4995506278219029
52.225 1 -0.49968144344144105
61.925 1 0.09721912460118301
68.825 1 -0.49999921967838795
75.02600000000001 1 -0.332868039071761
82.425 1 -0.49998780118592406
89.426 1 -0.4999916934626079
95.62700000000001 1 -0.49953711052996896
101.12799999999999 1 0.009809239464635
108.729 1 -0.379784530881211
114.531 1 -0.49651793646025705
121.132 1 0.41487690241255604
126.333 1 -0.49758046780902504
135.634 1 -0.499957324461202
143.626 1 -0.279354599435573
150.526 1 -0.475548528032261
156.02700000000002 1 -0.4999973774446779
165.327 1 -0.338378032882153
170.42700000000002 1 -0.263679294673825
178.327 1 0.32595952963989
183.727 1 -0.106830554283271
189.127 1 -0.49999995433388794
195.628 1 -0.49984941138706795
201.729 1 -0.462410233394636
209.93099999999998 1 -0.321655999303997
216.632 1 -0.499998854031302
224.433 1 -0.499999995835456
233.535 1 -0.494314915031756
241.028 1 -0.4999361148008011
248.428 1 -0.49191445110771
253.428 1 -0.499979829279829
261.028 1 -0.45905653551086
266.728 1 -0.49893017713384397
275.628 1 -0.460931681175979
284.629 1 -0.49999977460459394
290.128 1 -0.46202972787667795
299.03 1 -0.49953224223429904
304.631 1 -0.49665440514132597
314.232 1 -0.49997037784992704
324.134 1 -0.017216283145679
329.835 1 -0.49978532247553004
338.92900000000003 1 -0.49999434383725105
344.129 1 -0.498445986538174
353.03 1 -0.334319980744883
359.13 1 -0.47382792460111
364.33 1 -0.472554075459584
371.73 1 -0.492296843309754
377.23 1 -0.49993798109846993
383.83 1 -0.41568852141458007
389.93 1 -0.44575173866831197
396.13 1 -0.41337102790190006
403.931 1 -0.488727942170671
409.73199999999997 1 -0.499271279695951
415.43300000000005 1 -0.49993979287870294
423.135 1 -0.498301666488012
429.131 1 -0.193877208466878
434.131 1 -0.499999979444952
442.531 1 -0.49999118598486
