5.553 1 -0.49647875005986897
11.236 1 -0.49999999931620204
17.436 1 -0.499999987645786
22.635 1 0.498576917567818
27.736 1 -0.498494218580976
35.836 1 -0.499996682255058
41.336 1 -0.499999642992945
50.43899999999999 1 -0.10283798745144801
57.036 1 -0.19821513123088003
62.836000000000006 1 -0.499999999959266
68.437 1 -0.499947816659614
74.622 1 -0.49999998906082005
82.32300000000001 1 -0.472204346426061
89.225 1 -0.499999856021841
94.426 1 -0.49284277352636097
100.126 1 -0.47489876332544
106.32700000000001 1 -0.047587442048475995
115.229 1 -0.342031429041679
121.23 1 -0.4999994943835889
128.832 1 -0.30954319516556894
134.93200000000002 1 -0.49961990144228896
141.033 1 -0.49999235624190896
147.537 1 -0.49999999990615296
152.938 1 -0.49990574189070097
158.121 1 -0.4997791607957271
165.722 1 -0.287259051117435
171.123 1 -0.498994765652361
176.22299999999998 1 -0.49999796050727097
181.72400000000002 1 -0.47530941381867
187.225 1 -0.499999986047711
192.226 1 -0.499381821121115
199.227 1 -0.077513427603745
208.52900000000002 1 -0.4999999965410539
214.03 1 -0.499956334605998
222.832 1 -0.4087584798415879
229.532 1 -0.499736090115948
237.03400000000002 1 -0.49999999783743604
244.935 1 -0.499998584103885
254.52200000000002 1 -0.499999980239866
263.822 1 -0.499999995588315
272.724 1 -0.017313397278364
278.524 1 -0.49999999728804106
288.226 1 -0.407346114912216
295.828 1 -0.499011610716514
303.22900000000004 1 -0.396600172125402
313.13 1 -0.4999997200914679
319.031 1 -0.499978954215317
326.83299999999997 1 -0.46820466077710904
335.735 1 -0.49999999999194705
342.635 1 -0.499993231741039
349.223 1 -0.49999999999287004
357.224 1 -0.4999958393928611
366.324 1 -0.49999995661498
374.525 1 -0.211748175681291
380.126 1 -0.46872131160672703
385.12699999999995 1 -0.499844059135926
390.728 1 -0.417078558574034
399.72900000000004 1 -0.499915113415111
407.13 1 -0.131568258408411
415.532 1 -0.49968192833896297
421.233 1 -0.49997315747909205
429.034 1 -0.499981364724298
436.43699999999995 1 -0.49999711154091403
442.525 1 -0.280542189455674
