5.5489999999999995 1 -0.238717083997121
14.432 1 0.082208735923812
23.234 1 -0.343255801082104
30.635 1 0.24262584337504997
38.726 1 -0.453421398125277
44.226000000000006 1 -0.434319020140912
52.026 1 -0.406425518383215
58.026 1 -0.495096325892678
67.726 1 -0.31129800194473306
81.72800000000001 1 0.29710869170538395
87.329 1 -0.3820163563013039
93.43 1 -0.49404699537619895
99.631 1 -0.46622254169591293
105.33200000000001 1 -0.376144623130151
111.93299999999999 1 -0.45210632832365794
117.434 1 -0.49174689960879403
123.535 1 0.449523161805306
129.236 1 -0.27456637877102597
138.327 1 -0.43642840526979404
143.827 1 -0.49908225452754296
152.02700000000002 1 -0.49191181001156503
157.22799999999998 1 -0.478161025096314
162.72799999999998 1 -0.090672188308348
170.628 1 -0.393038485927044
179.928 1 -0.49018774880731003
187.93 1 -0.482470185452171
192.93099999999998 1 -0.44127538196628996
197.93200000000002 1 -0.4407830393271
205.63299999999998 1 0.162712156759211
214.03400000000002 1 0.17939704970440698
221.636 1 -0.156149489451038
228.329 1 0.10260172324830498
245.729 1 -0.47877662935812304
252.62900000000002 1 -0.445317387710141
257.829 1 0.089299304486724
264.029 1 -0.27809993437167
273.92900000000003 1 -0.4931604481680121
279.83 1 -0.49810162708833894
289.13 1 -0.488732980238863
294.532 1 -0.483061201884166
299.732 1 0.020396852999051997
306.334 1 -0.335814139811676
312.535 1 -0.34969716051923605
320.13599999999997 1 -0.46974270034341103
325.93 1 -0.42758613903128007
332.93 1 -0.36016946674019895
341.83 1 -0.283104459861089
349.431 1 -0.26841444303091394
355.03 1 -0.4884027476684771
364.03 1 0.25304325116445503
370.931 1 -0.4847210940874871
376.731 1 -0.44425585154378794
382.131 1 0.013099580096765
391.23199999999997 1 -0.07010375068318599
396.833 1 -0.476281779309147
402.534 1 -0.49686264334566993
410.036 1 0.115754219411356
417.431 1 -0.10396002418320499
423.531 1 0.148233616655594
430.031 1 -0.39579794132927204
442.532 1 -0.49424998483735294
