5.532 1 -0.498969568584701
10.632 1 -0.479567369887373
16.133 1 -0.409868967731396
23.134 1 -0.498886029405367
28.328000000000003 1 -0.329603307440647
34.428000000000004 1 -0.4938558496633
41.928000000000004 1 -0.4999324413112429
49.328 1 -0.43231373582119004
58.628 1 -0.498918571782594
63.628 1 -0.46923451326606497
82.029 1 -0.413756714002799
94.13 1 -0.495620896294498
101.73200000000001 1 -0.173885293234496
110.833 1 -0.499937512599442
116.334 1 -0.360029099212794
121.735 1 -0.427314206175957
129.829 1 -0.44412891911098396
138.22899999999998 1 -0.49447981953202796
144.73 1 -0.48449623521299695
152.43 1 -0.49336048629351503
160.03 1 -0.47619819596137003
169.73 1 -0.47147819403821706
175.93 1 -0.497171179511462
181.63 1 -0.49848066173449
187.73 1 -0.421875731695949
193.53099999999998 1 -0.49946318752017105
202.63299999999998 1 -0.120506897523751
209.234 1 -0.482444116084563
214.835 1 -0.48192479427037105
220.731 1 -0.025705677284747996
228.731 1 -0.15650864503523298
234.53099999999998 1 -0.48051310750586207
243.53099999999998 1 -0.38887716431980995
251.331 1 0.33356432553559995
257.03099999999995 1 0.09032459907095401
263.731 1 -0.350368587282564
270.632 1 -0.025357290013741998
278.431 1 -0.05246392440992599
285.832 1 -0.435386677788008
292.732 1 -0.495132048070107
300.633 1 -0.006218837994321
308.034 1 0.145203331366906
314.232 1 -0.47010734201474197
322.432 1 -0.407405135023012
327.432 1 -0.48605738714904206
336.333 1 -0.498276317313144
341.832 1 -0.49096259628065897
351.13300000000004 1 -0.49703144360748003
356.233 1 -0.43715752106544004
365.13300000000004 1 -0.49594830200106604
370.733 1 -0.306393614335831
379.63300000000004 1 -0.266962263418064
385.63300000000004 1 -0.49813667967013503
395.533 1 -0.08312780172136501
401.73400000000004 1 -0.403261379644837
409.336 1 -0.499711988487241
415.43699999999995 1 -0.243881497203734
420.634 1 -0.13870251214732798
426.034 1 -0.46682036047608794
431.73400000000004 1 -0.49959523184971794
436.934 1 -0.499863835711084
442.534 1 0.272225048056983
