5.545 1 -0.400397445983815
11.329 1 -0.43544949302542896
17.129 1 -0.16221584288501
22.230999999999998 1 -0.49997002975846
31.131999999999998 1 -0.499954710928157
41.033 1 -0.49999997349404207
46.535 1 -0.35324063371885406
54.036 1 -0.043075140424251
59.927 1 -0.49356528541079603
65.527 1 0.258617551098396
70.527 1 -0.471002748973604
76.028 1 -0.499999697887026
84.228 1 -0.49999298853509394
89.427 1 -0.49992008963840096
98.32799999999999 1 -0.494372405105716
104.02799999999999 1 -0.499991416848932
110.62899999999999 1 -0.499902178573697
118.331 1 -0.49682942945661107
127.435 1 -0.4999986977544779
133.63299999999998 1 -0.499999975222131
141.035 1 -0.009471713303885
146.636 1 -0.49311959522407106
153.328 1 -0.49634306644001797
158.72899999999998 1 -0.499861819508437
167.12900000000002 1 -0.49999978433899606
175.229 1 -0.49965850769826703
180.829 1 -0.49978695084860897
188.43 1 -0.484113326251364
193.929 1 -0.46266656026557795
199.62900000000002 1 -0.497035526009394
207.43 1 -0.48745000431085206
213.53099999999998 1 -0.499999991313399
219.63099999999997 1 -0.49939253320217997
228.933 1 -0.146974313528467
238.535 1 -0.449943677753204
243.736 1 -0.499973810164614
249.13 1 -0.4999999134799629
256.93 1 -0.49982595639212496
265.73 1 -0.499655640432363
271.23 1 0.007381285694811999
280.131 1 -0.48892445911697
286.131 1 -0.4999997692980979
294.131 1 -0.49999754191644497
299.83099999999996 1 -0.36485235968531
305.031 1 -0.411854036542377
312.434 1 -0.48734592856115705
320.332 1 -0.497408501507465
325.334 1 -0.28386212181806203
332.735 1 -0.49977209549301793
338.836 1 -0.490387959763664
345.435 1 -0.39339188520666896
352.332 1 -0.49993897706854107
358.832 1 -0.45431385591933704
367.93199999999996 1 0.233074514861737
374.832 1 -0.49879858672217203
381.032 1 -0.49996042355458603
387.23199999999997 1 -0.457164834231779
394.23199999999997 1 -0.10883157083659599
403.23199999999997 1 -0.47929759574344893
412.532 1 -0.499990818237508
420.134 1 -0.49963469961279
425.23400000000004 1 -0.486475328401971
434.936 1 -0.48825861012086497
442.533 1 -0.495817393663299
