5.553999999999999 1 0.033862439322537005
10.532 1 -0.49994031782536
16.133 1 0.44886982509638795
21.637 1 -0.46284137115217
27.037 1 -0.499985172870693
32.736999999999995 1 -0.4999178348244529
38.521 1 -0.495505922867015
47.622 1 -0.498404639924455
52.723 1 -0.387427225495539
59.623999999999995 1 -0.499721476652895
68.926 1 0.050902691040379006
78.628 1 -0.481540433398837
84.428 1 -0.11525434872845199
92.03 1 -0.49998158466306203
99.432 1 -0.499751412539384
106.03200000000001 1 -0.38538777634082205
112.234 1 -0.499603199033738
119.135 1 -0.496252414972581
127.539 1 -0.284365939142718
135.02100000000002 1 -0.499985673249243
140.122 1 -0.49994615834322603
148.923 1 -0.15425062705439302
155.025 1 -0.045886331418725
164.92600000000002 1 -0.49151596964344607
173.128 1 -0.499944277937203
178.72799999999998 1 -0.49912827973789603
185.43 1 -0.477175050345002
193.43400000000003 1 -0.49999391414914
198.832 1 -0.496122031825428
206.63299999999998 1 -0.49992060751331796
214.735 1 -0.480254357887761
220.83599999999998 1 -0.22543276247028002
227.424 1 -0.499691271129354
236.523 1 -0.486972654664356
242.425 1 -0.31876784272865305
249.425 1 -0.48605966616438395
254.42700000000002 1 -0.49976790423920403
260.42900000000003 1 -0.499956649030068
269.42900000000003 1 -0.49947221245854706
275.92900000000003 1 -0.4855797975062
284.83099999999996 1 -0.499711751558585
292.732 1 -0.457603593076188
300.133 1 -0.498715099222154
309.735 1 -0.028818535936353997
317.336 1 -0.49966933602011504
324.925 1 -0.49233990430036
330.124 1 -0.348739732658234
336.225 1 -0.05438247611026099
343.625 1 -0.48652378432917
349.325 1 0.47045002186931
354.526 1 -0.4993445677316479
360.727 1 0.042394964531856996
365.92800000000005 1 -0.498019315840791
371.42900000000003 1 -0.49949001514021396
377.03 1 -0.49997550257965007
382.531 1 -0.499923286644131
391.43300000000005 1 -0.39543146849566996
397.634 1 -0.482744218630007
403.335 1 -0.45116789487935705
412.63599999999997 1 -0.415633615694091
421.526 1 -0.499298016729924
434.82599999999996 1 -0.49259650318733705
442.527 1 -0.482152287907904
