5.55 1 -0.27850273623827504
11.033 1 -0.49999542513128997
18.434 1 -0.4999937015918571
27.736 1 -0.41132012887379704
36.129 1 -0.499980275850998
41.929 1 0.31666988339437796
48.82899999999999 1 -0.4273441055630349
55.43 1 -0.49903380489320204
63.028999999999996 1 0.18765393105376998
68.729 1 -0.363891844554287
73.93 1 -0.4461557118201961
80.12899999999999 1 -0.499974646987558
89.03 1 0.165117091419041
98.631 1 -0.49875840819387707
103.73299999999999 1 -0.22944875314757399
112.834 1 -0.49990139584555604
118.335 1 -0.49998959369633295
126.531 1 -0.45897568902274394
132.031 1 -0.49992837675085
138.03 1 -0.095492105703962
143.431 1 -0.49887978121483706
149.031 1 -0.49745549359967606
156.931 1 -0.497804918334078
162.631 1 -0.35561492589718996
171.731 1 -0.49997376151400796
178.231 1 -0.326727221850729
183.831 1 -0.499273516590356
191.232 1 -0.016742795833293998
199.333 1 0.09060367863850201
209.234 1 -0.49851034559885204
216.835 1 -0.49989795228034994
226.532 1 0.087196127483748
232.032 1 -0.497878840779989
238.232 1 -0.476396666999043
243.232 1 -0.419298453148731
248.43400000000003 1 -0.49736685642621203
254.533 1 -0.499980941488572
259.733 1 -0.498349011273193
265.532 1 -0.49845839711025
272.232 1 -0.49983140609151294
279.133 1 -0.449548398537733
284.133 1 -0.32175409389151693
291.933 1 -0.495656930213079
300.934 1 -0.499986156741502
306.535 1 0.17271991830209
313.936 1 -0.499997324515778
321.733 1 -0.49968049169728
327.83299999999997 1 -0.499890700209803
334.435 1 -0.33355205147941497
342.034 1 -0.497082040483394
351.334 1 -0.496378430379004
359.034 1 -0.17716380015320105
365.23400000000004 1 0.211547352468741
373.23400000000004 1 -0.49981942573792293
379.334 1 -0.485083660189906
388.23400000000004 1 -0.499877535841534
395.235 1 -0.497950278898007
400.634 1 -0.4478781354602461
405.735 1 -0.40850621775173707
411.63699999999994 1 0.21854214125635002
417.337 1 -0.489484362939948
426.235 1 -0.496731699119714
433.735 1 -0.49880025914342796
442.535 1 -0.496617934256809
