5.55 1 -0.20358893503789302
11.732999999999999 1 -0.44373649980112395
21.035 1 -0.499998568209313
28.838 1 -0.488964600414576
34.522 1 -0.49988507672073995
43.522 1 -0.499919541127344
49.623000000000005 1 -0.30679131028643003
55.824 1 -0.499348754724787
64.726 1 -0.499996205819294
70.327 1 -0.49999966808968105
76.028 1 -0.49999912045103706
84.029 1 -0.499962393538419
92.93 1 -0.4273353570875821
97.931 1 -0.43083616406352504
103.633 1 0.12856365037046302
109.134 1 -0.18850438936424502
118.735 1 -0.49995662898529797
125.223 1 -0.499959613978493
134.023 1 -0.405613783525764
141.424 1 -0.46192940548934297
149.524 1 0.48431123368368795
158.625 1 -0.41153544313576296
164.526 1 -0.09470217040933698
171.128 1 -0.499837793740341
178.52900000000002 1 -0.495730285506476
185.93 1 -0.450847323812264
192.03099999999998 1 -0.192386935473049
201.933 1 -0.45947441836386704
208.13400000000001 1 -0.499985808341978
214.135 1 -0.45660895534300394
221.024 1 -0.499771061538186
226.525 1 -0.356417378300135
231.525 1 -0.4571003034981889
238.525 1 -0.493582137167465
246.428 1 -0.499967391934943
254.826 1 -0.49984895628757703
260.027 1 -0.385037299349875
265.628 1 0.17699402576884304
272.329 1 -0.26059666722220803
277.432 1 -0.49839454031568
286.531 1 -0.49980148544158703
292.032 1 -0.431996568047544
300.934 1 -0.499986785103854
306.735 1 -0.39209608334425605
311.836 1 -0.49953852634740004
319.626 1 -0.49549828356122705
324.82599999999996 1 -0.481838306287845
330.626 1 -0.4830671618474
340.32599999999996 1 -0.393832320674152
348.027 1 -0.38687271350498104
354.62699999999995 1 -0.491581679032003
360.027 1 -0.4909650628286161
365.629 1 -0.11176779513271799
373.23 1 -0.45923015250601396
382.531 1 -0.49943526778039293
390.033 1 -0.498148890330624
397.634 1 -0.48317111774921795
405.235 1 0.11027901459094999
412.12699999999995 1 -0.47127956120613895
417.528 1 -0.49908101514534897
422.727 1 -0.4926055991374289
430.92800000000005 1 -0.49925787714508707
437.028 1 -0.4965712513937329
442.528 1 -0.49981514615485295
