5.55 1 -0.495552544103983
11.234 1 -0.49875634193366
19.435 1 -0.296344682322836
26.136 1 -0.06561065209563
31.133000000000003 1 -0.36893017402333095
36.733000000000004 1 -0.285125699653842
45.633 1 -0.392736502445988
55.333999999999996 1 -0.43571099999915003
61.13399999999999 1 -0.4140754420970689
67.234 1 -0.48220087466059103
72.434 1 -0.4935836730417021
78.634 1 -0.495470266909414
86.434 1 -0.459660267453288
92.03399999999999 1 0.131954891917457
100.135 1 -0.443702595835711
105.634 1 -0.49778685534460604
111.835 1 -0.44988372227601
119.63600000000001 1 -0.497172308995226
127.337 1 -0.144656123864968
134.935 1 0.061135831850569
142.335 1 0.021515477330253004
147.735 1 0.21657171050925103
157.035 1 -0.1160462574793
164.935 1 -0.470713615673765
174.535 1 -0.43033935745228297
183.43599999999998 1 0.44810126186180504
191.03599999999997 1 0.419254142884682
196.83599999999998 1 -0.4554182574926311
205.93599999999998 1 -0.38039457518678
211.93599999999998 1 0.40069826412700804
225.238 1 0.28825281902026
230.922 1 -0.48219699687203205
236.623 1 0.44271629609969504
245.725 1 0.41115650480633
252.226 1 0.172317139826971
258.428 1 0.11173434246177999
265.028 1 -0.46872301610846007
271.137 1 -0.026053068283045
276.23 1 -0.42192982923852207
285.232 1 -0.244361734840159
290.433 1 -0.039802370559337004
295.834 1 0.01691894965086
301.337 1 -0.22761146497320603
306.837 1 -0.444672910305634
315.721 1 -0.464786827773523
322.722 1 -0.456186728773301
329.62300000000005 1 -0.172268276480684
335.724 1 -0.035224955813917
340.725 1 0.364704607197074
346.226 1 -0.494881290978867
354.62699999999995 1 -0.487160583519928
362.22900000000004 1 -0.47123257303019106
367.329 1 -0.318296378097976
372.531 1 -0.34326136728918893
379.131 1 -0.4921035593682329
386.533 1 -0.32101819585151004
396.435 1 -0.40551183818251296
405.722 1 -0.485241510963635
412.62199999999996 1 0.22394679385766297
420.12199999999996 1 -0.423260601940704
428.92400000000004 1 -0.47991698963116797
434.525 1 -0.481876090472205
442.526 1 -0.4884188813570511
