5.548 1 -0.474010762786589
12.432 1 0.140426926520322
17.933 1 -0.48992901804144395
22.934 1 -0.43894241183886207
32.635000000000005 1 -0.479183814851381
40.126999999999995 1 -0.498439527682755
46.027 1 -0.338362200539744
53.626999999999995 1 -0.49497421220741206
61.827 1 -0.4909184977309439
68.428 1 -0.315542468386123
75.128 1 -0.409654602483017
80.128 1 -0.326334155473281
85.62799999999999 1 -0.49108271176584706
91.329 1 -0.056596311372918005
96.83 1 -0.278885869347777
102.031 1 -0.354296114255219
107.132 1 -0.244319529040105
115.23299999999999 1 -0.45074267584103
122.834 1 -0.479555840614767
128.936 1 -0.340812221703671
136.329 1 -0.42194579100877394
144.029 1 -0.086663818175785
153.929 1 -0.45462734134919397
161.72899999999998 1 -0.35201709566168604
167.329 1 -0.4126358374151661
176.229 1 0.070129160532231
181.929 1 -0.49680392957306696
187.52900000000002 1 0.22029646071335302
194.53 1 -0.333309360482257
203.43200000000002 1 -0.14047799840891598
212.234 1 0.20259935990326003
220.635 1 -0.10295224491498099
226.736 1 -0.190976418278852
234.13 1 -0.08661003582590099
240.33 1 -0.3841957372186
245.73 1 -0.490751287874726
254.63 1 -0.47694552346936503
259.83 1 -0.323708025988649
267.731 1 -0.437891126766446
272.931 1 -0.3823199694017179
278.031 1 -0.263679551195287
285.83099999999996 1 0.030641599444192997
293.231 1 -0.49800585327981606
300.83299999999997 1 -0.16003351790173198
308.834 1 -0.082191744004081
318.436 1 -0.16415304100498998
324.432 1 -0.47492689516838
333.731 1 -0.40392457433080203
343.032 1 -0.340841905169615
348.73199999999997 1 0.307995106354096
355.63199999999995 1 -0.44466131717259794
361.832 1 -0.49749833552532596
368.332 1 0.19484729090980202
374.532 1 0.148862851769822
380.13199999999995 1 -0.056541574022015
386.733 1 -0.4897437783152229
392.832 1 -0.49288249311816995
401.834 1 -0.356600440033043
407.634 1 -0.46816710722314797
416.736 1 -0.335851403906318
422.533 1 -0.37646206042881
427.93300000000005 1 -0.488830494705122
433.43300000000005 1 -0.455408809639308
442.533 1 -0.468160271094528
