5.534 1 -0.49935880911545394
11.232999999999999 1 -0.499999999985903
17.433 1 -0.499999999816617
22.634 1 -0.49959759475447296
27.734 1 -0.49918800296283505
35.834 1 -0.499999889654651
41.334 1 -0.499999985536336
50.43600000000001 1 -0.20066370624619398
57.037 1 -0.31024739703147697
62.833999999999996 1 -0.499999999999685
68.434 1 -0.49998969652305997
74.634 1 -0.49999999981032
82.334 1 -0.466057071031185
89.235 1 -0.49999999092491204
94.435 1 -0.49637712640190007
100.135 1 -0.49479046016741
106.335 1 -0.234831344801253
115.235 1 -0.45900865808009705
121.235 1 -0.49999990929505495
128.83499999999998 1 -0.28292668620510103
134.935 1 -0.499915908206978
141.019 1 -0.49999939541926003
147.52 1 -0.49999999999827294
152.921 1 -0.499939606717423
158.122 1 -0.499952318180724
165.72299999999998 1 -0.462810422424002
171.12400000000002 1 -0.499935811405003
176.225 1 -0.49999987369916604
181.726 1 -0.4649323668766429
187.227 1 -0.499999999822705
192.22799999999998 1 -0.49992653067791
199.229 1 -0.241357826495895
208.53 1 -0.499999999872673
214.032 1 -0.49999472065272205
222.833 1 -0.24009521497658604
229.537 1 -0.49990694518178
237.02 1 -0.499999999979
244.92 1 -0.49999986023598797
254.52200000000002 1 -0.49999999888814295
263.824 1 -0.49999999988098703
272.725 1 -0.228200554384004
278.526 1 -0.49999999986377797
288.228 1 -0.4518334212223
295.829 1 -0.499554719014648
303.231 1 -0.45335793321856893
313.132 1 -0.49999998452593497
319.033 1 -0.4999935351566371
326.835 1 -0.495128967550024
335.721 1 -0.4999999999999651
342.62199999999996 1 -0.49999937465836203
349.222 1 -0.49999999999996403
357.223 1 -0.49999928423657597
366.325 1 -0.49999999816709706
374.526 1 -0.171595181622841
380.12699999999995 1 -0.46714693133596896
385.12800000000004 1 -0.499992396430148
390.72900000000004 1 -0.45026167970191394
399.731 1 -0.499990998141646
407.13199999999995 1 -0.193534851317708
415.534 1 -0.49995691107425505
421.235 1 -0.499993957285255
429.023 1 -0.499993313159582
436.423 1 -0.49999920793902897
442.523 1 -0.148880044723296
