5.5489999999999995 1 0.4195274342997
11.532 1 0.191871384358505
18.033 1 0.046327473150806
26.935 1 -0.382941048255789
34.924 1 -0.19018650809386
44.224 1 -0.4325435760667539
50.025 1 -0.4308579569400539
55.225 1 -0.49967023880337497
63.425 1 -0.49613200262640794
68.925 1 0.324096848537106
77.327 1 -0.299047901235682
84.728 1 -0.103485729874776
92.53 1 -0.497486825481039
99.431 1 -0.08466453094171099
104.83200000000001 1 -0.49885445922573707
110.333 1 -0.495633455792322
115.934 1 -0.4994314376293329
125.035 1 -0.41562804961021205
131.226 1 -0.47872747448054404
140.126 1 -0.412192033259693
147.126 1 -0.479618064965904
152.126 1 -0.49378723202663
157.92600000000002 1 -0.061365674068323
165.826 1 0.252465491082497
171.928 1 -0.337480467316616
177.628 1 -0.4869037904956479
184.229 1 -0.10947081186778099
189.43 1 -0.424470543534334
198.43200000000002 1 0.291943011613188
206.033 1 0.18077039115109197
215.935 1 -0.496028581159798
222.03599999999997 1 -0.4496573120795129
227.627 1 -0.48094652970003204
232.627 1 -0.42974358038999794
237.827 1 -0.458022532925876
244.02700000000002 1 0.069812987429028
253.72799999999998 1 -0.47544607798272104
260.328 1 -0.04437085148902
269.428 1 -0.49494642856486404
274.828 1 -0.455899007887877
283.63 1 -0.498205076497729
289.33099999999996 1 -0.46758830941971796
296.232 1 -0.448444766577104
302.933 1 -0.498395645536469
310.335 1 -0.014050278162046001
318.436 1 -0.41754532273818395
324.329 1 -0.49723638155609295
331.92900000000003 1 -0.494348472517741
337.629 1 -0.48392955826814205
342.72900000000004 1 -0.033518304316875996
348.22900000000004 1 -0.43829383535073996
356.029 1 -0.49932392272809706
362.129 1 -0.26977663341962
367.629 1 -0.224120081652099
372.72900000000004 1 -0.47799973950256897
380.33 1 -0.493460595366795
389.23199999999997 1 -0.260510811730447
396.93300000000005 1 -0.378350723076877
403.134 1 -0.491463229408145
408.735 1 -0.037793070297149
416.13 1 -0.48264750141611606
425.431 1 -0.35971244491402604
432.93 1 -0.49963729818544106
442.53 1 -0.49903655977316297
