5.5489999999999995 1 0.49953076292447
11.231 1 -0.499997178687867
16.332 1 -0.49820081284555895
23.333000000000002 1 -0.495993362452318
28.834 1 -0.499994058139531
36.436 1 -0.450736572676356
42.925 1 0.269794846451811
50.625 1 -0.49998477947935904
56.825 1 -0.49999994632221795
64.225 1 -0.19189720927550197
69.425 1 -0.45060027506981204
74.926 1 -0.49997031721196206
83.327 1 -0.493127327909434
88.928 1 -0.499966030703279
94.62899999999999 1 -0.334068636665059
102.73100000000001 1 -0.49999834440576396
110.632 1 -0.492651320972858
118.234 1 -0.49508502216032707
123.635 1 -0.480116483263151
129.33499999999998 1 -0.324101735266845
135.526 1 -0.49571500295670795
151.326 1 -0.499996771248017
159.52700000000002 1 -0.49902153717062
164.52700000000002 1 -0.131629999414919
169.727 1 -0.49474388912599804
175.327 1 -0.4999453760879579
180.528 1 -0.498802364577945
187.229 1 -0.499999100367176
196.03099999999998 1 -0.49807551872903005
203.832 1 -0.42354749764622396
211.233 1 -0.499948938627505
220.535 1 -0.485767909601437
226.33599999999998 1 -0.402187018825965
231.727 1 -0.40797959366995395
237.828 1 -0.491598973609535
246.72799999999998 1 -0.499937488042214
255.828 1 -0.42773905855037303
260.828 1 -0.38962049824905703
267.728 1 -0.46849665468810103
277.028 1 -0.49693786557991604
286.93 1 -0.45668391777983003
294.731 1 -0.48572707850412505
301.332 1 -0.4999996717062701
308.834 1 -0.4999998426418161
315.035 1 -0.49913930561941
321.036 1 -0.282642575138916
329.92900000000003 1 -0.032859471574214
339.029 1 -0.19127732072944
347.029 1 -0.099027733913056
354.63 1 -0.48834460957620396
359.73 1 -0.49993312665154294
369.43 1 -0.49732324652439
374.93 1 -0.258823280505582
380.53 1 -0.49843205422597403
390.131 1 -0.49959114185474607
399.13300000000004 1 -0.4999284609932029
406.534 1 -0.49997718726317497
412.335 1 -0.499958412880843
418.431 1 -0.499860493369681
424.531 1 -0.401609009373321
430.031 1 -0.016039643678877
436.631 1 -0.495099215723866
442.531 1 -0.49999053486543105
