5.545 1 -0.01767099181502
12.235999999999999 1 -0.40743230232007305
21.127 1 -0.37566199979856796
30.226999999999997 1 -0.412944220675311
36.327 1 -0.44747981442130996
42.528 1 -0.48138920524751394
52.431000000000004 1 -0.49942558971288303
61.228 1 -0.45367299576944703
68.229 1 -0.45656332298439795
76.63 1 0.162422828313567
84.23200000000001 1 -0.496724909278012
91.73299999999999 1 -0.418647099731614
97.234 1 -0.4999813661062171
104.635 1 -0.47875860846702295
111.229 1 -0.49991298891035796
119.029 1 -0.36021568068564297
125.029 1 -0.499989874455906
132.43 1 -0.47236223588943
139.329 1 -0.499532124032431
149.029 1 -0.47411819189155796
155.22899999999998 1 -0.499878095772149
164.83 1 -0.4983179633863039
170.433 1 -0.367797463769686
175.53099999999998 1 -0.470490755666535
181.232 1 -0.472537257706178
188.933 1 -0.499803983878571
194.437 1 -0.49999998400014506
199.635 1 -0.461942008852121
205.03599999999997 1 -0.49996112520145
210.23 1 -0.498953337784162
215.43200000000002 1 -0.499978675140753
221.33 1 -0.49983988508232796
226.93 1 -0.08272469038576
232.63 1 -0.491076033140144
240.231 1 -0.49998258143874197
249.231 1 -0.49999698183544705
255.331 1 -0.499963660630367
260.731 1 -0.499085296827279
268.33099999999996 1 -0.49779820576203204
276.532 1 -0.49992346984343605
284.33299999999997 1 -0.466584120271834
289.334 1 -0.49999950651282704
295.035 1 -0.413462031520048
304.131 1 -0.498880390191035
309.632 1 -0.498534170048565
318.532 1 -0.49999994982323
324.032 1 -0.499869591188409
331.93199999999996 1 -0.499999693118481
337.532 1 -0.43627669925807594
345.63199999999995 1 0.382821386050805
361.532 1 -0.499983717506616
370.43199999999996 1 -0.292826397539749
376.533 1 -0.30368615117076697
381.534 1 -0.482581909461426
387.735 1 -0.4999936435573599
392.836 1 -0.351539786391543
399.333 1 -0.4997081469941261
406.733 1 -0.49999897044639796
413.63300000000004 1 -0.484746396489271
419.43300000000005 1 -0.499296859916269
428.733 1 -0.444020431959029
436.733 1 -0.48754150312273903
442.534 1 -0.475765364385707
