5.552 1 -0.499760034785772
14.434000000000001 1 -0.49946303421111504
22.634 1 -0.499195397301307
28.834 1 -0.497137014593341
34.635 1 -0.49998760367446105
39.835 1 -0.314110121389324
49.135 1 -0.440184301307555
58.836000000000006 1 -0.499816766245405
67.737 1 -0.4999891679682171
72.938 1 -0.49956262684021796
81.835 1 -0.499666012976995
87.535 1 0.09972559730800999
96.335 1 -0.49999822888925105
104.436 1 -0.493572701380108
116.236 1 -0.49999630496794895
123.836 1 -0.497644940522397
131.636 1 -0.499893477408752
137.236 1 -0.14717919301899401
146.236 1 0.351906819865491
151.636 1 -0.25762568467470803
158.32 1 0.049604937801238
165.221 1 -0.49999939584077596
170.222 1 -0.49214260624351397
176.123 1 -0.499498039013749
181.22400000000002 1 -0.499743295854584
187.325 1 -0.36813052824543396
193.926 1 -0.47428238786340504
199.727 1 -0.477310149134425
207.329 1 -0.49938553568443605
213.53 1 0.130953531346923
219.53099999999998 1 -0.49999971313413105
227.332 1 -0.49985032665365003
235.233 1 -0.49165322054505495
240.234 1 -0.49999444568182605
245.738 1 -0.45939439283899003
252.338 1 -0.0008166020627999999
257.921 1 -0.499906918401265
263.622 1 -0.4985299100412921
271.123 1 -0.4999722531511471
280.225 1 -0.499952268831399
285.726 1 -0.496253707353974
302.72900000000004 1 -0.20608623070556398
318.131 1 -0.23328327804465301
325.533 1 -0.146515299137339
333.934 1 -0.375345226244998
341.335 1 -0.494759062631289
350.62300000000005 1 -0.499999908527134
358.62300000000005 1 -0.49999983166237505
364.023 1 -0.49711830406610896
370.524 1 -0.4866838047604439
375.725 1 -0.44733500543671995
381.926 1 -0.499980065978875
387.527 1 -0.48263157952995206
393.028 1 -0.49999797311394806
400.029 1 -0.219886353262382
405.13 1 -0.05122153876517501
414.231 1 -0.499998452387997
421.833 1 -0.161772627451816
427.934 1 -0.49999990214474604
434.835 1 -0.44386664983502394
442.524 1 -0.499727177254882
