5.55 1 -0.499911777999655
13.534 1 -0.474904400803738
19.135 1 -0.49998868631882104
28.436 1 -0.0338644598942
34.132 1 -0.13922927944868102
43.032 1 -0.21181170969456098
50.632 1 -0.498672920839117
57.532 1 -0.49999353866350105
64.032 1 -0.231494140820184
69.732 1 -0.49999417790246203
78.532 1 -0.044629414262205
84.132 1 -0.49998744413734497
89.632 1 -0.305503325241375
97.436 1 -0.149160026889564
103.03299999999999 1 -0.49950969051093697
108.03399999999999 1 -0.499999809506827
117.135 1 -0.35455095469310904
124.53299999999999 1 0.346823647631398
129.63299999999998 1 -0.059674653451428
138.533 1 -0.496413231824641
145.934 1 -0.41946557863033207
152.533 1 -0.49999652772480196
157.934 1 -0.47382223584992106
166.03400000000002 1 -0.4586238454172751
173.63400000000001 1 -0.49998916605018695
182.53400000000002 1 -0.49334613558137397
189.435 1 -0.49928640135990204
195.13400000000001 1 -0.49924166621312105
201.235 1 -0.321307112334971
206.43400000000003 1 -0.49999998908658505
214.83599999999998 1 -0.49999871818655295
220.33700000000002 1 -0.49999937931331107
226.335 1 -0.49900552161766404
235.335 1 -0.476350845920661
241.535 1 -0.443246762209614
249.435 1 -0.462341516006416
258.535 1 -0.497948421058059
265.235 1 -0.499835845255867
270.735 1 -0.291566736287775
276.835 1 -0.314859392599846
282.235 1 -0.49999992656442105
290.436 1 -0.455046741740536
295.936 1 -0.49995652374115795
301.135 1 -0.425653605120951
306.13599999999997 1 -0.49898796338883006
315.837 1 -0.4995923351477971
321.638 1 -0.499954598661715
327.539 1 -0.49984946942993297
335.224 1 0.119013604206256
342.825 1 -0.418158732626746
348.926 1 -0.49991910057568795
354.027 1 0.012249686226403999
359.82800000000003 1 -0.499978947230987
366.431 1 -0.499431805611552
371.63 1 -0.416198292048547
381.23199999999997 1 -0.49989838526333796
387.436 1 -0.49058678877162504
396.73699999999997 1 -0.489294112580111
404.13699999999994 1 -0.499173076670969
411.621 1 -0.498069299098956
419.42199999999997 1 -0.49973645225917496
425.62300000000005 1 -0.4946955148472
435.525 1 -0.4929316421847729
442.526 1 -0.41140659497168
