5.547 1 -0.464387318510604
11.73 1 -0.400002851641359
16.93 1 -0.49898553414288593
22.930999999999997 1 -0.499995799191911
32.532 1 -0.49956648351700894
40.034 1 -0.49961397646146705
49.035 1 -0.452960856970861
56.63 1 -0.42192873062284
62.43 1 -0.28249260594170095
68.13 1 -0.49997466848648203
73.63 1 -0.497286833759614
79.23100000000001 1 -0.497465884884219
86.13 1 -0.4995984570919029
91.53 1 -0.499590918348791
101.43 1 -0.322155139270574
110.73 1 -0.414618277278122
117.431 1 -0.49960261454558796
122.53200000000001 1 -0.277513032964376
127.53299999999999 1 -0.4995357837846339
133.634 1 -0.49751248725895597
140.235 1 -0.49767668142912297
146.136 1 -0.493552184182021
151.931 1 -0.49982846704296
157.631 1 -0.331944133692396
166.532 1 -0.499995369117084
174.132 1 -0.48574962953691
179.332 1 -0.405996853903215
184.532 1 -0.498757317970932
192.232 1 -0.48518498042739505
201.93200000000002 1 -0.499929409788827
209.732 1 -0.09879885400816199
217.132 1 -0.49887259749218205
223.233 1 -0.14885564869951903
228.734 1 -0.49999828933415
236.135 1 -0.40093599771198707
241.636 1 -0.493431875935449
246.63299999999998 1 -0.10823386824013699
251.733 1 -0.46127339263446204
259.83299999999997 1 -0.41542785232103296
265.933 1 -0.499522121506709
272.83299999999997 1 -0.11512671720223801
278.433 1 -0.327847619348225
285.83299999999997 1 -0.49997207513008707
291.433 1 -0.306175813381802
300.334 1 -0.275706724121649
308.73400000000004 1 -0.45905396919985203
316.334 1 -0.403496053403835
325.23400000000004 1 -0.499810908897658
334.336 1 -0.49397620893569
340.93699999999995 1 -0.41764763568769797
346.634 1 -0.398315672200064
352.834 1 -0.49998829335145006
361.034 1 -0.49736423313886896
367.535 1 -0.39465681712111494
375.535 1 -0.496953902092832
383.335 1 -0.484023651302865
392.635 1 -0.482911093981784
398.035 1 -0.161962565850983
404.235 1 -0.4025844146458761
412.135 1 -0.41685737981245397
421.235 1 -0.139819612838429
430.036 1 -0.45164277095425603
435.536 1 -0.499816316423417
442.538 1 -0.41082475820614206
