5.544 1 -0.481148905524754
13.728 1 0.41956159611964206
19.929000000000002 1 -0.47851765531141205
24.93 1 -0.222596260415515
30.430999999999997 1 -0.36865028761566104
35.431999999999995 1 -0.056100472034284005
41.533 1 -0.49564116421686
48.13399999999999 1 -0.41844680607641205
53.635 1 -0.318326271560878
62.724 1 -0.49816011314871794
68.42399999999999 1 -0.453489602510331
75.024 1 -0.496605534316062
82.92399999999999 1 -0.493071501651272
88.625 1 -0.23576065794353002
95.52600000000001 1 -0.49947970114209206
101.027 1 -0.30820301152096397
107.52799999999999 1 0.22558834516800302
115.62899999999999 1 -0.49972841477225294
124.531 1 0.02680571463976
132.132 1 -0.49962688968343294
137.933 1 -0.499894599774447
143.334 1 -0.352717462912772
152.625 1 -0.48970562725651
158.025 1 -0.428889260909324
163.925 1 -0.27533784206316
171.325 1 -0.49944384867290204
178.025 1 -0.21211545518051603
186.025 1 -0.484502899574066
194.926 1 -0.492093701039209
202.72799999999998 1 -0.45962885210486604
208.829 1 -0.490219211661594
214.83 1 -0.447205386244032
220.331 1 0.286680300663416
229.13299999999998 1 -0.37768918153843106
234.333 1 -0.305816887409012
243.435 1 0.4409820153407101
251.02599999999998 1 -0.494318454705556
260.027 1 -0.447966314355509
265.627 1 0.088724878232616
271.327 1 -0.33726949808809803
276.527 1 -0.459044619836948
283.427 1 -0.414489935619174
292.327 1 -0.38463313942792104
302.22900000000004 1 -0.48641123186988006
311.83 1 -0.251326462860963
319.232 1 -0.139535375170184
324.33299999999997 1 -0.44722258955469196
330.134 1 -0.48570057979569803
337.835 1 0.166195797445089
344.028 1 -0.092346302461742
349.228 1 -0.059794366540636995
356.62800000000004 1 -0.499906332475632
364.228 1 0.37034968201481
371.728 1 -0.48955191301707
381.028 1 -0.497563820686475
388.82800000000003 1 -0.49922450817700803
395.028 1 -0.494947763649877
402.029 1 -0.33521859684578303
407.631 1 -0.49866022016919004
413.73199999999997 1 -0.49953759722186997
422.13300000000004 1 -0.46620715382336797
427.73400000000004 1 -0.49687084560879297
432.835 1 -0.48016858233624
442.537 1 -0.437188893726632
