5.546 1 0.226763926450776
11.729 1 -0.010620424123890998
21.03 1 -0.43616822238690006
28.831 1 -0.135772765495626
34.532 1 -0.306802499346803
43.534 1 -0.349507234849729
49.635 1 0.098913249058519
55.82899999999999 1 -0.241137637029525
64.729 1 -0.41731353054194303
70.329 1 -0.45706853829193705
76.03 1 -0.444018230429929
84.03 1 -0.361650521351923
92.93 1 0.000309529164685
97.93 1 -0.29506672624445696
103.63 1 -0.15017638294783098
109.13 1 -0.214632466407372
118.73100000000001 1 -0.346643782962083
125.23200000000001 1 -0.3543073449573211
134.033 1 0.06028986475316299
141.436 1 -0.334224372973468
149.536 1 -0.063575949155843
158.631 1 -0.04539054721039
164.531 1 0.177075627055945
171.13099999999997 1 -0.303819688575426
178.53099999999998 1 -0.39406176110946095
185.93099999999998 1 -0.019505626910991
192.03099999999998 1 -0.093562942824267
201.93099999999998 1 0.005865468868564001
208.132 1 -0.39169931595842294
214.132 1 0.020922290073992
221.032 1 -0.30080219583167894
226.533 1 -0.02487033190773
231.53400000000002 1 0.049490503587952005
238.535 1 -0.11646326477586
246.43200000000002 1 -0.37540487727420396
254.832 1 -0.313150980090851
260.032 1 -0.260585315563623
265.632 1 -0.10801817281629199
272.33299999999997 1 -0.088965159904341
277.432 1 -0.19699190225802202
286.533 1 -0.319337562505852
292.033 1 0.014754961903830001
300.933 1 -0.397384241572785
306.733 1 -0.271388179640302
311.83299999999997 1 0.24477088172472802
319.633 1 -0.184804185204922
324.834 1 -0.34737928619247305
330.635 1 -0.35501238765474297
340.336 1 -0.020123713018426997
348.034 1 -0.035145311970271
354.634 1 -0.126168255550013
360.034 1 -0.111955179305819
365.634 1 -0.163758720315655
373.23400000000004 1 -0.325719932585291
382.534 1 -0.26358578496338
390.035 1 -0.17094539625270003
397.634 1 -0.048698290949699005
405.23400000000004 1 -0.21073682530630897
412.135 1 0.069034390047401
417.535 1 -0.23747090340787
422.735 1 -0.08759040994787701
430.935 1 -0.270951206230583
437.036 1 -0.17583337181318398
442.537 1 -0.32808860559239506
