5.551 1 -0.49863715190005803
15.435 1 0.217637230343742
20.93 1 -0.49957797860010295
29.33 1 -0.497466606130234
34.93 1 0.17459598318606398
40.63 1 -0.49978920907248
50.33 1 -0.46611715378446505
57.33 1 -0.325209594377229
66.13 1 -0.49896651477984205
74.23100000000001 1 -0.499990558727198
81.631 1 -0.42086281919738
90.932 1 0.18832718270038798
96.43299999999999 1 -0.377129957083734
102.634 1 -0.499158585738036
111.936 1 -0.483888724489214
121.031 1 -0.474201421233156
126.031 1 -0.49889036623356997
132.631 1 -0.49921634217842104
140.631 1 -0.48278783349461296
146.332 1 -0.491295948579508
151.732 1 -0.41582378718176594
159.332 1 -0.41032583051083604
166.032 1 -0.05931216550645299
172.132 1 -0.489286417169586
179.93200000000002 1 -0.496159205842067
185.332 1 -0.499981168534506
193.533 1 -0.391483931434568
200.935 1 -0.499964953738848
210.033 1 -0.477419011770974
216.233 1 -0.49617429975271904
222.13299999999998 1 -0.17372768401604802
229.033 1 -0.49997682201957105
236.433 1 -0.24521120985743303
241.533 1 -0.49992508391715207
249.033 1 -0.499098269653636
255.033 1 -0.499991190773291
260.533 1 -0.498078313343502
266.134 1 -0.49889473888440006
275.034 1 -0.45293726549951
280.23400000000004 1 -0.33523863024492795
286.73400000000004 1 -0.33578187275926097
292.334 1 -0.491825181956554
299.235 1 -0.07727954847926699
305.836 1 -0.492368273444767
313.534 1 0.14304046037271398
319.73400000000004 1 -0.47574462258591205
325.834 1 -0.20299526564609804
333.634 1 0.126057609701793
338.835 1 0.111132890891415
347.835 1 -0.49990779363269394
353.935 1 -0.415518563223552
359.635 1 -0.49968004240696207
368.535 1 -0.48272084074732197
376.435 1 -0.480243443638508
381.435 1 -0.49288881384406896
386.935 1 -0.344034464257002
396.536 1 -0.49944557007561796
401.73699999999997 1 -0.39817951164817
410.63800000000003 1 0.244459961137618
416.436 1 -0.452759673822779
424.036 1 -0.43051255556682794
429.13599999999997 1 -0.496889506703495
436.736 1 -0.49763090531437204
442.536 1 -0.495617187901149
