5.546 1 -0.481575633237107
14.43 1 -0.43883691278901293
21.331 1 0.269552907137386
26.932 1 -0.49981610126759707
33.533 1 -0.499947008629154
39.634 1 -0.48495107201748294
45.635 1 0.345072328234656
53.023 1 -0.29416271831017
58.523 1 -0.043665260547687004
66.42399999999999 1 -0.49993464266242293
71.82300000000001 1 -0.0076726722915989995
79.325 1 -0.425495328033872
84.52600000000001 1 -0.4612056962758929
94.12700000000001 1 -0.455949119845048
101.729 1 -0.15831670719801003
110.63 1 -0.49064068669228
115.73100000000001 1 -0.189174553647307
123.132 1 0.20381991691947304
128.13299999999998 1 -0.25741731185542105
134.234 1 -0.23068692102816601
144.136 1 -0.489996469582676
149.724 1 -0.4877386136263479
159.024 1 -0.495599905671107
168.324 1 -0.49881084593939706
175.925 1 -0.48150401118962805
181.62599999999998 1 -0.48769064883021007
186.827 1 -0.21843751011903195
194.628 1 -0.42576742945716606
200.12900000000002 1 -0.377979427514337
207.03099999999998 1 -0.49495957177140004
212.732 1 -0.45869446914517703
221.533 1 -0.42057428220810206
228.03400000000002 1 -0.499969425541474
237.136 1 -0.49422659217947296
243.325 1 -0.49872827255392604
249.52599999999998 1 -0.498323111369904
257.726 1 -0.499901178583824
263.526 1 -0.494203858498376
271.126 1 -0.025443641131126002
280.827 1 -0.4348614173633739
288.228 1 -0.499657093683239
293.629 1 -0.499939017781699
302.731 1 -0.47410188934330394
308.532 1 -0.49926876625819705
315.233 1 -0.49590093523470496
321.834 1 -0.49936201291562105
326.835 1 -0.126982532641577
335.227 1 -0.48489236954147896
340.42699999999996 1 -0.49963326111710205
346.327 1 -0.042684432270458
353.327 1 -0.463774164893773
361.42699999999996 1 -0.49999832143103995
367.62699999999995 1 -0.488550060843612
376.527 1 -0.499606958358886
384.32800000000003 1 -0.46824985552058296
389.43 1 -0.21683557246538895
397.43199999999996 1 -0.497285331423591
403.532 1 -0.49998242919608704
409.13300000000004 1 -0.49916190232313
414.634 1 -0.49970201564247796
422.335 1 -0.4496405919049051
428.036 1 -0.4494512200832321
433.528 1 -0.44622167478126795
442.528 1 -0.49986964617709
