5.548 1 -0.4988547247451571
10.929 1 -0.456914877677449
16.53 1 -0.325151131333028
22.430999999999997 1 -0.49767981583381504
27.631999999999998 1 -0.450757253703133
35.033 1 -0.491185004243027
42.635 1 -0.40491524037994703
48.33 1 -0.46490889325739204
54.13 1 -0.48656127773747704
62.23 1 -0.483508584712374
67.73 1 -0.052383471752664994
72.93 1 -0.497130454052781
80.831 1 -0.49847599482358096
85.931 1 -0.46235082078681394
93.631 1 -0.48917372268849896
101.031 1 -0.49783095955382506
106.031 1 -0.32435548331486797
111.031 1 -0.48107194910535106
116.631 1 -0.48836600051391293
125.53299999999999 1 -0.42216455204791203
132.534 1 -0.33543715777135497
141.438 1 -0.497331323108
149.032 1 -0.4625497651298211
155.93200000000002 1 -0.494196936184051
162.132 1 -0.35382830684411803
171.43200000000002 1 0.185129001128477
177.132 1 -0.280968450690715
183.832 1 -0.018933564074763
189.232 1 -0.035759755230171
194.732 1 -0.49669891187327603
201.632 1 -0.49812466240164505
207.332 1 0.051021968584822
213.933 1 0.136079929499854
221.333 1 -0.44374523411373207
227.13400000000001 1 -0.4988484100398529
232.235 1 -0.279941048811906
240.03599999999997 1 -0.392163439527295
248.233 1 0.016123187259271
257.033 1 -0.487495745306706
266.033 1 -0.45101434194939205
274.435 1 -0.486634066942276
280.534 1 -0.279983201266721
289.634 1 -0.484568605996985
297.134 1 -0.24226410313105498
302.634 1 -0.43165615632808
308.834 1 -0.40540888285646604
315.034 1 -0.47145030866509796
320.634 1 -0.44345226429629
327.235 1 -0.214529197667904
333.336 1 -0.49052590167252
338.837 1 -0.280926433979971
346.635 1 -0.485639617989793
356.335 1 -0.25496732073022804
362.835 1 -0.200612566765972
371.935 1 0.034329195629303
381.835 1 -0.052444200331317
390.736 1 -0.086820489580162
395.935 1 -0.499719756348302
403.935 1 -0.47680720535157795
409.936 1 -0.42648370677927794
419.235 1 0.228050031731738
425.336 1 0.070421057203433
432.93699999999995 1 -0.494228609715812
442.538 1 -0.456925002882239
