5.55 1 -0.320594703605954
14.832 1 -0.22457114173488502
22.232 1 -0.073687555369345
27.831999999999997 1 -0.3695647202185471
36.931999999999995 1 0.264484046730129
43.633 1 -0.47756563700433796
49.335 1 0.015619562221644
55.536 1 -0.051026370526786
63.133 1 -0.198939598770469
71.233 1 -0.452726506860638
78.733 1 -0.440975490615101
85.73299999999999 1 0.399413066018319
93.53299999999999 1 -0.17371732231962397
99.53299999999999 1 -0.44715858252499296
105.333 1 -0.124122723757865
110.333 1 -0.44277666231647106
119.134 1 -0.036634784919436
127.333 1 -0.34060035185180704
136.233 1 -0.464886818701748
141.734 1 -0.49350911479540294
149.335 1 -0.226296307831068
159.237 1 0.193628988541431
164.634 1 -0.48142740158399394
171.53400000000002 1 -0.36088352267060103
177.734 1 -0.11821326175201599
183.43599999999998 1 -0.42873736012307
189.335 1 0.017782487865084
194.53400000000002 1 -0.273254050062841
200.63400000000001 1 -0.495861275506788
208.635 1 -0.46814506073142
214.735 1 -0.48245588800471395
222.437 1 -0.478276014269498
228.035 1 -0.433584191058558
234.635 1 -0.493235501443601
240.735 1 -0.41623292405032897
249.83599999999998 1 -0.09416636234796301
254.937 1 -0.40166234131143896
261.538 1 -0.477923618289634
266.535 1 0.20922196427724
272.036 1 -0.47564039778624395
278.541 1 -0.319444963424308
285.442 1 -0.202390031946828
290.936 1 0.184472239771468
299.836 1 -0.471568011131479
309.13599999999997 1 -0.283463955321822
318.036 1 -0.40816856220159903
323.232 1 -0.011509702743977999
332.936 1 -0.23790394001576998
340.337 1 -0.38830201480940707
345.536 1 0.232788226114236
353.121 1 -0.32426209871619605
362.12300000000005 1 -0.487389143242639
367.923 1 -0.491808479586939
373.025 1 -0.451980003062587
378.526 1 0.31569951888926195
388.12699999999995 1 -0.4742228506938
396.028 1 -0.27782993420819896
401.431 1 -0.348372428176412
407.031 1 0.205817564436611
412.73199999999997 1 -0.214613139216501
420.13300000000004 1 0.090193268768801
427.934 1 -0.49477367294756003
434.13800000000003 1 -0.445039219199394
442.522 1 -0.475246329923824
