5.551 1 -0.498018232175048
11.633 1 -0.498523211980044
19.333 1 0.288445093913383
27.334 1 0.477438274390582
34.734 1 -0.478872906519732
40.534 1 -0.499880940744647
45.63399999999999 1 -0.499823715951114
51.333999999999996 1 -0.452636184178373
56.934 1 -0.311974453156544
66.63600000000001 1 -0.45686309267664
72.737 1 -0.49993060425053404
79.634 1 -0.34888339443069605
85.03399999999999 1 -0.499193913841396
93.441 1 -0.23533428446376
98.435 1 -0.49999458658183393
104.635 1 -0.495873222706886
112.735 1 0.392678989361666
117.935 1 -0.49613677944606793
125.735 1 -0.433422336268818
134.635 1 -0.49975157251258395
139.835 1 -0.424904866404
144.835 1 0.280242022661625
159.336 1 -0.395673377555805
166.33700000000002 1 -0.499884649146122
172.838 1 -0.49973899373898706
178.33900000000003 1 -0.3878530941432539
185.236 1 -0.29656856321054
191.93599999999998 1 -0.18858067711696805
201.226 1 -0.499802104088721
208.828 1 -0.494563977804642
214.62900000000002 1 -0.423662030408403
224.23 1 -0.382932260011186
233.332 1 -0.49999576381881
239.033 1 -0.466950718412391
246.637 1 -0.20569049370776396
252.137 1 -0.499952293191597
258.72 1 -0.271653489527831
264.721 1 -0.499521607026498
271.322 1 -0.4999068298387971
277.425 1 0.038856482938146
284.92400000000004 1 -0.49390147200341405
291.125 1 -0.474397435330544
300.027 1 -0.436427707229329
305.928 1 -0.49370662180736696
313.529 1 -0.314670796311857
323.432 1 -0.49831928597492003
328.832 1 0.11822292864933999
336.733 1 -0.248027134739515
345.535 1 -0.434517533050962
352.92199999999997 1 -0.49868430559371396
361.82199999999995 1 -0.499445720305128
366.92199999999997 1 -0.35289837231806703
376.224 1 -0.32900009042743605
381.425 1 -0.499805586888711
386.926 1 -0.014454246448290001
392.527 1 -0.49522136544492
400.728 1 -0.49921900471784003
406.42900000000003 1 -0.43925461468879295
413.83 1 -0.49957383841984004
421.63199999999995 1 -0.499747122320598
436.934 1 -0.496824476528904
