5.544 1 -0.45834646170416293
11.427 1 -0.49070037208303
21.127 1 -0.49998655213969395
27.329 1 -0.49892470393087796
35.13 1 -0.49619395576092795
44.431999999999995 1 -0.499999984117948
53.333 1 -0.499992488557156
60.935 1 -0.49999975468991703
70.227 1 -0.49999997432152793
75.428 1 -0.499983511106343
81.528 1 -0.09832466749128699
90.62799999999999 1 -0.395264822509598
96.228 1 -0.49999928991527
104.12799999999999 1 -0.499995003738489
113.02799999999999 1 -0.4999977239893279
121.929 1 -0.49533727452336207
127.43 1 -0.499947150543437
132.433 1 -0.403515353716048
138.131 1 -0.497465172716624
144.733 1 -0.43434056582684794
150.134 1 0.443710295993611
157.135 1 -0.499509871063829
162.136 1 -0.498076502898226
170.52900000000002 1 -0.499998441230663
175.729 1 -0.361662708831752
180.829 1 -0.49979830562865896
188.62900000000002 1 -0.427803250463356
196.02900000000002 1 -0.438044008712883
202.12900000000002 1 0.12255906976382303
207.62900000000002 1 -0.004990108806858
213.829 1 -0.39797243701633
220.03 1 -0.36635309354111106
228.03099999999998 1 -0.49999720929635705
237.632 1 -0.498796645330692
246.734 1 -0.49972617574255496
255.535 1 -0.49999994909371703
263.63 1 -0.48520681171988
270.23 1 -0.499999358730803
275.73 1 -0.49935380223451703
285.631 1 -0.499207787589418
291.731 1 -0.49999960337698707
297.431 1 -0.160241883155581
302.83099999999996 1 -0.46898049127348795
308.631 1 -0.4995573493076
316.031 1 -0.38422256718607894
322.031 1 -0.49979232810398705
327.131 1 -0.4044450051986311
333.832 1 -0.494452380414039
341.436 1 -0.48790213719510706
349.035 1 -0.499985537744595
355.532 1 -0.440324010056835
361.13199999999995 1 -0.33096726361444107
368.63199999999995 1 -0.13701629125917
377.63199999999995 1 -0.499999991988674
385.332 1 -0.497362202047413
390.532 1 -0.49995227203408005
397.93199999999996 1 -0.49999893244731797
404.832 1 -0.499999965135885
410.332 1 -0.49999192195256004
416.13199999999995 1 -0.444276545661206
421.833 1 -0.4999648464722589
430.033 1 0.09574793730534001
435.634 1 -0.49999621101610797
442.535 1 -0.37337157676531396
