5.5489999999999995 1 -0.428475929536174
11.131 1 -0.425416046554695
19.232 1 -0.45927107274697704
27.031999999999996 1 -0.149824587735147
33.532 1 -0.499753734029903
41.232 1 -0.426960747812766
48.233000000000004 1 -0.49999999997736894
55.135 1 -0.30492400428430294
61.336000000000006 1 -0.499999229934921
67.132 1 -0.49973646572688796
74.033 1 -0.4998941238773621
79.133 1 -0.4992256410560471
84.333 1 -0.14466551979173498
89.53299999999999 1 -0.49815940004446796
94.633 1 -0.258816949598063
104.23299999999999 1 -0.170103456941213
113.333 1 -0.499999949360122
120.73299999999999 1 -0.4999699394741379
128.233 1 -0.49999928040647107
133.634 1 -0.499999999999082
138.834 1 -0.49998144979874604
144.534 1 -0.46100055208308705
152.135 1 -0.499997465333386
160.036 1 -0.49999999999906003
168.234 1 -0.49999999242624
174.43400000000003 1 -0.49998416361687104
182.03400000000002 1 -0.286570823267252
190.93400000000003 1 -0.499997684379759
199.835 1 -0.499999999706206
206.43400000000003 1 -0.499999999993428
211.435 1 -0.48958403489097996
218.135 1 -0.499867284888292
224.235 1 -0.499981864254817
233.535 1 -0.49996316045693207
239.135 1 -0.499999897132169
248.235 1 -0.499999892376681
257.937 1 -0.49999961224800293
264.038 1 -0.499999997944818
271.436 1 -0.498428253275358
280.436 1 -0.49977501164304705
286.036 1 -0.499794451228231
293.436 1 -0.434250661933609
298.836 1 -0.490039694877375
308.13599999999997 1 -0.49999999789785
314.13599999999997 1 -0.49999999886726
321.932 1 -0.128989335604676
329.533 1 -0.499997287554824
337.93699999999995 1 -0.49999773611709997
347.837 1 -0.49998266559449206
354.421 1 -0.499999998965151
360.522 1 -0.499999342593984
366.223 1 -0.49999999799073597
371.92400000000004 1 -0.49448559597614
376.92400000000004 1 -0.49999999891731106
385.726 1 -0.18001601338424303
394.62800000000004 1 -0.113036694748154
400.12800000000004 1 -0.499999999848685
406.33 1 -0.46014480317993894
411.83099999999996 1 -0.17507934198995098
417.63199999999995 1 -0.49996634403749896
423.533 1 -0.438294091555899
429.034 1 -0.499886698670743
434.535 1 -0.49917137327983097
442.539 1 -0.499999984263364
