5.5489999999999995 1 -0.49998614112713896
11.232000000000001 1 -0.499998534038102
16.332 1 -0.499958290625901
23.331999999999997 1 -0.49230300574470603
28.831999999999997 1 -0.499999985475389
36.435 1 -0.41120228888036
42.935 1 -0.49345933194845604
50.633 1 -0.4999998833605371
56.833 1 -0.499999999965513
64.233 1 -0.26563138655900603
69.433 1 -0.49419703680056604
74.933 1 -0.49996991625041
83.333 1 -0.49987447936468293
88.93299999999999 1 -0.49997830991708503
94.633 1 -0.27321872607824
102.73299999999999 1 -0.49999999590221206
110.634 1 -0.49989341743805105
118.234 1 -0.49971566381141796
123.634 1 -0.49927369212453
129.334 1 -0.485303029288866
135.535 1 -0.493456823229718
142.436 1 -0.49998436773878707
151.33700000000002 1 -0.49999894306455606
159.534 1 -0.49697392285249203
169.734 1 -0.499758557581983
175.334 1 -0.4999995865714721
180.535 1 -0.498145279992281
187.235 1 -0.499999701809547
196.035 1 -0.499964584024631
203.835 1 0.210913247139826
211.235 1 -0.49999951310242796
220.535 1 -0.47324205363120103
226.335 1 0.061080114334784004
231.735 1 0.100875891809029
237.83599999999998 1 -0.499923153397346
246.737 1 -0.499999701924629
255.83900000000003 1 -0.497817244142726
260.836 1 -0.0203865898645
267.736 1 -0.499768753342151
277.036 1 -0.485297438461909
286.936 1 -0.380929899972056
294.72900000000004 1 -0.498355977648632
301.33 1 -0.499999956268941
308.83099999999996 1 -0.499999999800323
315.033 1 -0.49999682021499997
321.034 1 -0.41123351691724
329.93699999999995 1 -0.46328093334733794
339.02 1 0.33635544818185603
347.02099999999996 1 -0.43167906476965
354.62300000000005 1 -0.45702017875993795
359.724 1 -0.499999746901883
369.42699999999996 1 -0.479723015877854
374.926 1 0.38097038339759404
380.528 1 -0.499035023989417
390.129 1 -0.4996791673289579
399.131 1 -0.49999978509242105
406.532 1 -0.49999995628581895
412.333 1 -0.49998672137005606
418.435 1 -0.49994457225399
424.536 1 -0.49903539604739294
430.022 1 -0.468647845752505
436.62199999999996 1 -0.49527384620533005
442.522 1 -0.49999388054257504
