5.535 1 -0.499999102894146
14.434000000000001 1 -0.49999000793635295
22.635 1 -0.499996255147557
28.836 1 -0.48272981524485103
34.634 1 -0.49999681898734205
39.834 1 -0.48749295201217296
49.13399999999999 1 -0.49643945343837603
58.833999999999996 1 -0.49999827419339293
67.735 1 -0.4999955879618321
72.935 1 -0.49972756530615503
81.835 1 -0.49947603542200103
87.535 1 0.05042561828988
96.335 1 -0.49999999652053706
104.435 1 -0.499852176785961
110.13600000000001 1 -0.49999625370173795
116.235 1 -0.49999923796627604
123.836 1 -0.49997831828784794
131.638 1 -0.499893376292705
137.239 1 -0.16665575999874302
146.236 1 0.21083390988003697
151.636 1 -0.49444078152384996
158.336 1 -0.457036053482
165.236 1 -0.49999999939904
170.22799999999998 1 -0.499909498465966
176.12900000000002 1 -0.49998823229914596
181.23 1 -0.49999923826036996
187.331 1 0.13929352970296602
193.93200000000002 1 -0.16656997337624802
199.733 1 -0.49947623753192
207.33700000000002 1 -0.499992795862318
213.537 1 -0.407680224872955
219.521 1 -0.499999939345311
227.321 1 -0.499997180946941
235.22299999999998 1 -0.40764787347883397
240.22299999999998 1 -0.499999982894266
245.725 1 -0.362676044294005
252.326 1 -0.473252104216573
257.926 1 -0.499852119722346
263.628 1 -0.499931870720588
271.129 1 -0.499964570351604
280.231 1 -0.49999942657744706
285.732 1 -0.490947579160585
293.133 1 -0.44978446111525794
302.735 1 -0.293700122485967
308.238 1 -0.44136258185001204
318.122 1 -0.34217663071017196
325.522 1 -0.393029314585728
333.923 1 -0.46172356656208396
341.325 1 -0.495984122338597
350.626 1 -0.499999987662279
358.62800000000004 1 -0.49999999983045296
364.029 1 -0.499986726494665
370.53 1 -0.46863612085877204
375.73 1 -0.49506834074867895
381.93199999999996 1 -0.499999939368719
387.533 1 -0.483447203915104
393.034 1 -0.499999997491363
400.035 1 -0.319201077288638
405.13599999999997 1 -0.483453486500724
414.223 1 -0.49999999517400706
421.82300000000004 1 -0.376370026071871
427.92400000000004 1 -0.499999989523945
434.824 1 -0.495809371494486
442.526 1 -0.49914440271113597
