5.569 1 0.25283488638790397
10.535 1 -0.49999467312870505
16.127000000000002 1 -0.498616954418588
21.627 1 -0.499340509926079
27.026999999999997 1 -0.499999654021248
32.727 1 -0.49995408073374703
38.527 1 -0.49979315940163893
47.626999999999995 1 -0.499558061443988
52.727 1 -0.48429473130799605
59.628 1 -0.49999912727911705
68.929 1 -0.477961423970543
78.631 1 -0.487988007536179
84.432 1 -0.364723620818328
92.03299999999999 1 -0.49999994636460604
99.435 1 -0.499687049005088
106.036 1 -0.299892919510015
112.228 1 -0.499971284495128
119.12799999999999 1 -0.49493207765583597
127.52799999999999 1 -0.4507246664697979
135.028 1 -0.49999990935648797
140.128 1 -0.499999904206502
148.929 1 0.016079182638681
155.029 1 -0.23892176959261
164.929 1 -0.484858112256488
173.13099999999997 1 -0.499999634364186
178.732 1 -0.49997729214627795
185.435 1 -0.49811874567598996
193.43599999999998 1 -0.49999999213218604
198.835 1 -0.48092842100981703
206.62900000000002 1 -0.49998796913529403
214.73 1 -0.34952475873930394
220.83 1 0.191179547526755
227.43 1 -0.499951471919239
236.53 1 -0.49963064008893
242.43099999999998 1 -0.24944085676533398
249.43099999999998 1 -0.49464568116655105
254.43099999999998 1 -0.49997851292453205
260.431 1 -0.49999938207767897
269.431 1 -0.49993514726259797
275.932 1 -0.4798666692894579
284.834 1 -0.49999666890425803
292.735 1 -0.377138899338803
300.131 1 -0.497156094943611
309.731 1 -0.337332710915393
317.33099999999996 1 -0.499293466319836
324.931 1 -0.499723593753944
330.131 1 -0.183204128482203
336.231 1 -0.415275105974071
343.63199999999995 1 -0.498591648884113
349.332 1 -0.49972856580513497
354.532 1 -0.49998994564922705
360.73199999999997 1 -0.420797523149689
365.93199999999996 1 -0.49993146285318607
371.43199999999996 1 -0.49998300832143105
377.033 1 -0.49999987886239095
382.534 1 -0.499996847987841
391.436 1 -0.495521395040693
397.63300000000004 1 -0.49916617392668394
403.332 1 -0.49851175133455394
412.63300000000004 1 -0.49815253270939797
421.533 1 -0.49985353953207
429.333 1 0.436312738470906
434.833 1 -0.49992756914051295
442.533 1 -0.496824812305568
