5.548 1 -0.380089465183128
14.833 1 -0.44701861186132796
20.333 1 -0.46492597755720794
27.935 1 -0.48816823451398705
33.038 1 -0.494647401100436
40.922 1 -0.145346054131547
49.321999999999996 1 -0.49904300726468104
56.724 1 -0.026772372953457
62.424 1 -0.44210431894308394
67.425 1 -0.49793619108403603
73.32600000000001 1 -0.358516577764875
82.328 1 0.11017436199675999
87.82799999999999 1 -0.081167033352292
96.73 1 -0.27630131974060307
101.831 1 0.497012013561008
109.633 1 -0.426829644736094
115.234 1 -0.139240641312279
120.935 1 -0.14615709916022002
127.836 1 -0.489497087678805
135.523 1 -0.44833623267239003
142.523 1 -0.28209312442172996
149.124 1 -0.497186202953119
154.524 1 -0.237574952253103
162.125 1 -0.493376080514971
172.02700000000002 1 -0.059025152337353
179.528 1 -0.231703449665219
185.329 1 -0.369140757147841
191.43 1 -0.42947381992628997
200.532 1 -0.467968987536437
205.733 1 -0.152209144029121
211.234 1 -0.498883693493365
218.135 1 -0.4983831218859389
227.425 1 -0.499609170287171
232.425 1 -0.44996097259894297
238.625 1 -0.48706380733170396
244.725 1 -0.49799730313513396
249.925 1 -0.49805660910340993
256.425 1 -0.350590301406205
263.126 1 -0.46968091303775494
268.327 1 -0.481904885871619
277.22900000000004 1 0.10298671055574499
286.83 1 -0.153012932906605
292.431 1 -0.420460478039704
298.032 1 -0.40359136573843396
305.834 1 -0.064093190948683
313.235 1 -0.492967687125619
319.236 1 -0.460612078440706
325.427 1 -0.138422614216288
333.626 1 -0.499788764252912
342.726 1 -0.44548686252524194
348.426 1 -0.473899001828669
353.827 1 -0.435172071416428
359.62699999999995 1 -0.49595177240465
366.228 1 -0.45538724033389
372.431 1 -0.40061853992712104
379.83 1 -0.47065516908036603
385.33099999999996 1 -0.49978230649543604
392.93199999999996 1 -0.474653808114699
401.834 1 -0.49098392011041797
407.935 1 0.22574942460726102
417.62699999999995 1 -0.260219153928047
425.62800000000004 1 -0.496827075206034
434.42800000000005 1 -0.34277191043124294
442.528 1 0.025888468017412996
