5.551 1 -0.49920939241847606
13.533 1 -0.400132137845589
19.133 1 -0.49893147806772403
28.433000000000003 1 0.028555638863518997
34.134 1 -0.204344762882975
43.035 1 -0.206506296648233
50.633 1 -0.465504617589917
57.534 1 -0.49958698962276005
64.03399999999999 1 -0.40736768590166905
69.734 1 -0.49890904018015997
78.53399999999999 1 0.14989459715665
84.134 1 -0.499595489697896
89.634 1 -0.19118430483807397
97.434 1 -0.33215766077567
103.03399999999999 1 -0.46445005319404
108.035 1 -0.4999486077302
117.134 1 0.283992579651773
124.53399999999999 1 -0.32174027691086104
129.634 1 -0.20217402053179398
138.535 1 -0.466528984734361
145.937 1 -0.28044864598061303
152.53799999999998 1 -0.49979733300201
157.935 1 -0.44938740856471004
166.035 1 -0.125873861546872
173.635 1 -0.4977788064913449
182.53599999999997 1 -0.43406721215093397
189.435 1 -0.482773746005364
195.136 1 -0.48638722474702595
201.236 1 0.041493608142263
206.43599999999998 1 -0.49999373873507397
214.83599999999998 1 -0.4997909101987679
220.33599999999998 1 -0.4997288690885279
226.33599999999998 1 -0.48294896542085497
235.33599999999998 1 -0.37648940327504904
241.52 1 -0.128306345073753
249.422 1 -0.475275889210106
258.52299999999997 1 -0.48679994481381106
265.224 1 -0.49838982188225395
270.725 1 -0.40648966810654996
276.82599999999996 1 -0.13797039448320403
282.22700000000003 1 -0.499974522472385
290.42900000000003 1 -0.37872397453350204
295.93 1 -0.498321527030698
301.131 1 0.049230740482816
306.131 1 -0.4723615393178321
315.83299999999997 1 -0.493274890130849
321.634 1 -0.49919278573731696
327.53700000000003 1 -0.493063196071864
335.221 1 0.145146389900852
342.82099999999997 1 0.184483992313935
348.923 1 -0.496584711118849
354.023 1 -0.329231824179142
359.824 1 -0.49782443938882
366.426 1 -0.49334401900373703
371.626 1 -0.380923610024371
381.228 1 -0.4911149037048929
387.42900000000003 1 -0.39729165753945395
396.731 1 -0.48746054369487607
404.13199999999995 1 -0.496823792449279
411.63300000000004 1 -0.48329416615495
419.436 1 -0.48223740658881203
425.63599999999997 1 -0.473725471314276
435.523 1 -0.4473503065259571
442.523 1 -0.403810688110947
