5.558 1 -0.4907512307552
11.636000000000001 1 -0.498004552754085
18.124000000000002 1 -0.431190143493822
23.224 1 -0.495882995254255
28.624000000000002 1 -0.45376511845310097
34.425 1 -0.269076248466401
41.824 1 -0.017355860518516
47.425 1 -0.49393698568657396
52.826 1 -0.499739127238156
58.527 1 -0.301806124923357
67.329 1 -0.47749590800895797
72.33 1 -0.32834049613277505
81.232 1 -0.499333020635422
88.93299999999999 1 -0.15768778159817498
98.03399999999999 1 -0.47667983295173794
104.935 1 -0.49700444045242104
110.125 1 -0.402944692231859
116.825 1 -0.46474806704555804
124.425 1 -0.449718946733448
131.42700000000002 1 -0.38968723125676796
139.428 1 -0.49976113234559705
146.026 1 0.158571408974821
151.727 1 -0.494445693224954
159.828 1 -0.265823075265943
168.73 1 -0.367013095970932
176.93200000000002 1 -0.494818824759238
182.93200000000002 1 -0.49980689992828203
191.334 1 -0.488376075410012
197.43599999999998 1 -0.49774036075144895
202.93599999999998 1 -0.4966082861960779
208.12599999999998 1 -0.49947050616655103
217.12599999999998 1 0.424053656849726
224.727 1 -0.4905826978079829
232.127 1 -0.46536277264738596
238.227 1 -0.498646797004455
244.127 1 -0.49934506049872796
254.028 1 -0.474130155402596
260.22900000000004 1 -0.4849106598745929
269.131 1 -0.498522288168591
278.733 1 -0.48565989157978995
286.634 1 -0.4999231065686379
292.135 1 -0.299523702057362
298.336 1 -0.296586012876091
307.628 1 -0.458959310035052
313.428 1 -0.496296908543344
321.228 1 -0.48463734914162204
326.828 1 -0.48263416949894705
332.32800000000003 1 -0.41039973124567797
339.92800000000005 1 0.262538222941547
346.82800000000003 1 0.06209501818920501
352.329 1 -0.49970985611917695
357.53 1 -0.24621017234820197
364.131 1 -0.225543327534077
371.532 1 -0.46831295424019104
381.23400000000004 1 -0.493826142463998
388.735 1 -0.47860530727875
394.42900000000003 1 -0.43210084752978495
400.629 1 -0.489536786001174
409.92900000000003 1 -0.494344097204586
419.029 1 0.2008718499932
426.83 1 -0.49951515897718496
431.93 1 -0.418706368759949
436.93 1 -0.496949503918873
442.53 1 -0.01280296485281
