5.55 1 -0.43639434520332704
13.732999999999999 1 -0.496229045431339
22.635 1 -0.48858364316715797
29.526999999999997 1 -0.498783184134905
34.727 1 -0.065611935500892
39.827 1 -0.4998714898725539
45.227 1 -0.4996080371361721
52.727 1 -0.49960082968575203
62.626999999999995 1 -0.345340441840726
71.727 1 -0.43324544800528997
79.128 1 -0.49994882860259704
88.83 1 -0.49778108640526203
94.531 1 -0.49920453979337104
102.132 1 -0.495807578657889
108.23299999999999 1 -0.481399944927654
113.835 1 -0.477091418904995
121.236 1 -0.49371328563758904
130.328 1 -0.49237365924688103
136.028 1 -0.281259180866754
141.529 1 -0.472308565824603
147.028 1 -0.13757675076109302
153.22799999999998 1 -0.391463558875135
161.129 1 -0.49964109597024603
166.229 1 -0.491524954814522
171.729 1 -0.330916930891687
181.33 1 -0.333462470503871
190.231 1 -0.48878754644673494
195.93200000000002 1 -0.497487382529647
202.13299999999998 1 -0.29889346866851596
208.234 1 -0.45750026081158796
214.735 1 -0.489723842511807
221.329 1 -0.22632468269665196
226.52900000000002 1 -0.46094601078683206
233.23 1 -0.49890584008912103
238.73 1 -0.468748823905979
244.53 1 -0.37922421973565207
252.13 1 -0.46929598658704996
261.431 1 -0.47935542579541496
266.63 1 -0.41624359569716296
272.23 1 -0.499953992130346
278.23 1 -0.490916775276754
283.83099999999996 1 -0.08713038364232101
291.432 1 -0.26324862405408
297.533 1 -0.49689356302563703
303.735 1 -0.28192959223922
312.536 1 0.134265730531861
321.531 1 -0.31268288220933804
327.33099999999996 1 -0.313280001978019
335.131 1 -0.13848375599163001
344.431 1 -0.474585570564498
352.43199999999996 1 -0.495003384230974
357.43300000000005 1 -0.49941111228675106
363.332 1 0.14177815693863902
372.23199999999997 1 -0.41733455734922403
379.23199999999997 1 -0.49991447700743896
387.63300000000004 1 -0.448841323542755
395.034 1 -0.10925638315339599
402.735 1 -0.45456231925064206
407.736 1 -0.47626103191789
414.333 1 -0.49533922635689503
421.233 1 0.242742622674524
429.033 1 -0.20764675873911603
437.13300000000004 1 -0.499843899707836
442.533 1 -0.49880513740999
