5.5280000000000005 1 -0.46441790227473706
11.127 1 -0.4417691755699179
20.028 1 -0.46855944624694507
26.128 1 -0.40102712828910203
31.329 1 -0.484779368474124
39.53 1 0.212184829458356
45.031000000000006 1 -0.4728515074649411
50.132 1 -0.23041677843862002
58.534 1 -0.402272117662194
63.534 1 -0.4987799688992271
69.128 1 0.461690786842563
76.928 1 -0.10733460487264199
84.428 1 -0.355214957627561
91.32799999999999 1 0.012491132904706001
97.029 1 -0.47904290320467896
103.229 1 -0.49779935631444605
108.729 1 -0.26878207653329605
114.829 1 -0.41316595325855004
119.829 1 -0.45820493315824
125.62899999999999 1 0.16487828055863402
133.63 1 -0.444635232845067
139.531 1 -0.39957303698796703
150.733 1 -0.260424295231648
158.534 1 0.020042919455825
175.83 1 -0.49603369621727705
182.53 1 0.35346784802072995
192.23 1 -0.48811960629559703
201.23 1 -0.09620620699484199
207.83 1 -0.154941234006756
217.13 1 -0.471207647302695
224.731 1 -0.28687754871758697
233.831 1 -0.015998188351477
242.732 1 -0.110677683684422
252.334 1 0.24483594505759002
259.335 1 -0.289581692330063
268.131 1 -0.493183236719374
277.231 1 -0.08550234036469599
282.731 1 -0.416613406299706
293.832 1 -0.471657213565589
301.432 1 -0.04611197971002901
307.932 1 -0.14437200636004402
314.032 1 -0.49347656771375603
319.232 1 0.18826692230549696
328.132 1 -0.463365495626052
334.13199999999995 1 -0.484101219892971
341.833 1 -0.050124462265102004
347.034 1 -0.449968436664727
352.735 1 -0.327982235410055
358.93199999999996 1 -0.49695478725777
364.033 1 -0.498742559097526
372.13300000000004 1 -0.392637574647039
378.333 1 -0.49014061297770894
385.93300000000005 1 -0.45410834229159897
391.63300000000004 1 -0.175145310050915
398.533 1 -0.39550140034861603
405.93300000000005 1 -0.14114823908278798
413.833 1 -0.499063894979433
423.13300000000004 1 -0.48335804846956104
430.533 1 -0.48285587352790105
435.934 1 -0.47776536814396997
442.534 1 -0.39397567890771396
