5.547 1 -0.49993445029798
15.429 1 -0.40796532051905393
20.929000000000002 1 -0.49992132894230895
29.329 1 -0.496547730115227
34.929 1 -0.48134547395557703
40.629 1 -0.498979748640688
50.32899999999999 1 -0.43803811441314006
57.33 1 -0.434898636233609
66.131 1 -0.499913360709611
74.232 1 -0.49999986358855897
81.633 1 -0.43218735177507295
90.935 1 -0.486541308875263
96.43 1 -0.483890418847605
102.63 1 -0.4997469106061839
111.931 1 -0.490798120088591
121.031 1 0.28479097652858804
126.031 1 -0.49980850943568
132.631 1 -0.499885486654061
140.631 1 0.038374401680424
146.33100000000002 1 0.289587694586376
151.731 1 -0.370402003132534
159.33100000000002 1 -0.20975851970050302
166.032 1 -0.49225176503449103
172.13299999999998 1 -0.49782100623665004
179.93400000000003 1 -0.499647381209268
185.335 1 -0.49999956107998705
193.532 1 -0.391539233560094
200.93200000000002 1 -0.499976805610508
210.032 1 0.106533946492252
216.232 1 -0.485480794797637
222.132 1 0.057426182069146
229.032 1 -0.49999454615729994
236.43200000000002 1 0.07040441284029801
241.533 1 -0.49999545584604504
249.032 1 -0.49998458638688603
255.033 1 -0.49999775961523896
260.533 1 -0.495441983284776
266.133 1 -0.49206391587729603
275.034 1 -0.38723995532058497
280.235 1 -0.46945942821794706
286.736 1 0.068180222985519
292.33299999999997 1 -0.4999308980029579
299.233 1 -0.342683339208209
305.83299999999997 1 -0.498866293346786
313.534 1 -0.37624005959032797
319.73400000000004 1 -0.499055215276983
325.834 1 -0.316954813032861
333.634 1 -0.4897841450150321
338.834 1 -0.475490268073761
347.834 1 -0.4999435388277079
353.934 1 -0.36147498520941496
359.634 1 -0.49989601820258
368.534 1 -0.47988388826401895
376.435 1 -0.396538294271008
381.436 1 -0.499486793247433
386.93699999999995 1 -0.48776405792821204
396.535 1 -0.49751998961944
401.735 1 -0.44783412289784996
410.635 1 -0.48228751481705395
416.435 1 -0.49696639794430203
424.035 1 -0.149136484860573
429.135 1 -0.498815702977555
436.735 1 -0.499962478840919
442.535 1 -0.42351439364674204
