5.548 1 -0.493527338167622
10.531 1 0.49981372961836396
19.333 1 0.258991959935306
25.334 1 -0.49999947112757503
31.535 1 -0.49266856166756606
38.436 1 -0.494050855867502
45.831 1 -0.499997099133061
54.731 1 -0.49998761950634396
60.431999999999995 1 -0.20501635986304997
66.532 1 -0.49944391164867796
72.132 1 -0.41071716211757203
81.132 1 -0.35500475095442496
91.03200000000001 1 -0.496957434738255
97.53200000000001 1 -0.49991780739823793
105.53299999999999 1 -0.412275920867838
112.53200000000001 1 -0.44178516951873203
123.834 1 -0.48051278511302004
130.535 1 -0.49995634927313
136.033 1 0.246799863808784
145.13299999999998 1 -0.486617082497933
150.233 1 -0.499970039299796
156.033 1 -0.485448977180973
161.733 1 -0.46412125193701403
166.733 1 -0.47462024385890705
172.933 1 -0.28118919613223103
182.53400000000002 1 -0.49903845778336203
189.93400000000003 1 -0.498599693691426
198.834 1 -0.4999990672969721
206.63400000000001 1 -0.36294278656443396
212.43400000000003 1 -0.499710259187868
220.035 1 -0.4999890791416621
225.435 1 -0.49731518789890705
233.33700000000002 1 -0.17827421694374698
239.438 1 -0.06071293139833701
246.93400000000003 1 -0.20901894405810997
255.13400000000001 1 -0.499801114247048
262.935 1 -0.36767223382972597
270.535 1 -0.497204302224181
276.435 1 -0.269779405722726
282.535 1 -0.499846109894367
288.135 1 -0.3900104655136599
293.335 1 -0.471325321981728
301.435 1 -0.498979156776964
306.635 1 -0.492807857812771
315.035 1 -0.4817265024547321
320.535 1 0.018088602620731004
327.437 1 -0.499961495464134
332.93800000000005 1 -0.499950515319743
347.236 1 -0.499788838463052
352.336 1 0.33875003848547
361.63599999999997 1 -0.49977453769036895
369.036 1 -0.399977451466226
378.329 1 -0.49925586739124894
383.73 1 -0.499205500195774
390.33099999999996 1 -0.230419138193919
398.032 1 0.065466723427822
403.533 1 -0.482865947109788
412.43699999999995 1 -0.396264566053699
420.037 1 -0.45951991285088
426.621 1 -0.09133935955469001
436.32199999999995 1 -0.384007791800764
442.524 1 -0.499999829954242
