5.5489999999999995 1 -0.4999859647851379
11.132 1 -0.490597447495649
17.833 1 -0.499992041539477
24.835 1 -0.499521529720534
31.436 1 -0.48864114863529495
41.326 1 -0.49988025376049294
51.026 1 -0.277868329631885
56.726000000000006 1 -0.49999872011122704
61.726000000000006 1 -0.42640531159659706
67.82600000000001 1 -0.447338064740052
75.92699999999999 1 -0.498305497354975
82.12899999999999 1 -0.483536145249182
91.03 1 -0.21846192168571105
99.031 1 -0.49763097542118495
108.03299999999999 1 -0.33611950073957203
117.135 1 -0.49169679709336495
124.536 1 -0.495829603834739
131.02700000000002 1 -0.471858640122582
139.428 1 -0.49442617811404993
145.128 1 -0.42180983640403
154.428 1 -0.352592780471057
162.328 1 -0.49782331252012396
167.828 1 -0.4871424744662629
174.43 1 -0.48485544616871096
180.02900000000002 1 -0.420405704235655
187.63 1 -0.49938168935697796
196.532 1 -0.496617935020519
201.632 1 -0.47359684717109496
208.53400000000002 1 -0.4999840889048421
216.335 1 -0.491355876967728
225.12900000000002 1 -0.4999735715513521
230.62900000000002 1 -0.31122109112408003
238.229 1 -0.498842871421654
243.43 1 -0.499997742829095
249.229 1 -0.499999700112485
254.62900000000002 1 -0.401703473618043
260.129 1 -0.49236723400306204
267.529 1 -0.49994010184887394
272.72900000000004 1 -0.42507699708119506
277.83 1 -0.11033797401319301
283.73 1 -0.49701548798502504
292.832 1 -0.49683182040467205
298.433 1 -0.498504979316507
308.034 1 -0.499983011111958
314.135 1 0.07541055253984599
319.63 1 0.10573280320246
325.83 1 -0.360641341211356
333.53 1 -0.301875693144067
340.43300000000005 1 -0.330482666625301
349.33099999999996 1 -0.49753309985550004
354.33099999999996 1 -0.49962766193779
361.731 1 -0.499999533481223
369.531 1 -0.49616762942986
377.031 1 -0.32105446854544395
382.83099999999996 1 -0.196506923947284
392.13300000000004 1 -0.49990682277347104
398.334 1 -0.497366433117594
403.535 1 -0.49891008063664793
409.535 1 -0.49508009457404906
415.63199999999995 1 -0.48817626288174304
423.23199999999997 1 -0.09600052112534899
428.93199999999996 1 -0.499998355114336
434.332 1 -0.4999719400149629
442.532 1 -0.12127277533929501
