5.548 1 -0.48393459817397705
11.731 1 0.158569792280346
18.233 1 -0.48038659612468
26.034000000000002 1 -0.37833429802487606
31.835 1 -0.263262390316173
40.723 1 -0.4793871942577779
48.523 1 -0.450132227141416
56.023 1 0.062327108637918
61.123999999999995 1 -0.44477538978535897
66.725 1 -0.47358717450991994
73.32600000000001 1 -0.335813603714796
78.527 1 -0.398405038100887
87.82799999999999 1 -0.233458792526781
96.73 1 -0.49280366161375105
102.431 1 -0.492432087767452
111.23299999999999 1 -0.27125305884393697
116.73299999999999 1 -0.49238500747014097
124.135 1 -0.49562935793690505
129.836 1 -0.49864432452765206
135.32399999999998 1 -0.37280944957429296
141.024 1 -0.11301863043924902
147.724 1 -0.445100536661942
156.82399999999998 1 -0.39368128057606705
166.428 1 -0.493493326795358
174.327 1 -0.223426697057802
180.928 1 -0.43033915811337603
185.929 1 0.38938138965096103
193.53 1 -0.49584460760880894
199.63099999999997 1 -0.47723038274556895
204.732 1 -0.49204148197163894
210.933 1 -0.48802915773462696
220.835 1 -0.013422643911483
228.826 1 -0.244446841710049
234.726 1 -0.30600313489084
242.826 1 -0.3418627967878039
248.02599999999998 1 -0.456878908759128
253.52599999999998 1 -0.45662031844175605
258.526 1 -0.18229398888296
263.726 1 -0.49645120221685707
271.127 1 -0.49849041710846403
279.329 1 -0.48748814118012607
284.83 1 0.062396196564345995
293.231 1 -0.124979465080286
302.533 1 -0.08718275024207002
309.534 1 -0.202619732836467
317.135 1 -0.49977033877507204
324.027 1 -0.214384042134832
329.62699999999995 1 -0.111535107155542
335.727 1 -0.458676987162121
345.42699999999996 1 -0.483008807877165
354.527 1 -0.496626114052163
360.62800000000004 1 -0.499532687477563
366.82800000000003 1 -0.47607408075131796
374.22900000000004 1 -0.31290479159437395
379.83 1 -0.147075306877501
386.731 1 -0.482140586903276
395.63300000000004 1 -0.439577488586964
401.435 1 -0.04980743464723201
409.135 1 -0.49933345060803397
414.536 1 -0.49199199130704796
422.129 1 0.22461928226390498
431.129 1 -0.19191447025183
437.129 1 -0.402941712062685
442.529 1 -0.39897400660178006
