5.54 1 -0.0044909452518599995
11.029 1 -0.49721819638047493
18.43 1 -0.494940106184169
27.732 1 -0.070509415189417
36.133 1 -0.48665680715035997
41.934 1 -0.295597977419157
48.823 1 -0.04577655567002901
55.423 1 -0.375263913834185
63.023 1 0.144978129491375
68.72399999999999 1 -0.410158035943766
73.92399999999999 1 0.10274423787412598
80.124 1 -0.488048067874443
89.02600000000001 1 -0.115631372166145
98.62799999999999 1 -0.38693890354649996
103.728 1 -0.32949468445061103
112.83 1 -0.48024445023826207
118.331 1 -0.4959475865708449
126.53200000000001 1 -0.159578834809357
132.033 1 -0.4890661808078879
138.034 1 0.17634209373510398
143.425 1 -0.458030283528803
149.025 1 -0.439938363331235
156.925 1 0.32790292280188693
162.625 1 -0.332508459020605
171.725 1 0.483023627420096
178.225 1 -0.388058459189336
183.826 1 -0.399603841447909
191.227 1 0.034066846542582
199.328 1 0.24489714986999198
209.23 1 -0.44702100622691
216.831 1 -0.472032327012236
226.533 1 -0.09411043846155699
232.03400000000002 1 -0.37290201176872
238.226 1 -0.259589174853606
243.226 1 0.294458561751014
248.426 1 -0.416400443344082
254.52599999999998 1 -0.49061621214438
259.72700000000003 1 -0.36000632101342894
265.526 1 -0.42604034162634097
272.22700000000003 1 -0.47749783901669396
279.127 1 -0.255648432123272
284.127 1 -0.347487951515685
291.928 1 -0.43197686954241
300.93 1 -0.49483091314509997
306.531 1 -0.028722974210289
313.932 1 -0.497563742240584
321.733 1 -0.42892673484445
327.835 1 -0.444605350450193
334.42699999999996 1 0.22602052505457604
342.028 1 -0.29023324097481396
351.32800000000003 1 -0.35740258175006606
359.028 1 -0.34469342941384695
365.228 1 -0.21881608253570703
373.228 1 -0.455183589700182
379.32800000000003 1 -0.13907594772152
388.228 1 -0.48753045158422
395.23 1 0.40745027709892495
400.631 1 -0.184156621884773
405.731 1 -0.018016676120631
411.63300000000004 1 -0.141658270678331
417.334 1 0.321701279562276
426.235 1 -0.44593390802490207
433.72900000000004 1 -0.4180299081721339
442.529 1 -0.42455702836571096
