5.5489999999999995 1 -0.49988905313710497
14.630999999999998 1 0.49230026200202504
19.832 1 -0.49909618321321203
25.333000000000002 1 -0.498962199509003
32.334 1 0.445218600210801
38.935 1 0.49463866571469
47.727 1 0.44958135399804205
55.727 1 0.20849032794918398
63.126999999999995 1 -0.199722786933233
71.328 1 -0.41325628635325895
77.527 1 -0.47923397713560206
85.02799999999999 1 -0.150222467178155
94.929 1 0.36326518570151595
101.13 1 -0.492366348332295
106.531 1 -0.49658136172329403
115.432 1 -0.358221161701635
121.53299999999999 1 -0.47062544558596
127.134 1 -0.485606298243817
135.236 1 -0.49890820714995293
144.128 1 -0.437596552738454
150.72799999999998 1 -0.341240788941354
156.429 1 -0.499991767481011
161.529 1 -0.35886023441429293
171.229 1 -0.49934500109905294
176.929 1 -0.188948171500143
182.429 1 -0.49740564867931103
188.52900000000002 1 -0.4985067205041529
193.62900000000002 1 -0.49328854695737195
201.43099999999998 1 0.300713019472683
206.93200000000002 1 -0.347224841906373
216.234 1 -0.4996518729877821
222.03400000000002 1 -0.40531928877130896
227.035 1 -0.49997179723689006
235.43 1 -0.46129798256403903
241.03 1 -0.48795416811184494
247.03 1 -0.473022564617616
252.63 1 -0.27921145112358
258.13 1 -0.468881916328502
263.33 1 -0.499758143036401
269.83 1 -0.31432343106751004
277.23 1 -0.44999561727898
284.83099999999996 1 -0.478360701893204
291.031 1 -0.138589078276728
296.231 1 -0.4677523373985711
303.932 1 -0.082877740017487
311.733 1 -0.491971959521861
319.335 1 -0.499872591151695
325.036 1 -0.499898357063849
334.131 1 -0.17911266000438697
339.131 1 -0.328443012007174
344.931 1 -0.495128392739399
354.531 1 -0.364287303376837
361.93199999999996 1 -0.45422683622000204
370.832 1 -0.09725879149502499
377.73199999999997 1 -0.48336405017542794
384.43199999999996 1 -0.497929271571927
393.43199999999996 1 -0.40164986177115003
401.033 1 -0.48744290129057705
410.334 1 -0.49949893211780294
416.235 1 -0.49036697756557895
422.336 1 -0.49954093630178104
430.233 1 -0.474105563950171
437.13300000000004 1 -0.496778067152556
442.533 1 -0.496301713078711
