5.55 1 -0.26262238504367197
14.834000000000001 1 -0.468511510827906
22.236 1 -0.49518947445511796
27.822 1 -0.43392516034401096
36.922 1 -0.498863827768484
43.622 1 -0.49997815952926
49.324 1 -0.490301601753024
55.525 1 -0.026039347763445
63.126000000000005 1 -0.497058703836274
71.227 1 -0.499228701317183
78.729 1 -0.499619156560322
85.73 1 -0.176750386837091
93.531 1 -0.497931783532133
99.53299999999999 1 -0.49945799992364504
105.333 1 -0.492407440880876
110.334 1 -0.47913341354885297
119.13600000000001 1 -0.222092575143793
127.323 1 -0.4662579592556971
136.22299999999998 1 -0.462486581127345
141.72299999999998 1 -0.49998102781253206
149.325 1 -0.469551859422024
159.226 1 -0.221341006014737
164.627 1 -0.49922581187242604
171.528 1 -0.47833397935128497
177.73 1 0.00046776229128
183.433 1 -0.489590751315889
189.332 1 -0.40558648441354794
194.533 1 -0.17756846384486802
200.63400000000001 1 -0.499989587287622
208.635 1 -0.492636971425988
214.736 1 -0.499669156681484
222.425 1 -0.498779778003211
228.025 1 -0.292297950748875
234.625 1 -0.499667916725455
240.725 1 -0.48299375574760994
254.926 1 -0.49636575770332103
261.528 1 -0.499836676244322
266.528 1 -0.052400500338893
272.029 1 -0.499142422027639
278.531 1 -0.49956160326937804
285.435 1 -0.4784131573327321
290.933 1 0.035605763001596
299.834 1 -0.48955213363178707
309.126 1 -0.11325915901374199
318.026 1 -0.41667084183072095
323.226 1 -0.43175320777792403
332.926 1 -0.40526605043298497
340.327 1 -0.248742473343707
345.527 1 -0.137241983095823
353.12699999999995 1 -0.476054202455327
362.129 1 -0.49987240592267
367.93 1 -0.499990635689641
373.031 1 -0.499896803716877
378.532 1 -0.44568513310376
388.13300000000004 1 -0.497994645223495
396.035 1 -0.47243321239314207
401.436 1 -0.39576533159616406
407.028 1 -0.35836022131843204
412.728 1 -0.431514865988724
420.12800000000004 1 0.08690077566022901
427.92800000000005 1 -0.499994860505786
434.12800000000004 1 -0.4905941905204771
442.528 1 -0.49988525135487
