5.551 1 -0.417708424692885
11.033999999999999 1 0.452000654759637
18.635 1 -0.164076931807254
25.121 1 0.493626391510943
30.621 1 -0.4899854693508379
36.821999999999996 1 0.13656557045382303
42.423 1 -0.493623850695661
48.424 1 -0.46899522393062204
56.425 1 0.49941629305532703
62.626000000000005 1 -0.150400843194436
70.128 1 -0.49399480734118106
82.03 1 -0.17730799721763
87.131 1 0.42840173498427103
93.03200000000001 1 0.086470309902764
98.133 1 -0.09386113948756199
106.334 1 -0.4876656780762029
112.035 1 -0.122594818280314
119.42299999999999 1 -0.489373712014069
124.42299999999999 1 -0.481248881142689
130.523 1 -0.45198232191323995
136.023 1 -0.49908015621648105
142.624 1 -0.430380584397384
151.725 1 -0.49569654174417493
160.827 1 -0.497574743620497
169.72799999999998 1 -0.32653129268208303
179.63 1 -0.30390138920711796
187.03099999999998 1 -0.379385762294103
203.734 1 0.041320651942725
209.135 1 -0.444621643766815
216.924 1 -0.39444846072433004
222.12400000000002 1 -0.33086895018004603
227.924 1 -0.279039232565177
235.825 1 -0.400008678867764
245.425 1 -0.31317453465103007
252.826 1 0.026412507039072997
260.528 1 -0.41767812686744
270.22900000000004 1 -0.46517229279978106
278.631 1 -0.15722635077486802
286.732 1 -0.4130373359719
292.33299999999997 1 -0.37934321002795796
301.235 1 -0.488027699280344
307.32599999999996 1 0.056254201691763
316.126 1 -0.48383095415723204
321.926 1 -0.49629516626391607
329.526 1 -0.39448632501046205
334.926 1 -0.22819286534815603
343.926 1 -0.488379219921809
348.92699999999996 1 -0.38250635588240706
358.228 1 0.49750167772715703
367.53 1 0.49237187790229997
374.431 1 0.35514409865129204
380.63199999999995 1 -0.43228341060034203
391.934 1 -0.37279626268606497
398.035 1 -0.216092343899019
404.62699999999995 1 -0.473229053894234
410.327 1 -0.453360037858109
417.327 1 0.00371935884871
424.92699999999996 1 -0.41995733778669603
430.12800000000004 1 -0.48905194085803494
435.62800000000004 1 -0.42634372596041603
442.528 1 -0.48284298647542
