5.55 1 0.49168198966315396
15.232999999999999 1 -0.249415892277376
24.133000000000003 1 -0.31780217592647697
31.933000000000003 1 -0.49999750680320504
37.934 1 -0.43817399146741204
44.135 1 -0.45409027269124896
49.536 1 0.379982960923323
55.63399999999999 1 -0.203859118725615
61.13399999999999 1 -0.37074425873784006
66.233 1 -0.499999072033852
75.334 1 -0.499998679801088
82.834 1 0.030607781701376
87.934 1 -0.48756775295391097
95.834 1 -0.499988633181539
103.234 1 -0.4999423284507071
108.834 1 -0.3353891857752
116.234 1 -0.49095328746707
122.334 1 -0.49999702621165504
131.435 1 -0.499913446471845
139.036 1 -0.137997955137135
144.736 1 -0.15732557685530899
152.838 1 -0.11659658435877601
158.535 1 -0.499999381703815
165.035 1 -0.49279695633849
172.035 1 -0.499999892222384
177.035 1 -0.419558957417484
182.735 1 -0.49362394216564603
192.635 1 -0.49748672210971007
201.53599999999997 1 -0.49849378674381206
208.43599999999998 1 -0.49995416631639794
214.33599999999998 1 -0.484980430039775
219.83599999999998 1 -0.49977959398220395
225.43599999999998 1 -0.49435652096419497
232.03599999999997 1 -0.45023360218209496
240.82 1 -0.499991571290498
246.62099999999998 1 -0.49937554478407004
252.122 1 -0.309696959758011
260.52299999999997 1 -0.49995655322894395
268.225 1 -0.499979651873521
276.428 1 -0.499560989941767
282.027 1 -0.49995164827613303
289.628 1 -0.497003709857601
295.129 1 -0.496839610054644
304.031 1 -0.499982003003202
310.632 1 -0.499791070319801
315.83299999999997 1 -0.49999948162636293
322.534 1 -0.499626046282719
330.538 1 -0.499408047133372
338.32099999999997 1 -0.274465160220493
347.62199999999996 1 -0.231832816134489
353.82300000000004 1 -0.49661359179999104
359.624 1 -0.49464886034263594
366.525 1 -0.499998832346389
372.626 1 -0.495509772759747
382.228 1 -0.499917953805997
391.53 1 -0.488643116983839
396.93 1 -0.497389444160259
403.13199999999995 1 -0.49999047015103004
408.332 1 -0.499063082842187
415.934 1 -0.49976748740530996
421.135 1 -0.499876866479917
430.12199999999996 1 -0.486483534207408
437.522 1 -0.499931212346598
442.523 1 -0.4985944925603689
