5.546 1 -0.498995918162841
14.429 1 -0.242198460251657
23.230999999999998 1 -0.49999330146486104
28.631 1 -0.49998644212341803
36.533 1 -0.49623270280171
41.734 1 -0.49998491144679097
49.335 1 -0.455729404801606
59.028999999999996 1 -0.400841799130158
64.62899999999999 1 -0.16926967746844698
70.029 1 -0.44492437163043497
77.729 1 -0.49999956540048396
83.929 1 -0.48922821181245296
89.431 1 -0.207061548404263
97.03 1 -0.360085153584816
106.33 1 -0.49911183410941795
111.53 1 -0.49240421776700705
120.434 1 -0.49888268283998205
126.23200000000001 1 -0.498324018555982
131.933 1 0.003903459875539
137.534 1 -0.38932126284106
146.636 1 -0.49866759379636294
155.631 1 -0.473428065997582
160.631 1 -0.49993479457100704
168.13099999999997 1 -0.49715931323855395
175.53099999999998 1 0.070390254355136
180.731 1 -0.499686461845285
187.731 1 -0.499999807061925
196.831 1 -0.42712480576627204
202.93099999999998 1 -0.33749764874018995
212.231 1 -0.45341043992094504
220.435 1 -0.49999965461197204
229.333 1 -0.49301687278515793
237.135 1 -0.49999922200197494
242.93599999999998 1 -0.49999438400637297
250.332 1 -0.46122201397586704
258.332 1 -0.499860782215233
263.332 1 -0.49947640990279796
269.032 1 -0.499963574388526
277.433 1 -0.49999926252004795
282.932 1 -0.3766455149643621
288.533 1 -0.49984506680383006
294.533 1 -0.49999645298103995
302.133 1 -0.214884789878182
308.033 1 -0.49999553681273295
314.133 1 -0.49990213998568794
319.633 1 -0.48520674272163206
325.834 1 -0.49882136833855895
332.535 1 -0.49998569724674796
342.13599999999997 1 -0.499967783135633
349.034 1 0.3944771578313921
355.233 1 -0.499978533945059
363.034 1 -0.165849351682859
371.134 1 -0.483051488147664
376.834 1 -0.499939160093764
382.334 1 -0.491990238290323
389.23400000000004 1 -0.431670718502824
394.334 1 -0.49574262800961605
400.934 1 -0.026767418763259
408.334 1 -0.303761124317858
418.23400000000004 1 -0.177642052238788
423.335 1 -0.434997989272637
429.835 1 -0.4997371193010399
436.439 1 -0.499959462062174
442.538 1 -0.47605918844282297
