5.545 1 -0.49618251198415597
15.429 1 -0.2272425576687
20.93 1 -0.49806460212700104
29.331999999999997 1 -0.48532116833490296
34.931999999999995 1 0.26427945008929504
40.633 1 -0.495564707349678
50.335 1 -0.40597253078734996
57.32899999999999 1 -0.34903437133324294
66.12899999999999 1 -0.4960565038485821
74.229 1 -0.4999235821485771
81.62899999999999 1 -0.32515238404534497
90.929 1 -0.351607202727955
96.429 1 -0.41896968653914207
102.62899999999999 1 -0.496229328249634
111.93 1 -0.445659524025539
121.031 1 0.17529907371433298
126.03200000000001 1 -0.496349834294086
132.63299999999998 1 -0.495926353428675
140.634 1 -0.307466819833797
146.335 1 -0.39113760788410606
151.736 1 0.032124059305495
159.33100000000002 1 -0.193741386654042
166.03099999999998 1 -0.359659614056662
172.13099999999997 1 -0.472293631645891
179.93099999999998 1 0.493345255382246
185.331 1 -0.49985085419868397
193.53099999999998 1 -0.34048543212311605
200.93099999999998 1 -0.499420439277924
210.03099999999998 1 -0.312484452854531
216.232 1 -0.47083476557048104
222.132 1 0.080367654118105
229.033 1 -0.49971251223216706
236.43400000000003 1 -0.053319423562669006
241.53599999999997 1 -0.49943203095114796
249.032 1 -0.49810326015126
255.032 1 -0.499847808982257
260.532 1 -0.4848421026932371
266.132 1 -0.48383733371527704
275.032 1 -0.315544858937332
280.232 1 -0.338817773696139
286.732 1 -0.037153539190316
292.33299999999997 1 -0.493477562551433
299.233 1 -0.09317334748363801
305.83299999999997 1 -0.487092655831367
313.533 1 -0.10101619594292699
319.733 1 -0.474810116447082
325.834 1 -0.24235917280215805
333.635 1 -0.35568009103190995
338.836 1 -0.258355556528357
347.833 1 -0.4989056296963871
353.934 1 0.336065884864439
359.63300000000004 1 -0.498000593577341
368.534 1 -0.44951153531204296
376.435 1 -0.40026916689136893
381.435 1 -0.48606581441071994
386.934 1 -0.421364420136692
396.534 1 -0.491653548393642
401.73400000000004 1 -0.329806258594477
410.634 1 -0.34743986555733003
416.436 1 -0.45198425246354
424.034 1 -0.186771312709583
429.135 1 -0.48465608140207106
436.736 1 -0.496422620667215
442.537 1 -0.441099262052399
