5.5489999999999995 1 -0.30687547424609496
13.732999999999999 1 -0.47165061608648406
18.734 1 -0.49561275066428706
26.835 1 -0.29603152623015
35.731 1 -0.486051566502195
44.132 1 -0.048684977430694
49.332 1 -0.4616406872283279
56.931999999999995 1 -0.499508648250764
66.032 1 -0.49906298953747497
73.432 1 -0.4998856846633761
82.732 1 -0.483892162501012
88.23200000000001 1 -0.48747559649620203
96.132 1 -0.475896685105052
103.73299999999999 1 -0.486330530764885
113.434 1 -0.40220297953655293
119.135 1 -0.10590615153210099
126.63600000000001 1 -0.08951849623544698
132.833 1 0.49991048565431395
139.733 1 -0.292685255170103
148.533 1 -0.4999180785853621
153.733 1 -0.469103991674856
162.63299999999998 1 0.034413961198878996
168.333 1 -0.267644283541891
173.734 1 -0.448284454298965
179.834 1 -0.499640560892749
187.234 1 -0.38853013890776394
192.834 1 -0.499545486857185
199.334 1 -0.498347593491125
207.13400000000001 1 -0.499995658589012
216.235 1 -0.49999914528750894
221.83599999999998 1 -0.49982923338544505
226.937 1 -0.48937736917657004
232.63400000000001 1 -0.17165792380269101
241.53400000000002 1 -0.49016631714240705
249.235 1 -0.498213838291492
256.135 1 -0.485533416976331
261.635 1 0.12436244784974002
267.835 1 -0.48295531623409005
272.935 1 -0.46238923967555
279.935 1 -0.49999962076005494
286.635 1 -0.37092901646127396
295.635 1 -0.46087784225648604
302.235 1 -0.49620695925034203
309.63599999999997 1 -0.499957059336148
315.13599999999997 1 -0.49996637593856796
320.637 1 0.22120975952706698
328.638 1 -0.084552409063293
334.039 1 -0.39791502331513795
340.13599999999997 1 -0.46668209150772
345.936 1 -0.49993065065868497
350.925 1 -0.48260868568258397
356.526 1 -0.49845630207177
362.42699999999996 1 -0.49970187749026
368.228 1 -0.49552235645177706
375.83 1 -0.499941293471525
381.83099999999996 1 -0.415950912452339
387.93199999999996 1 -0.498571926553027
397.834 1 -0.39602190502124895
404.43699999999995 1 -0.492364801336622
410.63699999999994 1 -0.45197725447081394
420.221 1 -0.4697114906831571
428.022 1 -0.49831345210796796
437.324 1 -0.49652760776861804
442.525 1 0.34216433916514893
