5.547 1 -0.49367209135607304
11.129 1 -0.11165666173597301
20.829 1 -0.29250070716406895
30.43 1 -0.4899213965054
39.531 1 -0.464705149869938
44.732 1 -0.405376548847728
52.233999999999995 1 -0.49938001971884793
59.235 1 -0.499110940952581
65.43 1 -0.391330827128176
72.03 1 -0.49644858238307105
77.43 1 -0.48969158156724396
85.431 1 -0.499796669085669
91.43 1 0.031491246555425
96.631 1 -0.485606288584849
105.631 1 0.247884940891097
112.331 1 -0.47016426842716
118.831 1 -0.43270533898344604
123.831 1 -0.220367703767737
133.131 1 -0.46987877770967995
138.732 1 -0.499620853136798
144.435 1 -0.484644934788106
152.135 1 -0.427812380899363
157.636 1 -0.473737978802372
163.33100000000002 1 -0.129419836972195
171.132 1 -0.40048573288227096
177.232 1 -0.373282207601895
184.832 1 -0.294110506294382
192.93200000000002 1 -0.49798335855364895
201.732 1 -0.49178804178227203
207.632 1 -0.283172891211383
216.532 1 -0.35109614035806297
222.732 1 -0.152025509671943
228.233 1 -0.393517556085817
236.437 1 -0.483777864284008
244.03400000000002 1 -0.4809446427955879
253.93599999999998 1 -0.48154447748675505
261.33299999999997 1 -0.090461387181331
266.434 1 -0.472006456455789
271.933 1 -0.49585959471002294
277.133 1 -0.271821186684575
282.233 1 0.47173807967262393
291.33299999999997 1 -0.265951299419389
298.73400000000004 1 -0.49746447949232303
306.534 1 -0.45501438177587
312.334 1 -0.37794881289255605
317.834 1 -0.20221712695564803
322.834 1 -0.233394972507063
329.73400000000004 1 -0.006976083654303
338.634 1 -0.45060069588076396
347.035 1 -0.30463401803817797
353.63699999999994 1 -0.494204410846468
361.034 1 -0.21575632767276898
367.135 1 -0.275807900117724
373.335 1 -0.499782879858931
379.436 1 -0.49811121885997706
388.335 1 -0.47812066463552005
396.235 1 -0.406214278349615
402.035 1 -0.41346304616089397
407.735 1 -0.20898797529848398
413.335 1 -0.436709519595851
422.635 1 -0.25826225485551
429.536 1 -0.49230567283283794
434.936 1 -0.270087569215475
442.536 1 -0.200160123918511
