5.539 1 -0.49204298554293296
12.427999999999999 1 -0.359816284225876
17.928 1 -0.058373855475428005
23.328000000000003 1 -0.497043106769407
29.028000000000002 1 0.05197768638551099
35.928000000000004 1 -0.464080895998741
45.028999999999996 1 -0.441672642037799
53.43 1 -0.4920000544291311
62.331 1 -0.4969657569109579
71.633 1 -0.4865722993776671
81.535 1 0.279588946921992
87.329 1 -0.46298024852648995
92.329 1 -0.498900053661395
100.029 1 -0.440537751732797
105.12899999999999 1 -0.28492429064202
110.729 1 -0.272995518549648
118.33 1 -0.498228929513096
123.83 1 -0.27489346876968107
132.63 1 -0.465008329141655
140.73 1 -0.17074574564241302
148.23 1 -0.183785949268158
157.33100000000002 1 -0.277508199453918
164.033 1 -0.441441315998052
169.93400000000003 1 -0.277719229596482
179.231 1 -0.359161222014046
186.63099999999997 1 -0.477846929995591
192.231 1 -0.48684087178071
198.331 1 -0.276568467324932
207.331 1 -0.355847446674465
214.93099999999998 1 -0.354503889572998
220.331 1 -0.171942536223539
229.93099999999998 1 -0.282164469392335
235.03099999999998 1 -0.40628224822311
240.731 1 -0.486355016044984
245.93099999999998 1 -0.478106862096418
250.93099999999998 1 -0.40442313715933004
256.73199999999997 1 -0.408006988318128
264.934 1 -0.35246909050119707
270.135 1 -0.275838212231143
275.332 1 -0.463703333717374
281.532 1 -0.498928146845508
288.532 1 -0.499338085999325
296.332 1 -0.066383265123307
303.732 1 -0.281447356700912
309.33299999999997 1 0.184957603559875
318.233 1 -0.17789281079625302
325.633 1 -0.47865467556359403
334.533 1 0.062682932797738
340.63300000000004 1 -0.280519565668562
348.533 1 -0.28308723945872305
354.63300000000004 1 -0.40571637642318004
360.634 1 -0.061347756141363
367.235 1 -0.495120201327438
373.436 1 -0.28237231930138396
381.034 1 -0.18703152478688698
390.73400000000004 1 -0.05465891613302
396.23400000000004 1 0.491835907709366
401.73400000000004 1 -0.486911123959156
409.73400000000004 1 -0.17525193919897
416.334 1 -0.46355599982489704
422.034 1 -0.486281820546925
428.534 1 -0.48642782637126797
434.73400000000004 1 -0.486483992269754
442.534 1 -0.46426825648197895
