5.5489999999999995 1 -0.479511097281684
11.73 1 -0.4363973980136961
21.03 1 -0.4999999995592129
28.83 1 -0.494334832713895
34.53 1 -0.49999928448486797
43.531000000000006 1 -0.49999930132035303
49.631 1 -0.057268064734744
55.831 1 -0.49998115280540295
64.731 1 -0.49999999772150205
70.332 1 -0.49999999996249395
76.033 1 -0.4999999998061261
84.035 1 -0.4999998628920379
92.931 1 0.36787698757585796
97.931 1 -0.49920653305660395
103.631 1 -0.303429216135992
109.131 1 -0.479415307916945
118.73200000000001 1 -0.49999986157996
125.23100000000001 1 -0.49999986223756204
134.031 1 -0.36567743353400894
141.434 1 -0.49965415858220896
149.532 1 -0.49419911580346293
158.632 1 -0.36623020531229206
164.532 1 -0.304929029677258
171.13299999999998 1 -0.499998388641438
178.535 1 -0.49999422331217697
185.93599999999998 1 -0.436962279967915
192.033 1 -0.300403501107436
201.933 1 -0.47072236688454205
208.13299999999998 1 -0.49999997347578
214.13299999999998 1 -0.47058672243883504
221.033 1 -0.499996371182963
226.533 1 0.063134306405211
231.533 1 -0.43752247970081204
238.533 1 -0.49886713908853003
246.43400000000003 1 -0.49999986419167897
254.833 1 -0.499998396296612
260.034 1 -0.49818922432998203
265.634 1 -0.30116319295388694
272.335 1 -0.140373838437514
277.438 1 -0.499903046219435
286.53700000000003 1 -0.499996405580253
292.034 1 -0.368422083435558
300.934 1 -0.49999997360179105
306.73400000000004 1 -0.49819781139638697
311.834 1 -0.49999163092406707
319.635 1 -0.498893764909625
324.834 1 -0.499932113709139
330.635 1 -0.49993243619917
340.335 1 -0.243782778422958
348.035 1 -0.24287421487913102
354.635 1 -0.49746445161438896
360.035 1 -0.497452379154303
365.635 1 -0.30418020916872995
373.235 1 -0.49965250830170793
382.537 1 -0.49998133145388
390.039 1 -0.4999021184944721
397.63599999999997 1 -0.49417158700554104
405.236 1 -0.45480743050336203
412.13599999999997 1 -0.47139153832205793
417.536 1 -0.49995755659440994
422.736 1 -0.498856310381219
430.92900000000003 1 -0.49995815861590703
437.03 1 -0.49950613530249394
442.531 1 -0.49999642265643607
