5.55 1 -0.49977748640148295
14.433 1 -0.49593130706301203
23.235 1 -0.499999691229105
28.636 1 -0.49999968529115796
36.53 1 -0.487212060011253
41.73 1 -0.49999841904461695
49.33 1 -0.241963547238571
59.03 1 0.2996416326011
64.63 1 -0.49589253093898
70.03 1 -0.060789834247675006
77.73 1 -0.49999999489313496
83.93 1 -0.48684628183875106
89.43299999999999 1 -0.495911964787279
97.031 1 -0.498214863775594
106.333 1 -0.49950377903751497
111.53299999999999 1 -0.48696934070356607
120.435 1 -0.498883190426688
126.236 1 -0.49747646701120896
131.931 1 -0.45501247099515996
137.531 1 -0.141469789198792
146.632 1 -0.49887786538241796
155.631 1 -0.244689234887684
160.632 1 -0.499996318968855
168.132 1 -0.49744024936134396
175.532 1 -0.479222412137448
180.732 1 -0.49995694591129103
187.732 1 -0.499999999002597
196.832 1 -0.23921895048600503
202.933 1 -0.49820635781434996
212.235 1 -0.061962416217895
220.438 1 -0.499999997732326
229.333 1 -0.499986928734525
237.13299999999998 1 -0.49999998838913895
242.933 1 -0.49999969269600203
250.333 1 -0.49984640157700205
258.33299999999997 1 -0.49999159097509993
263.33299999999997 1 -0.499510814336385
269.033 1 -0.499998380949723
277.436 1 -0.49999999481965296
282.934 1 -0.054916993003637
288.533 1 -0.49995775822454297
294.534 1 -0.499999939407231
302.134 1 -0.40242459398836405
308.034 1 -0.499999863543406
314.13599999999997 1 -0.49999167068324996
319.637 1 -0.49997014008660895
325.834 1 -0.49750032768722496
332.551 1 -0.499999294634223
342.134 1 -0.499996388422558
349.034 1 0.056092842876484
355.235 1 -0.49999840391541794
363.035 1 -0.45418695462923103
371.135 1 -0.436680426328442
376.835 1 -0.499981596256606
382.335 1 -0.471258902380932
389.235 1 -0.138177547830679
394.335 1 -0.494226515332282
400.935 1 -0.47931908017474195
408.336 1 -0.49596971860659295
418.23800000000006 1 -0.402843113986331
423.338 1 0.059616573189063
429.836 1 -0.4999571504423879
436.435 1 -0.49999186666379497
442.536 1 -0.436113190894124
