16.983999999999998 2.544 -0.47541424520386183
46.602 2.13 -0.12283001330193855
81.58599999999998 2.543 -0.41469742765259887
89.559 3.4699999999999998 -0.352968674203941
95.15899999999999 3.4699999999999998 -0.48232432365917666
107.283 2.646 -0.45548459826351934
111.766 3.2640000000000002 -0.47054713374242557
157.37800000000001 3.057 -0.26773619557578454
177.30999999999997 1.721 -0.1871455030356123
185.58799999999997 2.543 0.3116675032098845
195.408 1.823 0.4995025992973964
199.173 3.058 -0.19395900678139497
204.36999999999998 3.061 -0.3023614605555669
209.98899999999998 2.542 0.038070049038545765
236.06300000000002 3.4690000000000003 -0.4758874724946423
255.67400000000004 3.161 -0.36409487133974094
264.571 3.161 -0.4828695358803367
278.98699999999997 2.545 -0.44054459048915373
286.591 2.441 -0.45922403412126717
292.70200000000006 2.03 -0.19817335701879896
300.2 2.1319999999999997 -0.4775189155344682
313.81100000000004 1.722 -0.46654668911926084
338.595 2.338 -0.17415658923179322
344.298 2.336 -0.2991834346731873
350.70500000000004 2.03 -0.43640450392374747
355.9 2.336 -0.3972321138509456
370.02000000000004 1.513 -0.39349988311137757
376.41400000000004 1.7189999999999999 -0.03311512714304532
388.70000000000005 2.234 -0.4770769520450265
394.885 2.749 -0.2712694535417889
409.58 2.9539999999999997 -0.4537588977937122
423.28499999999997 2.749 0.01821502088632164
428.588 2.646 -0.4826669080488108
437.40700000000004 2.0269999999999997 0.13214250371516126
