32.5 2.331 -0.44164884404727567
47.894000000000005 2.3369999999999997 0.4186538217707492
55.07 3.161 0.2023545669050715
62.47 3.161 -0.24725081098090745
70.57 3.262 -0.454629563565178
77.07900000000001 2.9539999999999997 -0.4835276021309091
84.58 2.955 -0.2509946275642585
94.375 3.057 0.31348972452168133
115.08 2.852 -0.3453145090462588
143.67799999999997 2.955 0.4201301214211928
150.588 2.645 -0.3990544614253096
161.07999999999998 2.9530000000000003 -0.4257934974621446
176.48000000000002 2.9539999999999997 0.09628474964594029
200.88 3.058 -0.31945930694167207
206.58 2.854 -0.38647929612310805
221.371 3.1630000000000003 -0.42300952654636914
235.39100000000002 2.543 -0.4568213053181343
252.592 2.542 -0.39042738949320027
258.607 2.0269999999999997 0.4559907618587962
269.381 2.9539999999999997 0.2605561107999244
277.40000000000003 2.335 -0.46589654675039527
290.891 2.647 -0.10107092682376669
303.584 2.851 0.12001513225856959
333.88699999999994 2.749 0.127498085206337
339.094 2.542 -0.3479014292573788
354.493 2.543 -0.4162389833837438
361.686 2.75 -0.47837800213381526
371.617 1.7189999999999999 0.2547011928646047
377.693 2.543 -0.48320173569106617
393.587 2.338 -0.4375805448558497
430.39300000000003 2.336 -0.4838472508203141
