11.379999999999999 2.855 -0.1871146817383395
28.168 3.161 -0.3634405879949065
50.302 1.827 -0.34796644089251505
55.684 2.646 -0.33374970498477663
92.782 2.65 0.008785786624014514
133.573 2.958 -0.34072170500621946
149.177 2.854 -0.06936916141396163
159.298 1.8330000000000002 -0.27537581511776926
186.709 1.7230000000000003 -0.015673058460532366
192.50099999999998 2.032 -0.12241371920752976
202.91400000000002 1.5210000000000004 -0.2656280494686436
214.906 1.7260000000000004 -0.3331996519726871
227.513 1.5189999999999997 0.09981716782518817
238.281 2.751 -0.04996835573136225
265.17699999999996 2.956 -0.2159570142066789
272.69599999999997 2.137 -0.21031790521035185
278.00600000000003 1.9289999999999998 -0.256321743361435
292.39799999999997 2.136 0.11297512708495587
312.198 2.135 -0.27123823235890304
339.463 3.371 0.0018951785485028208
347.166 3.368 -0.10279098361590121
353.456 3.678 0.2354308923835966
359.68 2.854 0.14512201702698502
389.992 2.543 -0.07034058973576775
397.48799999999994 2.648 -0.16906659610498476
412.706 1.9289999999999998 -0.21903017470754085
416.874 3.161 -0.38179731292379787
423.615 1.62 -0.15674775150391895
436.886 2.649 -0.3178986086378108
