5.004 3.044 -0.3939418254926463
11.501 2.73 -0.4955700660411113
41.997 2.939 -0.3940319126509761
68.724 1.9010000000000002 -0.4955721610152816
74.33 1.795 -0.2593302316380352
79.428 1.798 -0.49999371605207577
93.44099999999999 1.5869999999999997 -0.49955373034330647
116.147 1.3849999999999998 -0.49998322886879865
131.15099999999998 1.484 -0.4998329053706189
138.566 1.0699999999999998 -0.499833023610729
162.312 2.315 -0.3938065701278603
168.53599999999997 1.5899999999999999 -0.4999832467496895
196.569 0.8599999999999999 -0.3940544235158156
229.156 1.279 -0.4999993712294913
234.359 1.2769999999999997 -0.49998321408325286
243.25 1.278 -0.499554261039603
251.517 2.11 -0.49999976371872473
265.718 2.2119999999999997 -0.48826067203425605
271.614 2.213 -0.49983250881224517
291.41700000000003 2.2119999999999997 -0.4998328659160251
312.335 1.8980000000000001 -0.49999936946657786
334.22200000000004 2.0069999999999997 -0.49556482309288846
356.72 2.109 -0.4999993683397604
368.211 2.318 -0.49999371271899234
379.348 1.3819999999999997 -0.4999832228887893
384.806 2.523 -0.49998324455762305
397.722 2.109 -0.4882303075017595
408.718 2.316 -0.49556062517577154
435.419 2.211 -0.4998327858752167
443.444 1.5869999999999997 -0.25954730178217195
