13.977 2.955 -0.44728633604805285
39.388 2.748 -0.1027483749845894
45.589 2.542 -0.43953126486130206
52.781000000000006 2.75 -0.2975431565776185
58.489000000000004 2.542 -0.4580276083360886
73.435 0.8960000000000004 0.03661142780502631
78.67099999999999 3.161 -0.2623175100195148
84.48800000000001 2.544 -0.37261563542271936
95.11800000000001 1.5139999999999998 -0.2730365133141879
101.89600000000002 2.336 0.4401172367900808
115.073 3.16 -0.33486522704452926
122.987 2.647 -0.41443310556318097
129.018 1.617 0.08717279800145189
135.429 1.307 -0.1858562647037003
144.50099999999998 2.1319999999999997 -0.28592555496462574
159.29899999999998 2.234 -0.4555428961363621
187.509 1.8239999999999998 -0.11949395188553458
195.207 1.9260000000000002 -0.22632135720885047
201.12099999999998 1.512 -0.44624191575624894
206.99099999999999 2.542 -0.38689369287873904
238.222 1.412 -0.24097438371755753
263.287 2.747 -0.4605512299920335
271.194 2.44 0.4527146544209922
281.512 1.823 -0.3917888967625237
302.69 2.545 -0.16070311494683803
309.00500000000005 2.03 0.46536412250318265
328.03000000000003 1.306 -0.35135369018067764
334.98900000000003 2.749 -0.42813549846254834
346.603 2.233 -0.22837611087419826
367.38699999999994 2.749 -0.0725298337611577
409.198 2.438 -0.41045941823722804
422.276 2.544 0.02309097419035699
428.905 1.616 -0.3858501527767537
