11.655999999999999 3.7720000000000002 -0.4909071794993346
18.399 2.73 0.08657829431681308
24.482999999999997 3.248 -0.2151702829004896
34.095 2.937 -0.33240639121284826
40.58 3.3529999999999998 -0.4846068285100131
47.38499999999999 3.249 -0.48424860880149345
63.961 3.5629999999999997 -0.4459132476757173
106.16399999999999 3.664 -0.49744576405412677
120.29 3.041 -0.4841121716418709
143.201 2.833 -0.39650350959219277
150.38400000000001 3.041 -0.46887713019408755
164.573 3.3520000000000003 -0.48406643262876164
210.518 2.312 -0.3332198226572309
228.796 2.937 -0.39811843691933
235.07100000000003 3.5629999999999997 -0.4909334583179428
243.27900000000002 3.248 -0.495488723853364
249.983 3.144 -0.4974233407844601
255.678 3.249 -0.21457487883928505
261.086 2.941 -0.447823473035697
267.2 2.627 -0.49552790766252464
285.97700000000003 3.25 -0.39865175929321683
309.877 3.3529999999999998 -0.48451803362769197
336.88100000000003 3.354 -0.21338183974921118
345.797 2.831 -0.33684122310455844
351.591 2.937 -0.09152797084233033
364.475 3.3529999999999998 -0.3967742271417436
377.094 2.935 -0.46852286142633126
390.573 3.456 -0.2109868266104622
396.488 3.041 -0.4955018227846941
409.87199999999996 3.459 -0.4974308377528643
418.911 2.622 -0.3352395892417077
423.581 3.3529999999999998 -0.44724260178347747
430.975 3.56 -0.49108957510666745
441.686 3.351 -0.4844734446251993
