34.087 3.144 -0.4457636064585886
50.69 3.144 -0.21218581763827696
66.19399999999999 2.935 -0.4683442662321427
79.40299999999999 2.726 -0.334434046843259
84.17699999999999 3.3520000000000003 -0.49743831217045303
92.785 3.144 -0.3372396672452387
111.983 3.247 -0.3340300991041927
116.97300000000001 3.457 -0.49740828271012544
139.29 3.043 -0.33362535513079544
144.085 3.249 -0.44767882546518256
158.477 3.3529999999999998 -0.49557962796212424
177.68400000000003 3.146 -0.39623216400553907
185.00199999999998 2.728 -0.49555384272669556
192.12099999999998 2.31 -0.09082198294713664
208.18699999999998 3.144 -0.3983854083471024
223.69 3.041 -0.4841577792416514
245.88799999999998 3.247 -0.4475337971280991
276.892 3.04 -0.3360419770256401
290.592 3.04 -0.39731378436400056
299.388 3.144 -0.4846951238833901
305.49600000000004 2.936 -0.46878892748165235
312.99199999999996 3.04 -0.4466556301310021
322.78700000000003 3.145 -0.39918260718516607
328.81399999999996 2.519 -0.4473883923699094
335.98600000000005 3.248 -0.446802950750692
344.473 3.5620000000000003 -0.4462113631337893
352.81100000000004 2.622 -0.46914029802749163
365.76800000000003 3.665 -0.49556675438197645
376.32 2.4130000000000003 0.08940889061633105
386.28800000000007 3.145 -0.4843838913457744
436.291 3.144 -0.21635884144880344
