25.875999999999998 2.751 0.457487708927397
30.981 2.647 -0.36472594442070927
36.069 3.16 -0.30767514718820316
45.276 2.854 -0.49179736003840685
61.399 2.234 -0.4266313697115769
127.80199999999999 2.026 -0.11029496795733199
135.196 2.233 -0.08590463246420123
141.67200000000003 3.159 -0.48298139160403664
147.277 2.955 -0.4811976346150426
157.297 2.2359999999999998 -0.04679727936291191
204.852 3.573 -0.4936685640098473
225.07999999999998 2.648 -0.30971294006315714
251.881 2.852 -0.23652995299918028
257.567 3.367 -0.4635204460735133
264.581 2.955 -0.47434793963258054
271.69300000000004 1.931 -0.1444433745982185
275.871 2.853 -0.48200407064265555
285.284 2.44 -0.37758677130776525
289.353 3.572 -0.48982818148372076
301.79699999999997 2.028 -0.4505085638068455
306.371 2.955 -0.4929969714480298
322.06800000000004 3.161 -0.4367535645393988
329.79 2.34 0.1702610437379934
336.412 1.819 -0.4455099341429525
372.89599999999996 2.129 0.24491460012649108
386.274 2.751 -0.48756745477272684
396.072 2.853 -0.24510412275493962
412.79100000000005 2.3369999999999997 0.2739923799445642
420.088 2.542 -0.48223537509453035
