4.6850000000000005 3.3529999999999998 -0.22316735843457444
10.171999999999999 3.457 -0.21991886387600185
18.479999999999997 3.251 -0.1966132684709695
27.633999999999997 1.8980000000000001 -0.08652155880094871
40.07 3.665 -0.22154602276476348
54.581 3.041 -0.07281756581042366
78.794 2.831 -0.3902101907068206
83.68 3.146 -0.08455967230942199
88.881 3.146 -0.39329847563571707
94.293 2.834 -0.048929429435161716
103.792 2.937 -0.09434109515379403
144.087 2.936 -0.2000194383334208
173.573 3.3520000000000003 0.46491061678342094
181.069 3.457 -0.06289883643784823
210.47299999999998 3.458 -0.33019633119193337
217.07 3.5620000000000003 -0.4333198098633233
223.798 2.936 0.4632307748482131
270.572 3.3529999999999998 -0.3985735348670305
292.785 3.144 -0.22959410217014747
297.66499999999996 3.665 -0.33246343477569684
320.76800000000003 3.666 -0.07865814678990155
371.07399999999996 3.3529999999999998 -0.3136922316274682
385.08400000000006 3.145 -0.09823325398118313
393.88 3.25 -0.0727340624215872
407.24899999999997 1.5830000000000002 -0.1983190817383835
411.081 3.252 -0.09628868917706068
422.785 3.25 -0.23435206775499068
429.322 2.206 -0.4367563940994645
434.401 2.627 -0.38781731718885937
