16.084 2.749 0.33351012298179966
35.562 3.368 -0.36416245811836334
43.608 1.822 0.1252412021727
63.774 2.956 -0.2549278379952486
71.14 0.79 0.10129086857016906
83.389 2.441 0.23576291843792616
94.485 2.646 -0.27965397232168804
111.10499999999999 2.028 -0.2247311756515857
119.425 1.3089999999999997 0.2865248771511209
122.974 3.161 0.15958499351906358
130.00900000000001 1.822 -0.05769488138891181
141.872 3.059 -0.2815394054244234
150.87500000000003 2.956 0.4964855953048161
163.87300000000002 3.159 -0.21116218841710094
169.794 2.438 -0.2769700052548308
195.579 2.9530000000000003 -0.3255919170657651
204.409 1.924 -0.3799294682412116
225.776 3.057 -0.354174916394644
231.691 2.542 -0.3610138978020929
237.283 3.05 -0.20183169330081105
255.48 2.853 0.018690097483743673
261.30699999999996 2.026 -0.3396614190753211
267.588 2.645 0.06694201204548199
286.067 3.367 -0.37678362517071534
294.69100000000003 2.543 -0.2194001664347128
314.582 2.9539999999999997 0.34465559294240733
320.68600000000004 2.851 -0.32011538577579773
330.201 2.233 -0.20567511311398629
338.993 2.541 -0.07795524222272864
348.54 0.9950000000000001 -0.15710881078290512
374.584 2.851 -0.3029938780823575
424.187 2.851 0.05113252246804697
430.302 2.234 0.21717251561652137
