5.4 2.627 -0.34929411736564414
17.991 2.3369999999999997 -0.49494485797467164
27.114 2.116 -0.21315481239294481
41.528000000000006 2.105 -0.06366142070009756
51.25599999999999 1.4780000000000002 -0.32022627877325344
56.199999999999996 2.627 -0.4937635424963654
65.833 1.895 -0.4720933562847016
79.608 2.42 -0.24442906919382754
86.79699999999998 2.831 -0.18083925314521115
111.096 2.832 -0.4392037764202192
129.419 2.313 -0.473352395107417
136.288 0.6439999999999997 -0.17159520526435168
141.368 1.065 -0.4645113172142926
148.64000000000001 1.795 -0.4565288561881627
177.019 2.21 -0.4931101676449095
186.61700000000002 2.313 0.15866242540946796
194.032 1.8980000000000001 -0.2523788659290408
208.982 0.548 0.4965919892604252
222.0 2.731 -0.3546190077103079
249.56799999999998 1.0619999999999998 -0.45451209381833874
255.16000000000003 1.17 -0.38870163531936186
273.01899999999995 2.312 0.08688191914870408
283.727 2.104 -0.48545393833206907
333.822 2.312 0.4521622975594807
340.649 1.5860000000000003 -0.49515284124962206
348.55999999999995 1.3719999999999999 -0.4853786760077901
392.12000000000006 2.313 -0.3678636076900012
402.927 2.206 -0.46433161441040044
409.343 1.79 -0.39431702937548946
420.76800000000003 1.065 0.48800418664365147
