4.898999999999999 3.15 0.3911701943218574
18.685 3.148 -0.4991927936747319
31.096 2.939 -0.39462897196682956
59.674 3.253 -0.4826121139900577
65.878 3.149 -0.49747550732494294
72.30799999999999 2.319 -0.34571022833868076
80.06299999999999 3.564 -0.4990329250870324
90.59100000000001 2.939 -0.4763031966374957
104.364 3.668 -0.499544585282553
111.67699999999999 3.356 -0.4997932122878622
122.66799999999999 3.667 -0.4999541831880947
135.588 2.94 -0.498020347151718
155.48399999999998 3.044 -0.30557469542226545
161.60199999999998 2.627 -0.4999617600091732
166.395 2.834 -0.1610379773245012
172.697 2.732 -0.49916308389987146
205.98499999999999 3.148 -0.49960590746430783
225.2 2.731 -0.4754517928707547
232.369 3.46 -0.48198319760189845
238.98999999999998 2.941 -0.47923666585295127
246.179 3.251 -0.4953245997219011
262.283 3.147 -0.42351554902371713
275.578 3.355 -0.49794758051748483
287.58799999999997 3.043 -0.49957635797723754
293.203 2.628 -0.1690949259221486
319.779 3.252 -0.4908018464039466
351.68399999999997 3.147 -0.49906724624554827
368.38399999999996 3.148 -0.3409312148325259
389.893 2.939 -0.4832194497667278
397.486 3.0469999999999997 -0.496095097498424
412.308 2.628 -0.49982741836114586
419.385 3.147 -0.4999631191448251
425.98499999999996 3.147 -0.47995949993638726
435.788 3.045 -0.4998335498096742
