4.781 3.2670000000000003 0.3856497213774759
17.467 3.2640000000000002 -0.4660170313371343
39.595 2.338 -0.4551624985489426
68.469 3.162 -0.2330109099610714
73.675 2.956 -0.2482055249745692
88.07600000000001 3.056 -0.39464406780091665
96.185 2.647 0.3656465289016736
109.08600000000001 2.646 0.44241393011065683
115.11500000000001 1.617 0.08442268002169058
151.96800000000002 3.368 0.1312108242488705
158.28099999999998 2.852 -0.4599281317727895
173.076 3.057 -0.349827522454714
194.387 2.5460000000000003 -0.44173693290746807
208.27700000000002 2.956 -0.19009836672296712
235.179 2.955 -0.4299745594650501
242.66 3.675 -0.4785397683426783
258.78900000000004 2.645 -0.41077496781241657
286.792 2.543 -0.3934205690432802
303.48400000000004 2.751 -0.4018714157144857
316.38300000000004 2.852 -0.4246086867462806
323.88 2.955 -0.4664219593292423
337.081 2.9539999999999997 -0.46286293653333604
342.488 2.748 0.230575918704168
357.884 2.955 -0.4316056597537376
389.97700000000003 2.851 -0.4364774969550476
397.98 2.649 -0.10954223333320537
411.855 3.676 -0.4465857462802504
417.88 2.852 -0.07826007827012846
442.78899999999993 2.2319999999999998 0.00988767890363421
