13.482999999999999 2.75 -0.24022266668291156
41.482 2.543 -0.17811868421355828
53.169 2.956 -0.2193025079554186
62.578 2.647 -0.23450853150027023
74.882 2.645 0.49225451828408096
83.5 1.928 -0.037159709928438624
94.972 3.058 -0.3341927774009482
101.605 1.9260000000000002 -0.2705978619718812
107.69300000000001 2.339 -0.35910983543285835
131.775 2.851 -0.3416415869048958
137.883 2.544 0.4062355233627572
152.276 2.851 -0.04404228711220197
157.77700000000002 2.75 -0.1238107802323946
163.782 2.645 -0.29809982629485854
170.976 2.851 0.2933032843570064
194.785 2.646 -0.06385661384865514
202.588 2.645 -0.16077083426753366
221.21800000000002 1.617 -0.35233852974039903
228.46599999999998 3.162 -0.22989014952745376
243.59 2.338 -0.22953635823507068
251.087 2.441 -0.077296150776751
259.879 2.649 -0.110853236351869
272.21299999999997 1.6150000000000002 -0.24056744941236363
283.184 2.748 -0.2888174269315882
292.289 2.543 -0.29781062623634497
311.68899999999996 2.646 -0.28015069900940953
320.009 1.7200000000000002 -0.31520155040014874
324.285 2.544 0.4796210079385915
331.216 1.4130000000000003 0.0576133594258389
344.808 1.721 -0.3384770243867335
364.59900000000005 2.131 -0.27984288259816986
388.788 2.544 -0.2841638391787339
427.584 2.647 -0.18997321493054942
432.89 2.44 0.07109894091182194
443.104 1.927 -0.14877760130142992
