19.967000000000002 3.368 -0.49999999923236293
29.663 3.572 -0.49999999223887137
41.996 2.44 -0.4999999979711719
55.375 3.161 -0.49999999915429194
60.864000000000004 3.572 -0.49999999816443214
67.096 2.44 -0.499646307562309
72.27799999999999 2.441 -0.23024899583410202
78.35700000000001 3.2640000000000002 -0.49999999867846256
86.063 3.159 -0.4999997422468605
98.069 2.955 -0.4999995431102325
137.968 3.263 -0.4999999988229809
147.177 2.956 -0.4803937101604098
154.368 3.3659999999999997 -0.4999798411559476
160.483 2.854 -0.49999994920174884
165.899 2.439 0.03059201105736189
173.35899999999998 3.162 -0.49969267189183214
210.358 3.4690000000000003 -0.4999985324490998
215.75799999999998 3.4699999999999998 -0.4999999991263936
220.657 3.572 -0.49999999880946466
234.86499999999998 3.3659999999999997 -0.49999993099948803
257.068 3.367 -0.497278580977855
262.153 3.4690000000000003 -0.4999869748682379
271.362 3.06 -0.2016831336058662
280.572 2.851 -0.49998924548756485
302.276 2.751 -0.4998013902848459
318.267 3.262 -0.4899872086128879
332.596 2.2359999999999998 -0.4986903445355007
343.163 3.4699999999999998 -0.4999990510679561
371.27200000000005 2.852 -0.49999738639328517
390.657 3.4690000000000003 -0.49999985219541077
404.569 3.159 -0.4999999989568484
411.95799999999997 3.5709999999999997 -0.49952447142200157
433.17900000000003 2.9539999999999997 -0.499938318326912
441.565 3.4690000000000003 -0.4999915833450976
