25.273 3.355 -0.4999999985738203
44.564 3.564 -0.4999999999065972
66.16499999999999 3.564 -0.4999999998513331
71.367 3.5620000000000003 -0.4999999999025221
85.26299999999999 3.668 -0.4999999990172969
91.07100000000001 3.46 -0.49999999985883486
98.862 3.771 -0.49999999966575587
104.467 3.667 -0.49999999874190887
118.46099999999998 3.668 -0.4999999989222657
126.36999999999999 3.459 -0.49999999906965736
155.965 3.565 -0.4999999995997082
173.464 3.566 -0.4999999991755669
182.26399999999998 3.667 -0.49999999982189675
195.771 3.5620000000000003 -0.4999999992247813
204.975 3.46 -0.4999999983703426
210.97699999999998 3.459 -0.49999999914706367
216.766 3.565 -0.49999999921738775
224.37199999999999 3.359 -0.4999999981438529
235.56899999999996 3.5620000000000003 -0.49999999981582793
251.166 3.565 -0.499999999365454
257.36699999999996 3.564 -0.4999999983761862
275.269 3.4619999999999997 -0.49999999841474113
289.68 3.253 -0.4999999992608396
300.27 3.565 -0.499999999430544
321.98100000000005 3.251 -0.485040250104123
328.56899999999996 3.5629999999999997 -0.4999999990646183
339.98 3.253 -0.4999999992327121
353.46500000000003 3.668 -0.4999999986292518
361.273 3.46 -0.4999999991541369
366.374 3.459 -0.4999999992371215
371.78200000000004 3.251 -0.49999999919220456
395.891 3.044 -0.4999999990940077
