11.472000000000001 3.46 -0.4999656645291067
16.767 3.666 -0.4999999991722053
22.080000000000002 3.354 -0.4999999992661412
39.476 3.15 -0.49999999915288734
67.25899999999999 3.668 -0.4999999996873647
79.26899999999999 3.3579999999999997 -0.49999999840350773
90.369 3.46 -0.4999999998128898
95.977 3.354 -0.49999999929762773
106.38000000000001 3.252 -0.4999999987256119
161.07999999999998 3.148 -0.4999999993770976
175.062 3.667 -0.49999999990515265
194.39999999999998 2.6310000000000002 -0.4999999990404043
219.676 3.459 -0.4999999990266982
225.571 3.666 -0.4999999992387685
233.27300000000002 3.356 -0.49999999842438614
258.556 3.773 -0.4999999998020271
271.97 3.46 -0.4999999992387464
276.967 3.5629999999999997 -0.49999999908345366
284.663 3.667 -0.4999999980899753
307.771 3.5629999999999997 -0.4999999986215568
317.374 3.5629999999999997 -0.49999999917377336
342.28000000000003 3.251 -0.4999999993443746
354.671 3.46 -0.4999999985278349
367.47499999999997 3.356 -0.4999999991018392
385.97999999999996 3.252 -0.4999999998128761
391.873 3.459 -0.49999999872089024
406.364 3.771 -0.4999999997314725
415.87699999999995 3.355 -0.49999999934870976
421.365 3.667 -0.49999999762589237
441.572 3.46 -0.49999999914375853
