5.213 2.832 -0.30838565880604224
10.77 3.458 -0.1383683064322101
28.579000000000004 3.249 0.1312413900406109
45.082 3.248 -0.3013136395841428
51.479 3.354 -0.42072144907764647
63.69500000000001 2.938 -0.39963343726502487
69.303 2.831 0.33134800390139957
96.872 3.457 -0.2783877441427902
119.385 3.145 -0.36980914699733775
125.506 2.624 0.19946423945941386
130.47500000000002 3.355 0.38499865774735553
149.328 2.104 0.04187356151775524
162.607 2.727 0.007413977353406193
214.108 2.623 -0.1929622631522603
221.60299999999998 2.728 -0.41002666463943
227.62099999999998 2.21 -0.21804952804116698
232.48699999999997 3.044 -0.2568512387105193
238.61299999999997 2.418 -0.14869747439796785
243.7 2.831 0.1988036294711562
265.311 2.624 -0.355507849691005
295.391 0.5410000000000004 -0.05302908975006874
308.423 2.209 0.30357841406295705
317.199 2.733 -0.3980488905604569
330.39099999999996 3.041 -0.3178742599809317
337.189 3.144 -0.2730392058239105
343.09200000000004 3.041 0.479757357232413
352.641 1.8930000000000002 -0.03832490955698182
360.11199999999997 2.523 -0.3751675074239991
387.59900000000005 2.834 -0.3293354120430787
393.8 2.833 -0.34761461373047536
401.20099999999996 2.833 -0.3375676846872901
441.783 3.251 -0.427263182007028
