11.886999999999999 3.041 -0.4241670628807569
18.009999999999998 2.519 -0.2963736666841444
26.499 2.832 -0.3846786324001793
70.44399999999999 1.6830000000000003 0.09508573089995036
84.151 1.4760000000000004 0.24787730619413947
88.91999999999999 2.208 -0.3224089465311024
128.91000000000003 2.622 -0.25362982783082283
135.318 2.415 -0.18261916262888717
161.298 2.831 0.11995939650229256
166.275 3.354 -0.10588793034355681
181.09300000000002 2.936 -0.39385158858483077
212.41500000000002 2.415 -0.08342755954607763
227.835 1.9980000000000002 0.22707581804599686
239.726 2.309 -0.27052286366669975
247.195 2.935 -0.23052028374371322
260.219 2.311 -0.07593715254434509
265.674 3.456 0.49886052752335935
271.498 2.832 -0.37671995734103664
298.013 2.418 0.06490355040652326
310.902 2.729 -0.23652931239392322
341.517 2.414 -0.20245888943400867
347.926 2.205 0.19229364833415055
362.33199999999994 2.1 -0.16279517589471834
369.876 3.456 -0.4074775471800799
376.39899999999994 2.833 -0.30887165897942254
389.60299999999995 2.8289999999999997 0.027116198271151686
409.60099999999994 2.831 -0.015095691500707203
414.597 2.935 -0.12717557383088574
429.18899999999996 3.146 -0.04949500647524293
433.98400000000004 3.3520000000000003 0.06061542984593293
