22.374000000000002 3.459 -0.39644758098110505
35.788 3.144 0.04994358154134713
41.974 3.459 -0.4745611387811893
63.063 3.665 -0.3491065675343361
68.366 3.5620000000000003 -0.49061777910549864
93.97999999999999 3.148 0.1864327484137767
128.066 3.769 -0.4751709198148178
134.78199999999998 3.251 -0.3959846005418816
158.78 3.249 -0.45880127823234645
163.573 3.456 -0.3516398795366169
179.573 3.457 -0.4582073557524734
203.287 3.043 0.17233957889233786
219.78199999999998 3.249 -0.2648403186932997
225.894 2.94 0.1767106658306466
231.294 2.939 0.17562074664680846
255.291 3.04 -0.490336092563754
260.395 2.936 0.17888475063344558
276.38800000000003 3.143 -0.39828130947939766
286.18199999999996 3.249 -0.052406298830568285
320.805 2.727 -0.3445877951964074
329.28600000000006 3.147 -0.43593707704384393
338.07800000000003 3.457 -0.4388576055689135
345.969 3.5629999999999997 -0.4371205686408373
354.29799999999994 2.834 -0.2675154907739163
368.89199999999994 3.04 -0.39918733505033527
373.86999999999995 3.5620000000000003 -0.34589002781210504
379.575 3.458 -0.4574027106468921
389.276 3.357 -0.48363919555532336
423.47 3.5629999999999997 -0.49009497306403726
429.598 2.937 -0.43563797867619697
435.67799999999994 3.458 -0.3950531525681863
