27.871 3.459 0.39873522080467283
38.666000000000004 3.666 -0.4750501142161506
47.968999999999994 3.665 -0.49047796765030177
72.178 3.248 0.48355889644566974
81.286 3.04 -0.48387778341364523
86.56900000000002 3.457 -0.352893310986194
136.067 3.666 -0.35100986276024587
145.066 3.668 -0.1842860003295857
150.987 3.148 -0.4744374441498031
157.265 3.5620000000000003 -0.43623487992604254
186.577 3.251 0.18213136260830146
193.282 3.146 0.06223030915519872
212.46600000000004 3.5629999999999997 -0.43770463576994806
234.797 2.936 0.27192678219388833
244.98600000000002 3.249 -0.05363670166838353
251.162 3.667 -0.4353375771816116
284.77200000000005 3.457 -0.3969087362890197
292.276 3.3529999999999998 -0.4365313946050583
301.773 3.456 -0.34846770684521666
308.00000000000006 2.729 0.26928711419906065
316.965 3.666 -0.34718332216442505
324.57399999999996 3.458 -0.4379947664508307
332.663 3.771 -0.47588387028279566
340.69 3.145 -0.3945846727343976
370.825 2.206 -0.26573440512976326
374.668 3.5620000000000003 -0.49057140103292574
386.988 3.043 0.26214390666610626
399.282 3.249 -0.34782662658880187
404.06899999999996 3.5620000000000003 -0.4344285362076879
421.083 3.25 -0.43828363519658636
433.98199999999997 3.3529999999999998 -0.49052479596052395
441.889 3.147 -0.4841129480070761
