4.884 3.144 -0.4591927297082754
18.085 3.145 -0.18536036423874522
29.971999999999998 3.56 -0.3522676936176007
36.462 3.771 -0.49024035109998826
51.487 3.04 0.0585515990657664
56.88 3.146 -0.3973680720833504
65.83500000000001 1.7910000000000004 0.051175255570058295
72.714 2.313 -0.0597785693687807
76.66799999999999 3.459 -0.49038361588022794
100.18100000000001 3.146 -0.3955197940764532
120.769 3.5620000000000003 -0.4754108231121604
128.579 3.3529999999999998 -0.17779867009342076
137.369 3.665 -0.4752911553615815
165.47 3.458 -0.4743131648897529
181.66599999999997 3.5620000000000003 -0.4741882944850064
196.38000000000002 3.249 -0.2701693734790182
202.27 3.459 -0.05609552157054136
219.678 3.354 -0.3452400323068643
226.578 3.355 -0.4756484663693474
236.386 3.249 -0.458007567998979
256.469 3.46 -0.26840248533888617
264.68600000000004 3.043 -0.4837986355486046
321.089 3.144 -0.3497432089339934
329.281 3.354 -0.48395655113845626
342.06899999999996 3.5620000000000003 -0.4347328624022657
347.69199999999995 2.939 -0.2630450673216931
355.18399999999997 3.147 -0.48371910662247625
364.38 3.251 -0.43857124599713654
369.878 3.3529999999999998 -0.263943872716904
377.79699999999997 2.834 -0.4746842497900929
391.679 3.3529999999999998 -0.45780686679716276
401.26399999999995 3.668 -0.34653778912621724
406.8589999999999 3.773 -0.49028833835307567
414.96700000000004 3.666 -0.4374132365437947
