23.123 2.2119999999999997 -0.4980862441976685
28.913999999999998 2.523 -0.23094270226295932
42.984 2.94 -0.49979242595174495
62.415 2.11 -0.49854414477098524
69.50099999999999 2.626 -0.46601492964393504
83.711 2.318 -0.3107295167871711
87.967 3.5629999999999997 -0.48993419935350563
96.24600000000001 1.4849999999999999 -0.3710308306017307
106.207 2.526 0.41581941617698864
141.328 1.798 -0.4837749760397809
145.387 2.939 -0.4684851179157305
167.181 3.0460000000000003 -0.49884422650956756
176.50099999999998 2.627 -0.3765127965987439
205.621 2.316 -0.4971316198960226
216.499 2.8369999999999997 -0.009750676801761273
222.094 2.835 -0.4216421022319185
234.19199999999998 2.836 0.16124945987364425
248.74300000000002 1.384 -0.499282182758103
255.31199999999998 2.316 -0.2776353179426603
262.119 2.109 -0.3968433231951902
276.581 3.149 -0.49817888239262587
290.825 2.1069999999999998 -0.4901452590120162
296.031 2.002 -0.3734162665114826
300.787 3.148 -0.4996727531022672
309.778 0.7569999999999997 0.060163609589913715
316.07399999999996 3.254 -0.4976569461105582
343.23900000000003 1.5899999999999999 -0.05317825645469949
349.49800000000005 2.731 -0.4566748279481912
372.93000000000006 2.003 -0.4870798979942714
393.01500000000004 2.318 -0.0026755057129923556
406.68 3.356 -0.4994422870170171
415.15 1.38 -0.48735004291448625
