30.508000000000003 2.627 -0.04512841633553212
39.126999999999995 2.109 0.4661511682600439
44.719 2.006 -0.4337775924011503
72.90700000000001 2.419 -0.3344028325001433
82.016 2.211 -0.2703108898659293
88.23799999999999 1.5899999999999999 -0.3730437829003917
99.502 2.628 -0.43574106955177544
104.786 3.045 -0.4317584941216273
111.285 3.147 -0.37795672478144327
122.88699999999999 3.147 -0.43456958485667885
129.523 2.2119999999999997 -0.4543675853842732
164.15800000000002 1.069 -0.3352907247226026
170.813 2.315 -0.13561659583006952
199.67499999999998 0.7560000000000002 -0.28150610435272744
213.90800000000002 2.626 -0.3280799241960009
221.194 2.941 -0.337055045170263
227.999 2.8369999999999997 -0.21076085837245923
254.27 0.859 -0.37726503489103597
257.805 2.524 -0.05310024362369858
265.151 1.3780000000000001 -0.2027533602601581
299.918 2.314 -0.05628157699475547
312.197 2.8369999999999997 0.37160937318321713
332.906 2.524 -0.4313478866453616
341.704 2.626 -0.1266216058882744
349.61499999999995 2.3169999999999997 -0.04353113965368307
364.31699999999995 2.213 -0.2040968054433366
382.62699999999995 2.004 -0.3326155388057757
390.479 3.252 -0.2173350775538015
410.218 2.316 -0.32990575155651625
416.89500000000004 3.044 -0.21863900699508604
422.988 3.043 -0.3289947714352238
430.521 2.01 -0.37375583980495625
