5.007 3.043 -0.021630405094030636
17.909000000000002 2.525 -0.08614599198238893
26.075999999999997 3.46 -0.45847406401755947
32.769999999999996 3.459 -0.3586982105561899
45.579 3.251 -0.36326324987663
59.978 3.251 -0.3720209875489815
66.997 2.733 -0.3508500838142811
72.367 3.463 -0.4516127782001758
83.488 3.042 -0.2333218403593083
111.89699999999999 2.8369999999999997 -0.2869524981206808
117.912 2.524 -0.19281179434555434
133.388 2.942 -0.46279695535779874
140.293 2.938 -0.41619380976743414
147.295 2.836 0.02788820194737073
153.192 2.939 -0.37621765297209153
157.87199999999999 3.359 -0.3677035253588702
169.37899999999996 3.252 -0.24215822169939166
174.79499999999996 2.836 -0.2738829127810688
200.004 2.629 -0.24464746530127168
213.19999999999996 2.836 0.12260638175924585
226.815 2.3169999999999997 -0.3094088187247458
260.904 2.629 -0.2973621084644841
287.98699999999997 3.146 -0.42972245181179175
305.824 2.211 -0.12742994207536465
337.178 3.356 -0.36237178110510965
346.80400000000003 2.63 -0.4271890548865076
352.37800000000004 3.255 -0.39256291470556665
365.988 3.0460000000000003 -0.1890617121828318
384.906 2.628 -0.31522359601046807
416.89700000000005 2.941 -0.2407143449790783
424.588 3.0460000000000003 -0.38244741518772857
