5.636 2.42 -0.39207102657934295
19.288 2.835 -0.4380044067878448
27.270000000000003 3.253 -0.3622097596471109
43.693999999999996 2.63 -0.4927558921959952
52.276999999999994 3.148 -0.49573607312706575
68.864 3.564 -0.4871271774245655
83.62200000000001 2.109 -0.4626618539354753
126.872 0.6519999999999997 -0.20165974776884604
131.494 2.73 -0.4920991899027646
138.56300000000002 3.4619999999999997 -0.4868185735602847
152.979 3.0469999999999997 -0.45126431119142196
161.296 2.732 -0.4757607317610571
167.17100000000002 3.3579999999999997 -0.07013461196603142
174.87899999999996 3.252 -0.489751943473487
180.29599999999996 2.835 -0.4280843743872014
186.704 2.629 -0.493253218525895
191.78400000000002 3.15 -0.4955290417586491
206.631 2.005 -0.19325811405382795
243.15999999999997 3.466 -0.4826621135574423
255.80400000000003 2.524 -0.09142008748477445
262.70200000000006 2.527 -0.48934008942247587
268.499 2.6310000000000002 -0.44204111047952227
303.767 3.459 -0.46091196069876395
310.507 2.42 -0.16198408653673438
315.699 2.628 -0.34429238153706043
324.628 1.8989999999999996 0.07986484670956681
335.089 2.939 -0.47081201791794525
372.27 3.5620000000000003 -0.4942396643801647
378.504 2.529 -0.24002175661484565
385.609 2.425 0.15124769098359442
408.47800000000007 3.15 -0.3987758208232413
442.192 2.8369999999999997 -0.4534251768713321
