4.57 3.458 -0.040698832973918596
25.178 3.252 -0.4960296216266629
41.187 3.146 -0.47400772295965093
49.873000000000005 3.5620000000000003 -0.49463567595239716
57.077999999999996 3.251 -0.4813987030989159
92.589 2.94 0.167334001215726
107.409 2.52 0.2736692563392543
128.465 3.667 -0.46000035650877275
135.187 3.146 -0.46748297307096964
142.728 2.206 -0.26088242540232276
151.171 3.459 -0.49022386605340074
168.39200000000002 2.938 -0.0347322637178842
174.497 2.833 -0.4687125896846078
180.40099999999998 2.729 -0.33898571914069797
193.57899999999998 3.252 -0.41235689301663386
199.099 2.832 -0.45650435324268873
204.70199999999997 2.729 -0.40847355404702457
211.34699999999998 1.484 -0.35347778185905177
219.183 3.248 -0.2818990370763564
230.90499999999997 2.728 -0.42315490940765027
237.984 3.25 -0.4965576861201667
246.56999999999996 3.561 -0.4877184670460623
253.065 3.666 -0.4721315579695944
268.793 2.939 -0.40510840588325303
280.771 3.561 -0.31868349664114676
295.008 2.624 -0.4937166190686959
329.51 2.624 -0.14215042409892764
335.29900000000004 2.936 -0.3222193263557591
379.814 2.519 -0.12552968920165383
391.985 3.249 -0.4478344137555728
401.283 3.251 -0.3873997814170789
