5.009 3.042 -0.4999999996854499
19.281999999999996 3.254 -0.49999999954117397
30.159999999999997 3.667 -0.4999999997332449
57.36 3.668 -0.4999999992841087
75.97 3.459 -0.4999999995068773
95.76 3.7720000000000002 -0.49999999849666654
138.881 3.148 -0.49999999928982
150.289 2.94 -0.49999999913264315
174.66400000000002 3.666 -0.4999999992068735
181.884 3.147 -0.49999999800237116
206.877 3.458 -0.4999999987217163
223.773 3.458 -0.4999999984597551
233.49499999999998 2.836 -0.4999999994290865
267.582 3.0490000000000004 -0.49999999964217495
293.39300000000003 2.941 -0.4999999928778895
300.269 3.668 -0.499999999108117
307.18399999999997 3.252 -0.4999999925774536
319.624 2.108 0.1666666611460684
328.212 2.42 0.1666666610519845
341.601 2.731 -0.49999999834083003
346.176 3.356 -0.49999999918030574
351.87399999999997 3.3579999999999997 -0.49999999859645716
357.97400000000005 3.459 -0.4999999984927546
362.865 3.667 -0.49999999911191484
390.571 3.5629999999999997 -0.49999999958933644
398.306 2.73 -0.4999999990110214
429.366 3.668 -0.499999998364858
434.7660000000001 3.667 -0.49999999899071573
