16.034 1.895 -0.3863148013973826
35.54 1.8930000000000002 -0.3840368297738424
51.556 1.2710000000000004 -0.44083924380509737
57.202999999999996 2.624 -0.3569006296922292
81.60799999999999 2.519 -0.4537629915500594
91.012 2.416 -0.4527644914382722
95.99199999999999 2.936 -0.4397910453363887
120.905 2.626 -0.2037768345804733
140.82 2.315 -0.36097383917972703
147.139 1.6889999999999996 -0.44187032310381275
153.683 0.5449999999999999 -0.025954661110171084
160.556 1.2730000000000001 -0.38818321735748407
166.84000000000003 1.6889999999999996 -0.4524271254904034
193.40300000000002 2.626 -0.35781429580220714
210.633 1.8969999999999998 -0.36052610717498484
222.632 2.0 0.0315393005038414
236.308 2.627 -0.25083229601178897
275.63599999999997 1.8939999999999997 -0.4540913419867875
280.624 2.106 -0.45326627867616304
285.97900000000004 3.251 -0.2522273660373122
299.42 2.311 -0.24732172449116907
315.281 0.7510000000000003 -0.2466156932804834
333.82 2.315 -0.4525960931515104
338.60099999999994 2.73 -0.3844192290461482
353.70099999999996 2.73 -0.3582692972043782
369.445 1.5869999999999997 0.47653047376826907
376.72399999999993 2.208 -0.44125371667008045
401.50199999999995 2.73 -0.45359798316158695
411.33899999999994 1.7930000000000001 -0.4529323192281964
425.156 1.3780000000000001 -0.3885536646512936
442.30400000000003 2.729 -0.47695474728327275
