9.675 3.357 0.18541626932659996
38.192 2.732 -0.028982574192332414
80.584 3.044 -0.040863635852845005
104.67799999999998 3.355 -0.16026591078280306
111.98799999999999 3.0460000000000003 -0.11174750247703358
122.877 3.459 -0.3109174718811202
130.085 2.941 -0.20261973389977583
135.276 3.25 -0.24025893113297286
145.207 2.419 0.3588231326514159
189.593 2.838 -0.049113243906189326
211.785 3.15 -0.22880967968795354
239.50600000000003 2.421 -0.10297288785157695
247.21699999999998 2.211 0.14186117287681857
269.67 3.3579999999999997 -0.2338112546223155
276.09499999999997 2.836 0.08342261314901239
282.402 2.629 -0.20098443357744303
287.27299999999997 3.3579999999999997 -0.18058705676118203
301.307 2.627 -0.1733118235832105
305.781 3.354 -0.3515520845863908
314.593 2.943 -0.20791074489997385
319.67199999999997 3.357 -0.2921869547739201
327.308 2.629 -0.32782343009944087
332.283 3.146 0.037263020044011205
337.898 2.731 -0.043584948483329125
346.58200000000005 3.147 0.01706858129578902
351.575 3.254 -0.1333592415649944
377.889 2.941 -0.33800971676445885
383.291 2.94 -0.16768828183251466
426.085 3.045 -0.2555329519238163
