11.364 3.561 -0.4752976032327538
21.968 3.457 -0.4730615098190487
46.006 2.522 -0.4602051006772306
80.115 2.519 -0.09006667956714084
92.034 1.7919999999999998 0.18754317872844953
101.171 3.355 -0.48839265494894335
106.376 3.25 -0.38288531905860923
114.371 3.355 -0.4945844006272575
128.595 2.832 -0.4171577658575083
135.47299999999998 3.354 -0.49448008887109995
144.529 2.0 -0.09259614745288071
163.38 0.8519999999999999 -0.4946404893567869
166.791 3.042 -0.4963443119415509
176.627 2.1069999999999998 -0.49259751385605227
187.3 2.727 -0.18113831272585673
202.576 3.3520000000000003 -0.38088718153973294
211.891 2.8369999999999997 -0.38697013279620773
227.01999999999998 2.208 -0.4740933821943442
233.379 3.249 -0.3859165000304556
241.036 1.7930000000000001 -0.2617850463421721
259.707 2.625 0.2582864261727306
267.61 2.624 -0.4874568478988075
272.291 3.144 -0.37452317313878924
277.072 3.457 -0.4830458333716049
286.746 1.5830000000000002 0.10433045672920034
308.601 2.728 -0.44421025409814696
318.408 2.521 0.482723131887807
332.98 3.25 -0.494741786386825
343.01099999999997 2.519 -0.17466428440008985
348.504 2.727 -0.18529014600588187
354.98800000000006 3.145 -0.4964135208194555
367.47999999999996 3.355 -0.44521220366543063
374.505 2.525 0.2742136876815888
379.795 2.835 -0.4215533747268678
401.705 2.626 -0.07820459874976336
415.667 3.564 -0.49645073375911897
