4.911999999999999 3.148 -0.1593944691027064
12.489 2.944 -0.48774263000113954
19.496 2.838 -0.48243896389708585
42.198 2.836 -0.4597989605920435
74.387 3.148 -0.455557592437462
88.89399999999999 2.941 -0.4983931307290927
97.988 3.147 -0.4995152563015672
116.241 1.5939999999999999 -0.49437974846884875
120.395 2.941 0.04339342221153121
127.58100000000002 3.355 -0.49930191116961326
135.687 3.149 -0.4861789958921668
142.30700000000002 2.628 -0.49145844528441646
150.298 2.838 -0.42128016605288665
167.984 3.254 -0.49888390119624765
182.899 2.8369999999999997 -0.494935753223657
188.095 3.042 -0.32759693036101817
201.701 2.626 -0.32516993140673467
216.473 3.357 -0.49931361527343643
229.27900000000002 3.253 -0.49939218395979923
234.99099999999999 3.042 -0.4869292024755218
290.899 2.627 -0.4473441435667441
299.581 3.0460000000000003 -0.4780754343499061
305.075 3.253 -0.38476620360556024
311.386 3.043 -0.13549565064785107
338.982 3.252 -0.18616339451311945
385.90299999999996 2.523 -0.43380064199011137
394.67400000000004 3.354 -0.4987397100093329
405.784 3.151 -0.4969329728551033
414.375 3.356 -0.22321373952521198
425.786 3.149 -0.49602507042915817
442.2 2.836 -0.49971834940138776
