4.904999999999999 3.148 -0.4964787502465778
21.571 3.564 0.49857691792669423
27.399 2.8369999999999997 -0.4984942193068533
50.20799999999999 2.731 -0.10283798735939755
56.387 3.149 -0.1982151323811469
81.986 2.8369999999999997 -0.4722043453671695
93.571 3.355 -0.49284277226074885
99.686 2.94 -0.474898762922351
106.51100000000001 2.316 -0.0475874430409122
114.474 3.255 -0.3420314275658351
128.393 2.939 -0.30954319525117197
134.07700000000003 3.355 -0.4996199034908644
157.055 3.566 -0.4997791609366943
165.179 3.043 -0.2872590495104244
171.618 2.005 -0.49899476749421284
180.97100000000003 3.253 -0.47530941314753444
191.369 3.357 -0.4993818211983354
199.305 2.4219999999999997 -0.07751342710370655
222.392 2.94 -0.40875848002567616
228.88500000000002 3.147 -0.49973609133554947
272.596 2.628 -0.017313397598434525
287.36899999999997 3.357 -0.4073461155647269
295.388 2.94 -0.4990116115774658
302.26800000000003 3.461 -0.3966001713530672
326.59999999999997 2.733 -0.4682046608521417
374.084 2.941 -0.21174817611421146
379.479 3.147 -0.4687213114750988
389.871 3.357 -0.4170785600117228
406.481 3.149 -0.13156825815541937
414.98699999999997 3.045 -0.4996819278922788
442.08599999999996 2.939 -0.2805421885635948
