4.720000000000001 3.3579999999999997 -0.498600758108944
15.663 3.566 -0.4722860136167043
20.969 3.46 -0.4977353717997073
31.208 2.523 -0.1863085955182425
55.296 2.839 0.3516409514005626
60.572 3.356 -0.4378307067412994
66.069 3.46 -0.46499325767882754
75.68499999999999 2.944 -0.41309056281466466
85.28599999999999 3.043 -0.49675693220926975
94.913 2.316 -0.49247831902876316
103.803 2.526 0.014875720156912187
108.577 3.152 0.1597791655844944
115.27399999999999 3.355 -0.49153619948577865
142.514 2.421 -0.4304162387818632
150.892 3.043 -0.4979921584215013
160.40800000000002 2.4219999999999997 -0.450418003604073
171.297 2.733 -0.4687969427195395
176.382 3.148 -0.4982226634273926
183.57600000000002 3.3579999999999997 -0.4977390944801598
199.39499999999998 2.836 0.13259178185721993
213.708 2.523 0.13261093143783956
218.28199999999998 3.149 0.18664575282832163
226.281 3.251 -0.4933375922640008
239.98000000000002 3.355 -0.49633703833649595
246.41400000000002 2.421 -0.044890163022123335
263.775 3.356 -0.31851442999720003
273.284 3.147 -0.4649375149098832
296.391 2.941 -0.16014920168404367
322.29100000000005 2.941 -0.014855140172400859
327.58 3.253 -0.48787238642442504
335.288 3.0460000000000003 -0.4753552499705965
343.40999999999997 2.526 -0.4984218133997829
352.225 2.108 -0.10376506520482974
365.584 3.149 -0.4947576144232908
379.669 3.564 -0.4974460413203125
394.885 3.149 -0.40289334170438196
411.841 1.593 -0.48634019126815026
