13.723 2.312 -0.2808576249780045
29.451999999999998 1.4789999999999996 -0.1800701616753503
35.463 1.1689999999999996 -0.12747064096865646
42.911 2.625 -0.14552310720314607
65.353 1.1680000000000001 0.15619350246193905
79.12599999999999 1.8969999999999998 -0.2582082222933566
90.23 1.895 0.013286914015514335
98.447 1.48 -0.03310006117810074
125.447 1.5839999999999996 -0.10196598793283489
130.966 1.1660000000000004 0.10905560349421697
146.02100000000002 2.416 0.39622463254176393
157.378 3.043 -0.340165241144872
167.03900000000002 1.483 -0.3725003268323213
200.99899999999997 2.729 0.258464276721812
236.461 1.3730000000000002 -0.4456740821764203
242.036 1.999 -0.36356400725686727
250.232 1.69 -0.3776334630130499
258.294 2.728 -0.4552690020401332
270.183 3.041 -0.17357816731705022
277.639 1.6860000000000004 -0.32245434112344784
291.03000000000003 1.8969999999999998 -0.4370751845349864
301.422 2.207 -0.29873210269092004
307.98199999999997 0.6480000000000001 0.44420257454092477
336.983 0.7519999999999998 -0.28565901405891014
343.946 1.3769999999999998 0.04511452971148694
354.212 2.312 0.0058695919970596965
388.23799999999994 1.6889999999999996 -0.31828655694504254
397.75000000000006 1.4789999999999996 -0.43530218132426685
426.551 1.5830000000000002 -0.419711153792232
437.179 0.8569999999999998 -0.37778343478116544
441.878 3.147 -0.2228261815498877
