16.637 1.996 -0.409868969361521
29.245000000000005 1.5830000000000002 -0.329603306876623
50.245000000000005 1.5830000000000002 -0.43231373429281156
82.633 1.8960000000000004 -0.4137567153220851
103.27400000000002 0.9580000000000002 -0.1738852922548887
117.043 1.7910000000000004 -0.3600290991059724
122.76 1.475 -0.42731420622197397
130.33 1.999 -0.4441289191245638
187.815 2.415 -0.4218757315885228
204.17499999999998 0.9580000000000002 -0.12050689900374345
222.379 0.8519999999999999 -0.025705676741955008
228.503 2.728 -0.1565086451081005
243.09599999999998 2.935 -0.38887716270432376
251.938 1.8930000000000002 0.33356432606693925
256.387 3.144 0.09032459953610208
264.649 1.5819999999999999 -0.35036858726697795
270.718 2.414 -0.02535729054847219
279.871 1.06 -0.052463924132149016
285.70799999999997 2.624 -0.4353866770328181
301.44899999999996 1.6839999999999997 -0.006218838702007949
307.7 2.834 0.14520333102321964
322.82800000000003 2.104 -0.407405134612851
356.944 1.7889999999999997 -0.43715752107281125
370.712 2.521 -0.30639361521976144
381.487 0.6460000000000004 -0.2669622636235817
396.76500000000004 1.2680000000000002 -0.0831278018020822
403.69300000000004 0.5410000000000004 -0.40326137911410886
416.042 1.895 -0.24388149665672584
422.176 0.9580000000000002 -0.1387025117083545
442.303 2.731 0.27222504834118233
