5.196999999999999 2.852 0.3544680239089398
13.587 2.646 0.0224600127194112
21.973 3.161 -0.2530500825688339
29.49 2.5460000000000003 -0.19782416734100286
45.078 2.647 -0.329772478320525
52.477000000000004 2.748 -0.3851169188662528
88.276 3.0540000000000003 0.003324991023391665
93.869 3.161 0.18474782628875136
101.884 2.748 0.026280914362961788
107.77799999999999 2.955 -0.37587390552426525
113.48400000000001 2.85 -0.37250420048360794
121.089 2.646 -0.07231148926574833
129.666 3.16 -0.17226281044877448
160.98000000000002 2.646 -0.38354988301715465
166.18200000000002 2.545 -0.16887853866600752
189.878 2.853 -0.32817321204245187
195.37300000000002 3.059 0.11926022407463725
207.78 2.9539999999999997 -0.36192408634962964
214.691 2.544 -0.2558880344952727
226.58800000000002 2.439 -0.3004156870401838
233.18399999999997 2.544 -0.19458393240016392
237.96499999999997 3.263 -0.3673034314479244
260.76800000000003 3.162 -0.37419871206649646
277.56700000000006 3.162 -0.3324896368805077
297.797 2.2359999999999998 0.12645760495210837
344.07700000000006 2.852 -0.37079023741157097
352.17900000000003 2.75 -0.185619251036727
357.9030000000001 2.03 -0.266294850548695
407.486 2.749 -0.23257089920447946
413.66999999999996 3.16 0.030098741646314167
442.283 2.748 0.09367263289641418
