5.198 2.85 -0.07979414934721574
30.776 3.058 0.20742660443113448
37.585 2.851 0.10470994939873352
43.273 3.058 -0.37752991801539665
58.575 2.956 -0.4000006946277209
72.376 2.955 -0.3637372563069998
86.08200000000001 2.749 -0.39720910435232937
107.976 2.956 0.2797323181551001
132.606 2.03 -0.11201005422201574
137.689 2.644 -0.3259821542138226
156.07 3.263 -0.2444040254729081
177.51 1.823 0.10836606201836285
200.379 2.9539999999999997 0.18804554805407214
208.585 2.648 -0.27442479883028736
217.171 3.1630000000000003 -0.3582369732174349
224.286 2.749 -0.31927674973134845
231.99599999999998 2.44 -0.3275975705039743
245.973 3.161 -0.3169973196373747
254.282 2.852 -0.18891199871769015
259.377 2.957 -0.061026234740362575
268.47200000000004 3.162 -0.26701755602341315
296.774 3.162 -0.23853069927758483
311.584 2.851 -0.10201041162209284
330.19 2.647 -0.3807849450247412
348.092 2.543 -0.3382542687657914
355.177 3.058 -0.26426864228041463
378.38599999999997 2.75 -0.27173727554515453
384.67 3.3659999999999997 -0.24730799371663695
403.77599999999995 3.16 0.21058736263322497
430.777 2.644 -0.3986134222920503
441.862 3.161 -0.06855749249572093
