30.676000000000002 0.758 -0.4339852198468277
61.379999999999995 3.148 -0.26643707658528093
69.501 2.627 -0.23221755673712297
82.672 3.356 -0.47559240402816033
94.892 2.8369999999999997 -0.4912222528628213
100.513 2.419 0.28197578443898474
105.685 3.0460000000000003 -0.3238064231961925
120.41 2.424 -0.39081151148690746
140.5 2.629 -0.353094549640868
145.18 3.149 -0.46159338841145003
162.31799999999998 2.211 0.27606614620920894
175.56400000000002 3.565 -0.4603052182867599
183.713 2.3169999999999997 -0.22262038157398237
204.26299999999998 3.668 -0.47792834674842116
235.547 1.483 -0.29011578097237806
241.587 3.043 -0.27004343007690523
247.81699999999998 2.314 0.0988779569888702
254.272 3.3579999999999997 -0.4167145683386837
260.77000000000004 3.46 -0.488745396675413
290.19899999999996 2.732 -0.4056122663609429
295.82 2.211 -0.4296235339532457
300.786 3.146 -0.4901752935368151
307.28200000000004 3.251 -0.4677906920949515
324.50899999999996 2.627 -0.23617039980884993
333.01 2.522 -0.4610701788861371
342.621 2.211 -0.4140556849672594
349.08599999999996 3.146 -0.18023312195229219
392.185 3.147 -0.4747614406183564
407.51099999999997 2.523 -0.15742758781541738
413.803 2.732 -0.38185767913301166
