4.376 3.675 0.4902645806311861
22.976 2.854 -0.4992242457655706
28.578 2.852 -0.33725807657860496
36.375 2.955 -0.49994467921573865
47.157 3.573 -0.4998794554642996
52.657 3.573 -0.49996981396715723
75.757 3.574 -0.48488245971132277
100.764 3.3689999999999998 -0.4999753318226599
107.359 3.675 -0.47263925438085225
114.36 3.675 -0.4999861464054193
126.254 3.778 -0.4595757760433308
134.569 3.263 -0.4632533578431464
145.057 3.675 -0.49995607547910176
205.366 3.3689999999999998 -0.2745397074331346
215.77999999999997 2.853 0.1521179821730282
222.564 3.4690000000000003 -0.4999830476915981
230.08899999999997 2.544 -0.03041413134598026
240.774 3.161 -0.49280276976559123
247.88199999999998 2.751 -0.2373429529828186
268.59000000000003 2.544 -0.4999835278448789
273.369 3.2649999999999997 -0.49982957829468133
300.878 3.057 -0.4994440575047182
339.174 3.161 -0.450974241886564
348.173 3.162 -0.41591810786882394
357.577 3.058 -0.489561397637893
379.863 3.572 -0.49996305966314264
391.16499999999996 3.4699999999999998 -0.4999462459772362
396.061 3.675 -0.4999922210484433
402.28 2.956 -0.49632693414827916
408.67799999999994 3.059 0.11187451424891871
422.25100000000003 3.472 -0.499299919280143
427.252 3.472 -0.4960598881496476
