20.110999999999997 1.8239999999999998 -0.2963446805773631
27.741 0.895 -0.06561065167836075
31.708000000000006 1.9249999999999998 -0.36893017150753643
36.382000000000005 2.851 -0.2851257001285705
93.124 1.4100000000000001 0.13195489193585366
129.149 0.6880000000000002 -0.14465612335603237
136.229 1.2060000000000004 0.061135832905311764
142.806 2.029 0.02151547771980284
148.30900000000003 1.9260000000000002 0.21657170928391076
156.99099999999999 2.544 -0.11604625794098428
184.52399999999997 1.412 0.4481012605839012
190.99399999999997 2.542 0.41925414443798487
206.92 1.516 -0.38039457408759875
213.43899999999996 0.9969999999999999 0.4006982630646126
226.431 1.307 0.2882528176962593
237.91799999999998 1.205 0.44271629547050134
245.683 2.542 0.4111565058596369
253.312 1.4139999999999997 0.1723171397723579
260.024 0.9039999999999999 0.11173434313684737
272.021 1.616 -0.026053066703160332
286.632 1.1 -0.24436173594799349
291.726 1.2069999999999999 -0.03980236997499601
297.335 0.9989999999999997 0.01691894933680678
302.116 1.721 -0.22761146286664985
330.71200000000005 1.411 -0.17226827547188805
336.299 1.9249999999999998 -0.03522495476910903
341.404 1.8210000000000002 0.36470460701971735
368.521 1.3080000000000003 -0.31829637848242737
374.132 0.8989999999999996 -0.3432613673339729
387.212 1.8210000000000002 -0.3210181955031388
412.78399999999993 2.338 0.22394679489811647
