5.0009999999999994 3.057 -0.4960238151650932
23.273000000000003 2.75 -0.08640845802618313
28.766000000000002 3.058 -0.45190938795788893
45.778999999999996 2.545 -0.49813645130806755
64.395 2.2319999999999998 0.13309031479406588
70.306 1.822 -0.3178451109486643
91.01200000000001 1.7189999999999999 0.013646160586016727
97.688 2.645 -0.4971407642185189
119.775 2.75 -0.4976493223085345
126.302 1.823 0.49930858284450413
149.191 2.235 -0.49352009703688793
163.301 2.026 -0.49577127974987845
189.21 1.822 0.46243615645838443
194.102 2.131 -0.3231978823886688
214.698 2.029 -0.39352313165256386
229.242 0.585 -0.49684673185797207
232.675 2.852 -0.3838150634801578
239.30800000000002 1.7189999999999999 -0.49652256911298515
244.292 2.235 -0.48971906663202236
266.927 1.0019999999999998 -0.36208365027998063
293.70000000000005 2.234 -0.49695895302716164
303.00100000000003 2.234 -0.4752168284385445
308.496 2.1319999999999997 -0.47976444699604204
324.31 1.718 -0.21130284299639893
330.99000000000007 2.438 -0.43648416553831615
337.886 2.4419999999999997 -0.47204977414699784
352.605 1.924 -0.49412249948353926
368.306 1.8239999999999998 -0.06863671996707818
372.894 2.3369999999999997 -0.4912246372643434
401.697 2.339 -0.40566132429277446
417.083 2.646 -0.3900006579964378
