5.298 2.747 -0.017670992221885996
12.707999999999998 2.028 -0.4074323014703435
20.569 3.058 -0.37566199948904666
29.872999999999998 2.854 -0.4129442210578222
36.181999999999995 2.645 -0.44747981446019763
42.176 2.852 -0.4813892044879942
61.696 2.032 -0.45367299661809446
68.18299999999999 2.5460000000000003 -0.4565633220749116
78.12899999999999 1.0010000000000003 0.16242282889991508
91.27499999999999 2.958 -0.418647100432542
104.179 2.956 -0.47875860958353816
119.192 2.3369999999999997 -0.36021568021771716
132.386 2.544 -0.47236223795123666
149.396 2.133 -0.4741181925002144
170.904 2.029 -0.36779746181509815
177.13099999999997 0.8999999999999999 -0.4704907533739214
181.291 2.441 -0.47253725706273814
200.001 2.134 -0.461942008178055
227.609 1.8210000000000002 -0.08272469081064855
233.825 1.3050000000000002 -0.49107603368675107
285.522 1.3110000000000004 -0.46658411994404203
295.711 1.8239999999999998 -0.41346203311782664
338.31399999999996 1.718 -0.43627669970500305
347.23699999999997 0.895 0.38282138518563513
370.18199999999996 2.75 -0.2928263957491704
376.283 2.75 -0.30368615104823277
382.108 1.9260000000000002 -0.48258190968129594
392.89500000000004 2.441 -0.3515397880236096
413.17900000000003 2.9539999999999997 -0.48474639548506043
429.306 1.927 -0.4440204329079389
436.894 2.339 -0.4875415033165901
442.283 2.751 -0.47576536372977024
