5.506 2.524 -0.2527640248400151
27.296 2.935 -0.258353366294096
55.410000000000004 2.521 -0.015364939679646599
62.906000000000006 2.625 -0.16375915601727348
75.682 0.7489999999999997 -0.2611155480688541
99.342 1.7889999999999997 -0.12565873813707035
126.20100000000001 2.831 0.17299871850675133
156.70100000000002 2.731 0.08914078076638059
183.394 2.938 -0.12210793896450635
191.318 2.415 -0.15271300123226833
226.30599999999998 2.727 -0.2442186488600699
232.95299999999997 1.58 -0.129196058942702
238.31300000000002 2.421 0.03799472526060313
244.04500000000002 1.69 -0.3211089706664586
249.66599999999997 1.27 -0.36647118653218314
261.17 1.0639999999999996 0.019143471791904836
265.409 2.625 -0.36471067462625995
278.696 2.938 -0.1501191030444574
292.327 2.1069999999999998 0.4412782045394097
307.449 1.5860000000000003 -0.24993700169193042
321.61 2.625 -0.21512333102317793
327.294 3.041 -0.2089178694447481
334.831 2.104 -0.2506319126415971
343.163 1.3730000000000002 -0.18942670073963133
352.566 1.2710000000000004 0.1327195763385919
373.305 2.419 -0.357472046888766
379.51399999999995 2.312 -0.33770193046625724
394.895 2.833 -0.30501737967344533
401.33700000000005 1.7919999999999998 -0.06699991313970484
416.998 2.834 -0.13972392758536198
433.92199999999997 2.314 -0.30263119210260586
