15.202000000000002 1.9249999999999998 0.32031531770024835
32.592 2.235 -0.3643282148836365
40.013 1.4139999999999997 0.3346579604472097
47.784 2.443 -0.4621395375662141
55.684000000000005 2.544 -0.45674175513548515
77.386 2.647 -0.04155749638271043
94.377 3.058 -0.4717172720381976
107.615 1.4130000000000003 0.08321562433346275
134.362 3.367 0.4406498817115438
143.983 2.646 -0.4304578202161986
151.612 1.617 -0.18346402945881107
161.49 2.541 0.006926507187221276
176.47799999999998 2.955 -0.44567521523084697
181.775 3.162 0.36057172259680265
193.381 2.749 -0.40555365091240075
201.079 2.851 -0.4049774502295208
222.704 1.826 -0.2876345384259185
235.49099999999999 2.44 -0.35210327177887674
240.164 3.3659999999999997 -0.44275698837655225
259.219 1.412 0.4162691260152258
269.683 2.65 -0.47435267284128024
290.886 2.645 -0.47064299382104335
295.877 2.854 -0.25332097514718127
334.602 2.03 0.4789251537900571
361.88899999999995 2.543 -0.23416986703079373
378.202 2.033 -0.1917094308143875
384.596 2.339 -0.26468478729138967
415.985 2.748 -0.3965990035523857
422.29 2.543 -0.47601822675195105
430.70300000000003 2.03 0.11654156791806422
