10.591999999999999 2.543 -0.41904296016819753
24.078 3.058 -0.3861654434038328
53.73500000000001 1.1010000000000004 0.3956340641724776
61.221 0.9989999999999997 -0.309066864612706
85.067 3.057 -0.2654473868763562
93.66000000000001 3.3659999999999997 -0.48339176576467474
99.97300000000001 2.9539999999999997 -0.4123246397739959
108.69 2.338 -0.11952251906860892
152.995 2.4419999999999997 -0.09180763307730623
174.57 2.753 -0.4051063565150555
188.168 3.058 -0.317872245958431
219.28199999999998 2.749 -0.4239920514796543
238.673 3.162 -0.4542447435530293
244.698 2.3369999999999997 -0.45831697229846563
252.30100000000002 1.721 -0.4825957132275416
256.673 2.75 -0.3236724145613794
270.107 1.616 0.4131538977502821
298.772 2.956 -0.45671307805487343
303.87600000000003 2.9530000000000003 -0.12633877275955316
310.18399999999997 2.646 -0.46057470100402664
317.33099999999996 1.0 -0.46571705232303284
327.585 2.648 -0.04917170533549352
333.88800000000003 2.5460000000000003 -0.296945337718021
342.863 3.161 -0.46165913674228237
362.57300000000004 2.751 -0.46666494999480196
379.977 2.749 -0.409975453367992
389.676 2.751 -0.28564298288155043
435.716 1.7189999999999999 0.09432040548465637
