4.679 3.3689999999999998 -0.47031100862944625
19.695999999999998 2.437 -0.4682781042711068
34.382000000000005 3.056 -0.49725455528814066
43.46900000000001 2.852 -0.39036470622765745
52.262 3.16 -0.4803408435799859
61.562999999999995 3.161 -0.4974354164105006
77.132 0.7939999999999996 -0.49783725350916147
82.87700000000001 2.85 -0.33252468218318226
87.56099999999999 3.367 -0.4977622578206955
109.693 2.44 -0.2793678844822378
114.987 2.646 -0.13480787176657663
131.69299999999998 2.543 -0.4600502769520869
139.685 2.338 -0.3835147903069165
161.482 2.542 -0.4937105829467119
179.86499999999998 3.263 -0.4990382470475718
186.579 2.75 -0.08611177438400006
206.809 1.823 -0.4998632665725779
216.96500000000003 3.4690000000000003 -0.4864156799086033
237.549 3.675 -0.48595019611227647
255.369 2.955 -0.49567229824426906
262.579 2.646 -0.46134019703349444
268.378 2.749 -0.49431978379252045
279.168 3.161 -0.4833765434271506
309.773 3.161 -0.49552256687277574
344.361 3.2649999999999997 -0.4976043922408923
372.77000000000004 3.058 -0.47967149204183074
378.177 2.852 -0.4991891460049778
390.36499999999995 3.266 -0.4976846641164416
396.792 2.44 -0.408831978582401
402.675 3.159 -0.49695914281554543
408.37 3.2649999999999997 -0.4946929475043354
424.791 2.2359999999999998 -0.4059614533564852
432.86999999999995 3.057 -0.49715940904920974
442.072 2.955 -0.46721178108762834
