10.715 2.311 -0.4110348321736796
39.032 1.8980000000000001 -0.22809865860877512
82.044 1.5830000000000002 -0.10302955248911308
104.988 3.039 -0.24120957003512447
111.571 3.456 -0.21340500205490504
117.997 2.73 -0.3346450427836069
124.32799999999999 2.0 -0.3984664567697316
135.383 3.147 -0.2291870958139822
145.423 2.209 -0.26817865287424797
162.235 2.0 -0.34447782843208247
190.323 2.105 -0.29225740037978765
205.984 3.145 0.3854940980569811
212.512 2.417 -0.421768508370733
233.417 2.414 0.4750941090396925
239.622 2.31 -0.1386813361102215
248.055 1.3780000000000001 0.16789406652486502
269.885 3.145 -0.017497851997044598
276.512 2.418 -0.05380488434752699
282.303 2.727 -0.1541108587636975
287.798 2.832 -0.12166640837855144
301.512 2.418 0.10440531461392642
314.80199999999996 2.728 0.07036086998156278
321.13800000000003 1.8930000000000002 -0.3152327938959138
332.18399999999997 3.248 -0.3705104307298081
338.00699999999995 2.625 -0.12037081015943758
348.67 1.0639999999999996 0.3251865649629316
353.039 1.7960000000000003 -0.08815457437344171
378.51599999999996 2.315 -0.12031296425762654
384.125 2.106 -0.3779058619306788
420.21999999999997 2.312 -0.42175079516625974
425.88399999999996 3.248 -0.2931619654549916
