13.198 2.8369999999999997 0.15119389170775938
27.785 3.15 -0.12208864765285578
33.592999999999996 3.042 0.1318095342642542
42.491 3.044 -0.1586298943283272
63.909000000000006 2.627 -0.3266324870385106
78.09799999999998 2.939 -0.28624192758372513
89.19999999999999 2.939 0.040723058051519004
98.13900000000001 1.7969999999999997 0.293144398961874
102.387 3.149 -0.3462439945849214
116.59200000000001 3.044 0.30268722214062244
124.71199999999999 2.316 0.1279742209862211
129.087 3.042 -0.10414845363871474
145.49200000000002 2.94 -0.26292100919894107
157.39100000000002 3.0460000000000003 -0.30663442116984324
165.909 2.628 -0.032541580093887516
194.57900000000004 3.045 0.351574696587929
201.408 2.3169999999999997 0.021888899880947842
234.577 3.254 -0.31815992238677077
241.508 2.524 -0.061575224922634446
270.38599999999997 2.836 -0.3091875330762039
276.382 2.94 -0.171810500556666
290.195 2.733 -0.3504766040230216
300.68399999999997 2.942 0.10807609810090653
306.101 2.526 -0.24273174330940728
336.24399999999997 1.488 -0.24421750143463158
342.807 2.526 -0.12594849353411228
348.389 3.045 0.42652872160890787
354.53000000000003 2.005 0.25204903263019196
386.882 3.043 0.06774839242266428
425.19199999999995 2.939 -0.33838360417282404
434.885 3.148 -0.22301373966370588
442.092 2.942 -0.24896857134145295
