5.212 2.838 -0.3205947036037712
14.082 3.25 -0.22457114158479358
21.584 3.148 -0.07368755534668336
36.282999999999994 3.149 0.2644840472432266
48.376 3.459 0.015619563598297815
54.577 3.459 -0.0510263714165357
62.279 3.354 -0.19893959868006397
84.87799999999999 3.355 0.3994130661721853
92.67899999999999 3.354 -0.17371732134234216
104.269 3.564 -0.12412272493185598
118.484 3.15 -0.036634784670113274
126.372 3.461 -0.3406003524764667
148.58200000000002 3.253 -0.2262963065579626
158.379 3.3579999999999997 0.1936289880020989
170.99200000000002 3.042 -0.3608835233286933
177.81400000000002 2.42 -0.11821326288951023
188.791 3.044 0.017782487778063513
193.782 3.252 -0.273254049652434
249.498 2.838 -0.0941663634944399
265.88800000000003 3.147 0.20922196433853738
277.789 3.252 -0.31944496210044077
284.793 3.149 -0.20239003079838222
290.601 2.835 0.1844722422064667
308.174 3.4619999999999997 -0.2834639542955666
322.271 3.461 -0.011509705113958475
332.078 3.3579999999999997 -0.23790394079971786
346.657 1.3789999999999996 0.23278822700812393
352.474 3.147 -0.32426209836281905
377.88 3.146 0.31569951954939446
395.172 3.356 -0.2778299358475092
401.304 2.627 -0.34837242829503423
405.968 3.5629999999999997 0.205817565087607
411.772 3.46 -0.21461313949079622
419.48600000000005 3.147 0.0901932702720833
