11.91 1.822 0.08290237714625538
32.579 2.9539999999999997 -0.34659107801846556
48.191 2.542 -0.4833910511589102
53.184 2.749 -0.42707356791421647
64.186 2.749 -0.3647626346272611
87.789 2.645 -0.44026001187178876
99.791 2.543 -0.4642913386207749
105.579 2.955 -0.4808055371733604
111.28 2.854 0.2913921669488943
117.089 2.645 -0.4785024892603337
122.573 3.161 -0.47183811864228953
128.086 2.851 -0.4813923418428997
134.50199999999998 2.1319999999999997 0.17808634877908167
152.78900000000002 2.646 0.002106768276794387
166.29399999999998 2.4419999999999997 -0.4704539505754221
173.899 2.439 -0.4044740861656758
179.297 2.441 -0.41260482986057045
190.377 3.058 -0.48416492516918525
212.889 2.646 -0.4751751846602111
229.69599999999997 2.34 0.24466508887004948
243.677 2.956 -0.07518862775224536
279.77 2.752 -0.3551125736221126
325.371 3.16 0.3861639145868666
341.377 2.956 -0.48309848030307967
368.45799999999997 3.1630000000000003 0.058923077076676725
376.276 2.747 -0.38108408330705695
392.38399999999996 2.4419999999999997 -0.43142847045976
398.575 2.852 -0.3610187114289077
406.993 2.235 -0.04671004720791895
418.188 2.4419999999999997 -0.40599752161561986
431.087 2.645 -0.3668261374835557
437.49699999999996 2.439 0.3358904276544814
441.97499999999997 3.059 -0.46255053651141276
