4.886 3.162 -0.380089466693941
40.263 3.159 -0.14534605293842942
57.299 1.9249999999999998 -0.026772372758156877
73.387 2.439 -0.35851657918441815
81.976 2.852 0.11017436096672385
87.16799999999999 3.16 -0.08116703408528914
97.819 1.411 -0.2763013188785484
100.653 3.678 0.4970120133635697
110.31 1.823 -0.42682964514492505
116.116 1.6180000000000003 -0.13924064122542928
121.61200000000001 1.823 -0.14615710046358957
142.171 2.852 -0.2820931250538993
154.893 2.131 -0.2375749519949919
171.46800000000002 3.059 -0.059025150293329325
180.102 1.9260000000000002 -0.23170344773586538
185.08100000000002 2.748 -0.36914075700934135
204.865 3.368 -0.1522091445023795
256.176 2.749 -0.35059030173216993
276.87800000000004 2.851 0.10298670943344986
286.27299999999997 3.057 -0.15301293341454544
292.799 2.1319999999999997 -0.42046047836347006
297.578 2.9539999999999997 -0.40359136399744056
305.896 2.438 -0.06409319169260434
325.488 2.439 -0.13842261340278528
373.419 1.512 -0.400618540013446
407.48 2.955 0.22574942404093676
417.8949999999999 2.2319999999999998 -0.2602191534291117
434.18000000000006 2.748 -0.34277190938617164
443.105 1.923 0.02588846800549295
