4.583 3.461 -0.3709900845367504
10.878 3.356 -0.3499121284142911
48.378 3.149 -0.4871528244475808
55.770999999999994 3.356 -0.49797046676557205
62.195 2.732 -0.4988324444703854
73.186 2.942 -0.4997449857460214
100.67899999999999 3.254 -0.389913358398862
110.19 3.044 0.06825531069643312
122.297 2.731 -0.4990842685944249
133.08499999999998 3.043 -0.4994711840215625
145.273 3.356 -0.49787643824384636
157.18499999999997 2.943 -0.48331665032418936
179.097 2.733 -0.4996295004603164
191.479 3.253 -0.4778591687661737
208.774 3.461 -0.3831382076938948
222.582 3.148 -0.44920885433197494
245.878 3.252 -0.48771581558922655
251.18599999999998 3.044 0.4333502448438324
259.286 3.044 -0.4990205181274726
271.87199999999996 3.459 -0.48438655823625065
277.783 3.149 -0.48687100176384057
290.684 3.251 -0.49607202514087534
299.269 3.566 -0.08470128613165596
307.673 3.5629999999999997 -0.457941332449577
315.89199999999994 2.939 -0.499709461093359
340.078 3.354 -0.49875118263733353
360.068 3.463 -0.4996747972230256
367.091 2.941 -0.40205805116812654
391.57 3.564 -0.4933331735130369
397.28000000000003 3.255 -0.4199387381166701
403.069 3.667 -0.31618573030739305
411.175 3.458 -0.007884456281295053
420.377 3.356 -0.4701615686595827
429.279 3.254 -0.48989828166069654
442.19800000000004 2.835 -0.49939754807434816
