4.686999999999999 3.367 0.4998824940607948
9.969 3.16 -0.4283401584101472
24.278 2.852 -0.46729989067758293
52.594 2.2359999999999998 -0.4939396952443517
59.687999999999995 2.542 0.26523910845495896
85.692 2.441 0.35236014836240015
93.872 3.1630000000000003 -0.49757573281212125
100.18700000000001 2.749 -0.4400264967511491
108.59100000000001 2.44 0.06506361445226189
122.685 2.646 -0.32893142518003315
127.988 2.543 -0.4993061916318179
152.269 3.162 -0.0019221312489510858
175.406 1.9260000000000002 -0.4499098496756225
188.89600000000002 2.338 -0.2416564510275609
219.797 2.235 -0.48710283556097783
239.082 2.751 -0.49156569008574796
244.48999999999998 2.543 -0.4984681771932571
256.58 2.853 -0.4475692754492423
268.88100000000003 2.852 -0.4905788223335441
279.415 1.6180000000000003 -0.47322234531681656
288.034 0.9010000000000002 -0.4979954646302914
298.78100000000006 2.9530000000000003 -0.4904342268245848
303.77899999999994 3.059 -0.08060343431680594
311.115 1.7189999999999999 -0.4982610592921971
315.894 2.44 -0.4976126386539274
327.89700000000005 2.3369999999999997 -0.0922769982513973
333.89000000000004 2.544 -0.46357806497599274
344.418 1.616 -0.4981472431460909
362.688 2.646 -0.49745649080411575
379.987 2.748 -0.4435086341853771
390.203 2.233 -0.3174526359659811
435.405 2.031 -0.36939673887772717
