17.269 3.162 -0.49834264553945934
26.884999999999998 2.646 -0.4506364696919598
33.273 2.958 -0.2679903095694569
45.673 3.16 -0.061280718167828686
60.178000000000004 3.058 -0.4582368309363063
73.596 2.235 -0.30778335563738274
127.602 2.13 -0.4916933233262121
133.584 2.748 -0.2977286377301804
140.486 2.747 -0.02979875064129008
152.769 3.367 -0.48981336221762206
158.382 2.851 -0.3441874344566815
164.17799999999997 2.955 -0.456267444309023
170.29699999999997 2.336 -0.36764078773182374
191.82 1.513 -0.49836789355268457
207.381 2.852 -0.4980259938150561
227.10600000000002 2.028 -0.4978643016755275
240.98900000000003 2.545 -0.049394877060136295
260.787 2.747 -0.463034533495225
268.477 3.057 -0.4535330274112728
274.57200000000006 3.162 -0.28728646336041386
287.871 3.2640000000000002 -0.499348858286661
309.976 3.059 -0.49667261802776985
316.707 2.028 -0.48420050994245223
322.39599999999996 2.439 0.03362754799350517
347.304 2.1319999999999997 -0.4972482821476291
352.47599999999994 3.161 0.04558529011910487
374.78 3.161 -0.14090654983149528
393.00399999999996 2.1319999999999997 0.33775055124413245
410.50399999999996 1.927 -0.3764407017348411
441.755 3.2649999999999997 -0.09598501026194776
