5.503 2.542 0.45038290166092204
13.665000000000001 3.2640000000000002 -0.4122817783200889
39.589000000000006 2.544 0.3676540346235443
45.58899999999999 2.545 -0.45577193265657573
53.097 2.439 -0.0011338697622444139
57.657 3.368 -0.46785744898203246
71.265 3.06 -0.41155316225938593
78.046 3.779 -0.47219035412969257
83.35000000000001 3.675 -0.4911881805071407
93.77300000000001 2.853 -0.1760933894349859
101.16999999999999 3.058 -0.4287739361076877
114.863 3.367 -0.13702320470220727
122.057 3.574 -0.4034589366640848
127.36800000000001 3.2640000000000002 -0.2715148856788721
133.674 3.059 -0.4616694750229323
144.29899999999998 2.336 -0.46537635946049555
148.66199999999998 3.574 -0.48787320856658667
185.858 3.4690000000000003 -0.3089299523121125
194.377 2.75 -0.044369058998467326
200.39399999999998 2.234 0.46617437213245655
206.36900000000003 3.16 -0.48897630375059625
211.554 3.676 -0.4778912931640115
236.67999999999998 2.955 -0.44103574082661445
271.186 2.4419999999999997 -0.45795008194724734
280.991 2.3369999999999997 0.39875650420056574
302.993 2.237 -0.4197020214303789
325.76 3.574 -0.1987669392089307
345.463 3.3659999999999997 -0.08108009536203442
366.55600000000004 3.573 -0.33221505060670653
409.80699999999996 1.8250000000000002 -0.48953710028701286
422.806 2.028 -0.28068512426647313
432.773 3.263 -0.48318279817771415
