21.334999999999997 0.9980000000000002 -0.1693599720165169
24.477 2.957 0.2492680478346441
36.367 3.3689999999999998 -0.42087302898643375
43.573 2.852 0.4461142469657623
88.377 2.851 -0.29801191562386714
116.21 1.823 0.24373889779693744
121.782 2.852 -0.39796499144743197
129.994 2.3409999999999997 -0.31071503919660615
155.59199999999998 2.235 -0.3798763457407413
164.46900000000002 2.958 -0.4070066952444954
188.36800000000002 3.161 -0.36857898344361606
196.37400000000002 2.956 -0.2980523357323151
204.393 2.339 0.09793542769575114
212.399 2.134 -0.2771351218994926
221.263 3.472 0.022035126296846633
233.188 2.44 -0.20870397697231718
237.564 3.2640000000000002 -0.42654337449359847
247.77299999999997 2.955 -0.415322732603486
257.16400000000004 3.2649999999999997 0.04766869046484765
273.86800000000005 3.061 -0.3061904189137589
288.26800000000003 3.162 -0.11718530067636704
315.387 2.648 -0.4088714177902719
336.86899999999997 3.161 -0.42452974262073817
344.866 3.2640000000000002 -0.41923206238303634
350.675 2.955 -0.00365233356698762
378.09700000000004 2.133 -0.009228804334957983
388.973 3.058 -0.41303038671909265
394.781 2.751 -0.22946405666989633
402.56899999999996 3.367 -0.28593217052904796
421.215 1.616 0.28093229224737143
425.789 2.4419999999999997 -0.2587778157859986
430.68199999999996 2.749 -0.3432468236048896
