14.485 2.646 0.4923002619963558
33.112 1.722 0.4452186000389681
38.374 3.061 0.4946386668169249
48.090999999999994 2.136 0.4495813541165219
56.093999999999994 2.133 0.20849032874178053
63.69699999999999 1.9300000000000002 -0.1997227858277809
70.563 3.2649999999999997 -0.41325628684689947
84.36599999999999 3.162 -0.15022246664742825
94.57600000000001 2.853 0.36326518427765264
116.004 1.928 -0.35822116006848004
120.963 3.0700000000000003 -0.47062544667619066
144.18699999999998 2.441 -0.43759655285528887
150.48 2.748 -0.3412407884555836
160.971 3.058 -0.35886023484129925
176.987 2.4419999999999997 -0.18894817239104353
201.285 2.646 0.30071302083965207
206.47600000000003 2.956 -0.3472248426368162
221.37300000000002 3.161 -0.40531928941750256
235.181 2.749 -0.4612979841645115
246.782 2.748 -0.47302256619156896
252.27599999999998 2.854 -0.2792114507997879
257.77299999999997 2.857 -0.46888191558672504
269.58099999999996 2.749 -0.31432343183076267
277.598 2.1319999999999997 -0.449995620333139
291.091 2.44 -0.13858908037512746
295.466 3.2649999999999997 -0.46775233932734334
304.197 2.235 -0.08287773941014576
333.881 2.75 -0.17911266061618844
338.984 2.647 -0.32844301226185196
353.87 3.161 -0.36428730383916824
361.78399999999993 2.648 -0.4542268362919496
370.68399999999997 2.648 -0.09725879046972416
393.28599999999994 2.646 -0.4016498630982728
