6.5329999999999995 1.517 -0.002802821569561834
12.101 2.029 -0.33859670398740305
22.879 2.851 -0.25468677406892987
28.169999999999998 2.96 -0.33405744771758644
46.977 2.956 -0.007936795332622522
66.98 2.851 -0.34420348798322453
72.184 2.647 0.4347939724896825
80.465 3.266 0.48067111247595445
98.09100000000001 2.44 0.12042788743203522
104.88799999999999 2.543 -0.24867272789633918
116.995 2.3369999999999997 0.11025959214559387
124.389 2.543 -0.4005328604325948
131.079 2.853 0.3925672509283141
152.10000000000002 2.135 0.13569995551736508
168.69 2.543 -0.3904900181900131
176.581 2.852 -0.35125604853532055
190.88 2.9530000000000003 -0.15292719311308095
196.97799999999998 2.955 -0.40532148981384725
202.682 2.751 -0.3457338448958588
224.27700000000002 2.956 -0.14804354156945854
231.78099999999998 2.852 -0.24032194602689758
253.58199999999997 2.9539999999999997 0.11789532419329317
260.502 2.235 -0.2564962161688261
268.473 3.161 0.40157441487756185
278.27700000000004 2.957 -0.15777886431357285
307.17699999999996 2.958 0.40244046771601927
313.08 2.855 -0.2526929350302618
321.397 2.338 0.13049152588155744
326.07099999999997 3.2640000000000002 -0.01890430638298877
381.089 2.647 0.13818361202520119
388.488 2.748 -0.024264404415336366
395.01099999999997 1.9249999999999998 0.39760924065475717
400.48699999999997 2.649 -0.150489314836429
410.61199999999997 1.8239999999999998 -0.2606029242360605
436.378 3.058 -0.3443273669613852
