20.383 2.943 -0.4652458474623816
35.984 2.942 -0.4242052530326887
42.11 2.316 -0.1540481169143606
66.38000000000001 3.148 -0.4343695973301431
71.78999999999999 2.939 -0.45240166435961604
91.994 2.939 0.1914824957785259
97.47 3.564 -0.3017583927799048
118.09500000000001 2.732 -0.04644009637795076
130.284 3.043 0.4074792988921475
146.667 3.46 -0.43139667175278207
154.37199999999999 3.356 -0.4775087026592542
160.702 2.626 0.07663787027316615
164.87 3.459 -0.4282994133691902
173.38299999999998 3.148 -0.4887087109510627
226.39000000000001 2.939 -0.43811368386741084
249.39000000000001 2.939 0.05021700654534568
256.96900000000005 3.46 -0.467201812768642
262.06600000000003 3.5629999999999997 -0.4818282047990857
270.86699999999996 3.564 -0.48420300036717523
280.07599999999996 3.357 -0.2139197659051112
301.47400000000005 3.5629999999999997 -0.49089725594161077
310.67 3.46 0.1647133472041307
317.863 3.667 -0.4388332082091131
331.577 3.253 -0.46473061361992046
349.802 2.628 -0.48369386714846035
365.065 3.565 -0.1983173184953715
371.40099999999995 2.731 -0.40619090256346446
382.094 2.939 -0.49277496599643805
390.572 3.5629999999999997 -0.48462811263600486
412.072 3.459 -0.4860014119736295
433.19399999999996 2.938 -0.3563335471784401
441.78 3.252 -0.4853305850279837
