5.606 2.443 0.08828602195949094
11.379 2.852 0.19636672780946726
42.171 2.753 0.0563787632742876
68.804 1.8210000000000002 0.18240637763955977
73.682 2.443 -0.11654384918208395
78.783 2.443 -0.4113818394910094
93.925 1.1039999999999996 0.33436112801081486
114.37199999999999 3.161 -0.4103763365110558
131.732 0.903 -0.3174008908649063
137.287 2.339 -0.302347583584798
161.876 2.75 -0.13471396274647546
168.09599999999998 2.03 -0.39615657467311405
182.52399999999997 1.2039999999999997 -0.36354690368138903
227.78799999999998 2.648 -0.448914420757748
234.007 1.62 -0.4180425376055057
243.734 0.7930000000000001 -0.31059002687474246
264.66400000000004 3.263 -0.20062397146673927
270.66799999999995 3.16 -0.3611473300785495
291.088 2.542 -0.32221663349196406
299.495 2.237 -0.2399830135290794
333.689 2.54 0.22969261492154266
355.358 3.471 -0.44731070261995093
361.886 2.443 -0.4479255346406524
366.853 3.676 -0.41650863518956854
378.28800000000007 2.441 -0.4130009924780869
384.888 2.4419999999999997 -0.39915152782864627
398.11199999999997 1.7200000000000002 -0.27010214474449185
407.668 3.367 -0.2546317682947
434.05899999999997 3.5709999999999997 -0.3315484306329002
442.48699999999997 2.543 0.07734807946299686
