12.209999999999999 1.5189999999999997 -0.417514587804272
24.090999999999998 2.441 -0.4105526040840969
48.492 2.235 -0.1339213848324037
53.899 2.028 -0.4799271287619839
72.588 2.339 -0.4810272022577479
88.913 1.5150000000000001 -0.12915456096436265
101.01899999999999 1.3089999999999997 -0.0537525051663279
106.50099999999999 2.028 -0.23661347009463468
112.511 1.6189999999999998 0.1495900322294105
123.39100000000002 2.3409999999999997 -0.20304165720866785
135.12099999999998 1.513 -0.4541104442550048
153.91400000000002 1.5150000000000001 -0.15423853969873766
192.117 1.3119999999999998 -0.4637058156384681
222.39999999999998 2.233 0.49800828871482705
244.912 1.718 0.33152171001811254
250.101 2.029 -0.4742402954968262
279.885 2.646 -0.386484984803877
326.093 2.441 -0.43061330122782293
351.2939999999999 2.338 -0.3217559415053431
355.98 2.852 -0.4426631118250197
362.371 3.161 -0.4510320214826914
369.1929999999999 2.439 -0.28307945909533483
377.106 1.9260000000000002 -0.48523843040811476
384.393 2.339 -0.48140475822629364
392.081 2.751 -0.23261982403352538
399.09599999999995 2.336 -0.16255983752869932
406.37899999999996 2.853 -0.4472705610602922
417.987 2.647 -0.18208467533410744
430.88 2.853 -0.21707226098064292
438.007 1.928 -0.32863234045382
443.721 1.3119999999999998 0.3606323368983884
