34.276 2.955 -0.024206892189776077
51.083000000000006 2.748 -0.263970385528526
66.279 2.852 -0.4088700591889287
78.97 3.161 0.11078694172141584
93.694 2.237 -0.33437210166504194
113.50899999999999 1.7239999999999998 0.07052781255734047
140.301 2.031 0.029313491093932498
144.582 2.75 -0.4057588291654423
158.97899999999998 2.854 -0.476373876399628
177.67 3.1630000000000003 -0.2892986182179754
185.393 2.34 -0.4673356061873058
191.374 3.059 0.07553981259994104
208.581 2.752 -0.43423459517278484
224.089 2.647 -0.30366323018890823
246.179 2.955 -0.39054299673808934
259.20500000000004 2.029 -0.4795201999748162
276.97900000000004 2.955 -0.253447929151783
290.473 3.162 -0.37944322963617405
299.788 2.747 -0.46797672689355246
305.275 3.16 -0.45823352316536947
312.877 3.159 -0.24962277620682233
323.702 2.235 -0.45904573285649747
328.48699999999997 2.851 -0.3732143530887619
335.968 3.2670000000000003 -0.2795795369981997
344.97700000000003 3.058 -0.144912952254679
353.099 2.3369999999999997 -0.47810723012390943
367.10299999999995 2.333 -0.47220947658896617
376.807 1.9289999999999998 0.007185135024622606
386.373 3.058 -0.40399561675756446
436.36300000000006 3.061 -0.4122070832576352
