26.089 2.545 -0.06399500052039431
31.298000000000002 2.3369999999999997 0.45735220810023713
36.073 3.1630000000000003 0.43612498573264846
45.682 2.441 -0.3097072123804926
93.113 1.4160000000000004 -0.3244471124271387
127.497 2.338 -0.32771958929993683
134.46800000000002 2.956 -0.28150110374791626
142.384 2.44 0.07450196553136636
147.064 3.16 0.14459370547508807
156.974 2.55 -0.3368781307163218
175.596 1.431 -0.37436464874175723
196.482 2.849 -0.41924396150247234
206.204 2.228 -0.31961462230163
225.09 2.646 -0.08808523998599627
252.695 2.031 -0.18620372907187308
259.0 1.927 -0.02581542177346464
272.422 1.205 0.36200819286810015
284.97800000000007 2.751 -0.055963468072643546
290.69599999999997 2.235 0.10623249315550645
295.787 2.544 0.24168936782115957
302.018 1.8139999999999996 -0.14979470674104356
308.126 1.2069999999999999 -0.3592233231789403
316.204 2.031 -0.40894816425222047
322.58799999999997 2.648 0.4813657909407634
329.17099999999994 2.956 -0.3181585674503786
335.58299999999997 2.644 0.0800604477078446
342.332 0.895 -0.41164541634599855
366.974 2.853 0.35523421070427447
372.791 2.237 -0.3498476524003853
386.88899999999995 2.141 0.23531016689283618
412.077 3.058 -0.2978098005666507
419.87700000000007 2.751 -0.27751084627453637
