18.7 1.826 -0.21808598389958567
47.594 2.237 -0.3289833916582442
54.085 2.647 -0.05089705814675491
70.311 1.8239999999999998 -0.3522639940827234
75.705 2.131 -0.034716706286411124
84.318 1.3080000000000003 -0.22680201026500643
93.581 2.545 0.029305265380112574
110.47200000000001 2.955 -0.4078152581990439
118.126 0.9010000000000002 0.018462960796744816
135.49599999999998 2.234 -0.2858784291805122
162.20899999999997 1.9249999999999998 -0.2931023902468241
168.117 1.5180000000000002 -0.3839931526792258
196.471 2.957 -0.2784469199420038
213.00300000000001 1.8250000000000002 -0.4078277660447327
247.278 2.855 -0.32275401397372233
261.02000000000004 1.5150000000000001 -0.3380505362389205
271.476 2.853 0.138697696067443
298.29900000000004 2.131 -0.37237518520803814
303.484 2.646 -0.27085909180357753
312.118 1.512 -0.4165272117458578
321.271 3.159 -0.1336323894278255
332.003 2.028 -0.02934249573541987
341.80300000000005 2.13 -0.325901428502001
348.723 1.411 -0.23534787550663536
361.474 2.956 -0.3649374925475167
370.787 2.544 -0.06166334215725529
376.687 2.544 -0.4213821591584823
390.813 1.6180000000000003 -0.3467064392228412
395.388 2.443 -0.3227322203579404
410.60499999999996 1.826 -0.4041252816964046
430.305 2.0269999999999997 -0.4059928583844097
434.79 2.542 -0.42716881259212186
442.388 2.646 -0.04555090059029593
