5.42 2.624 -0.27844510654595717
20.12 2.207 -0.2832944525646205
25.009999999999998 2.417 -0.27678013373641985
44.844 1.5830000000000002 0.17644025225329152
55.728 2.0 0.275625913064933
89.024 2.21 -0.18612690978577323
107.445 1.5830000000000002 0.40755290429498336
122.314 2.314 -0.40535677948402415
130.43200000000002 1.8960000000000004 -0.1731370972449135
165.327 2.104 0.3505659888548175
188.807 2.728 -0.35718067093007344
196.395 2.934 -0.3585036034490339
205.87400000000002 0.855 0.06771491540203821
213.67700000000002 0.8519999999999999 -0.3533027797262521
239.562 1.2680000000000002 -0.3498752491590281
249.04399999999998 1.6860000000000004 -0.27204231429924464
259.369 1.0610000000000004 -0.28765863926289975
275.873 1.06 -0.062382625862401564
282.06100000000004 1.3730000000000002 0.4919568950439796
289.95099999999996 1.48 -0.35532803014856074
317.488 0.5430000000000001 0.4089091483785791
338.23900000000003 1.7919999999999998 -0.2793791869520513
352.465 1.1669999999999998 0.05867475390071536
377.3 2.935 -0.18935937282993362
389.30199999999996 2.73 -0.17881004857558475
395.219 2.313 -0.353980459950739
421.56500000000005 1.2680000000000002 -0.065350544104241
425.403 2.83 -0.07568365376430208
430.49700000000007 2.936 -0.06104724862571334
