5.715999999999999 2.336 -0.1835220290450821
11.089 2.5460000000000003 -0.18117066918293181
18.677 3.059 -0.1743294153585352
26.688 2.85 -0.06505065265634614
41.088 2.647 -0.18234751193375132
56.43 1.205 -0.06668294050205828
67.50500000000001 2.13 -0.405252165622729
79.397 2.238 -0.3546555415058977
84.086 2.75 -0.06371710061144915
89.288 2.748 -0.35178561240782463
95.21100000000001 1.9249999999999998 -0.05063592768895706
103.781 2.955 -0.07037527180950631
145.306 1.7189999999999999 -0.17670728465307828
183.018 1.5139999999999998 -0.06001168771137497
212.513 1.408 -0.2840071805391694
219.10699999999997 1.5139999999999998 -0.4034812649302878
271.8 2.131 -0.35651534743681296
293.391 2.544 -0.18819663811300483
298.793 2.543 -0.2858385710151727
321.675 2.748 -0.05971098663815938
372.09599999999995 2.336 -0.2786555024004325
385.38700000000006 2.847 -0.07303156661983848
393.87199999999996 3.2640000000000002 -0.055697074785402825
407.0 1.8239999999999998 -0.17551948161631473
411.265 3.059 -0.0717039339285833
423.582 2.4419999999999997 -0.19167767774271438
434.069 2.957 -0.3526224976940983
