4.0489999999999995 4 -12.586659560952098
13.130999999999998 4 -7.373355217333229
18.331 4 -10.327004747758236
23.831 4 -9.989967783090613
30.831 4 -4.756742651575845
37.431 4 -7.690471394104952
46.231 4 -4.399784899012321
54.231 4 -2.8341248030496065
61.631 4 -0.8915861666274676
69.832 4 1.07087325769057
76.033 4 -6.065048934454536
83.535 4 -0.8716653787315689
93.432 4 -3.448436368697152
99.632 4 4.3416389648873
105.03200000000001 4 -7.650629818313151
113.932 4 -0.27727460097992296
120.03200000000001 4 2.7162165052368845
125.633 4 3.3504488587803314
133.733 4 -9.295973065859469
142.63299999999998 4 -4.419705686908221
149.233 4 -4.162351873824199
154.933 4 -15.500467515585305
160.033 4 -4.499388838491822
169.733 4 6.918409954852885
175.43400000000003 4 -1.585580883858615
180.935 4 -8.324703747648398
187.03599999999997 4 -9.67285160631889
192.13400000000001 4 -7.710392182000851
199.938 4 -3.488277944488953
205.43400000000003 4 0.07968315158360095
214.734 4 -10.941316313405782
220.53400000000002 4 -4.459547262700022
225.53400000000002 4 -14.212082020602512
233.93400000000003 4 -5.073858828347568
239.53400000000002 4 -7.41319679312503
245.53400000000002 4 2.3592587526733615
251.13400000000001 4 0.11952472737540099
256.634 4 -5.053938040451667
261.835 4 -11.258432490177507
268.335 4 -3.131320191925429
275.735 4 1.3680686465663925
283.337 4 2.339337964777462
289.538 4 -1.5656600959627145
294.735 4 -6.104890510246338
302.435 4 -1.4859769443791144
310.235 4 3.647644247656155
317.835 4 -12.249622596284475
323.536 4 -12.229701808388574
332.63599999999997 4 -2.497087838381985
337.63599999999997 4 -0.2573538130840225
343.436 4 4.3017973890954995
353.036 4 0.4167201162512235
360.436 4 -5.787774333474614
369.336 4 -0.8517445908356684
376.236 4 -6.045128146558637
382.921 4 -8.304782959752497
391.925 4 0.7338362930229474
399.523 4 3.687485823447954
408.825 4 -10.624200136634059
414.726 4 -7.39327600522913
420.82800000000003 4 -10.267242384070537
428.72900000000004 4 -6.084969722350438
435.63 4 5.312908283098369
441.031 4 4.975871318430747
