4.051 4 -3.4285155808012533
13.335999999999999 4 -8.047429146668478
18.822 4 0.09960393947950053
26.421999999999997 4 1.4079102223581934
31.522 4 -11.932506419512752
39.424 4 -2.536929414173784
47.825 4 -14.529198197374237
55.226000000000006 4 -4.776663439471745
60.927 4 -0.23743302518812115
65.928 4 4.321718176991401
71.829 4 -7.056239040561506
80.831 4 -4.122510298032399
86.33200000000001 4 -5.390975005119291
95.23299999999999 4 -0.9314277424192685
100.334 4 -12.90377573772382
108.13600000000001 4 -9.61308924263119
113.723 4 -4.479468050595922
119.42399999999999 4 -4.796584227367645
126.324 4 2.6763749294450854
134.024 4 1.03103168189877
141.025 4 -6.719202075893882
147.626 4 -13.538008091267265
153.02700000000002 4 -3.1512409798213294
160.628 4 2.379179540569263
170.53 4 -6.34232353543446
178.03099999999998 4 -3.468357156593054
183.832 4 -8.007587570876675
189.933 4 -2.457246262590184
199.035 4 -8.3844661113361
204.236 4 -2.219813237402061
209.725 4 5.610103671974192
216.625 4 -14.192161232706614
225.92700000000002 4 6.284177601309438
230.926 4 -8.68166150021192
237.125 4 0.45656169204302266
243.226 4 4.638834353763123
248.42700000000002 4 4.955950530534846
254.93 4 -0.911506954523368
261.629 4 1.6851848233381155
266.83 4 -9.355735429547169
275.732 4 -4.439626474804122
285.33299999999997 4 -5.113700404139369
290.936 4 -8.661740712316021
296.535 4 -6.44192747491396
304.32599999999996 4 -6.3622443233303585
311.726 4 1.744947187025815
317.726 4 -1.1688607676073914
323.927 4 -2.854045590945506
332.12699999999995 4 7.57256309629223
341.227 4 -7.730312969896753
346.931 4 -10.60427934873816
352.32800000000003 4 -1.5058977322750149
358.129 4 2.3991003284651615
364.731 4 -9.950126207298814
370.93300000000005 4 -1.2087023433991906
378.333 4 -9.335814641651268
383.834 4 7.255446919520507
391.435 4 -10.921395525509881
400.32800000000003 4 -11.595469454845126
406.42800000000005 4 -3.7854733333647754
416.12800000000004 4 -1.8827762727344375
424.12800000000004 4 -12.269543384180375
432.92900000000003 4 -1.545739308066814
441.028 4 -2.5568502020696844
