4.7829999999999995 3.266 2.6303570852118403
10.98 2.852 2.539989969829179
16.265 3.368 9.733943462263719
21.367 3.367 -14.232991930097196
29.959000000000003 3.676 28.995276978328686
40.05800000000001 3.471 -28.685446856311472
45.869 3.16 4.899245703969002
53.571999999999996 2.957 7.387597317231542
59.678999999999995 2.75 -2.281798203172936
64.35199999999999 3.677 9.824310579860207
69.354 3.675 14.646098755106989
75.572 2.957 -23.85074909588259
83.36200000000001 3.368 -16.695524367588767
88.561 3.3689999999999998 -11.860826605048276
97.568 3.263 -2.307617378083396
103.266 3.266 -16.656795601362223
109.457 3.676 -11.822097841187455
117.36500000000001 3.4690000000000003 -4.602325172619376
126.159 3.777 36.22795923648585
132.761 3.3689999999999998 -28.698356445644816
139.957 3.573 7.413416496121972
145.763 3.368 -2.268888616135986
152.05200000000002 3.779 19.41624857381165
157.55599999999998 3.675 26.597292479494886
166.05899999999997 3.572 -23.915297037978753
174.364 3.367 -9.398294166012219
179.655 3.676 -9.488661283896134
187.87600000000003 3.058 0.07745753035831943
193.47599999999997 2.955 0.24528217835199595
200.31 1.822 -4.615234759823665
207.288 2.647 -2.152702317833279
212.56400000000002 3.4699999999999998 -31.083431357300597
218.45999999999998 3.675 -7.103586377392675
228.168 3.2640000000000002 9.72103387377002
237.768 3.2640000000000002 2.4883516169639512
242.968 3.2640000000000002 -14.258811106090965
248.059 3.573 -26.274552773837733
256.37600000000003 3.056 -9.527390049103603
265.172 3.06 24.238036745255467
270.15900000000005 3.573 7.426326082739555
279.266 3.3659999999999997 17.018264075950682
285.05899999999997 3.574 -23.90238744903448
293.16299999999995 3.4699999999999998 -19.08059927771906
298.65599999999995 3.677 12.144837548139783
304.681 2.853 2.604537912102811
311.36199999999997 3.574 16.99244489951624
319.264 3.572 -4.64105393559099
324.157 3.676 4.989612821570014
332.79200000000003 2.441 -9.475751699584093
338.17400000000004 3.159 -2.204340671803772
344.36 3.574 12.196475904054685
351.05400000000003 3.7800000000000002 -11.912464962659909
357.556 3.778 14.55573163535823
366.656 3.778 9.798491404789957
373.45300000000003 3.8810000000000002 21.814233070204953
379.652 3.882 29.021096154502093
385.95500000000004 3.779 14.568641224005466
393.057 3.677 7.335958966492042
402.16100000000006 3.573 0.129095884047156
411.567 3.4690000000000003 -16.64388601316945
419.1669999999999 3.4699999999999998 -9.385384580531158
424.16200000000003 3.573 16.97953530905384
433.863 3.572 -2.1656119077532585
441.257 3.778 19.390429397574906
