4.692 3.359 -3.3103205964154463
13.291999999999998 2.441 -11.00166212989378
21.702 2.432 -4.916702299187097
31.086 2.748 -0.7546330526359895
37.274 3.161 -3.2129842007379423
44.10000000000001 2.2359999999999998 -7.886235116512157
53.704 2.234 -10.66087435116975
58.577999999999996 2.956 -3.7727236691204924
64.573 3.161 -0.5599602627135027
72.379 2.955 -4.381241731497633
78.379 2.955 -11.172056019407925
86.492 2.342 -2.896475323675963
94.193 2.441 -10.393144066818198
103.193 2.542 0.14589419390138425
109.318 1.617 -0.4869027683633116
113.182 2.853 -12.510707438832899
118.271 3.2640000000000002 -6.498805105238367
124.08 2.955 -6.231074818608991
132.09199999999998 2.543 -2.336735855032176
137.381 2.955 -6.742256489240795
144.014 1.823 1.02214253960837
152.032 1.2060000000000004 0.3162880843466717
156.48000000000002 2.855 -3.407656991965695
162.696 2.339 -6.766535387438793
169.77700000000002 3.058 -7.569726237734322
177.71999999999997 1.616 -2.7748600289189715
181.77 3.2649999999999997 -9.419559328328704
187.90200000000002 2.333 -6.060680928098587
195.58499999999998 2.751 -6.4014687085069415
201.61599999999999 1.7200000000000002 -3.383378091733253
208.178 3.058 -1.3631511143522277
217.689 2.647 -3.0668692132698654
224.49199999999996 2.544 -5.427883967068118
231.68699999999998 2.749 -2.409793350593919
238.188 2.032 -7.10732316773862
247.401 1.721 -4.989759793253505
254.57899999999998 2.544 -6.206795921108954
259.264 3.06 -1.119699729513692
268.566 3.059 -6.912650377224647
273.966 3.06 -10.56353795657505
281.576 2.852 -8.71370487016071
290.87800000000004 2.851 -6.839592882188409
296.763 3.17 -2.531408645084325
306.49399999999997 2.439 -8.178244301484284
311.787 2.646 -5.939065636468658
319.30100000000004 2.133 -9.930740995120592
323.973 3.2649999999999997 -9.395280425555578
331.09999999999997 1.721 -8.76248346537805
338.66 3.061 -6.425747609303404
347.87300000000005 2.75 -0.2191724851588054
355.373 2.851 -6.474526204163827
362.377 2.748 -10.636595451847164
372.175 2.852 -7.301995954769207
378.17300000000006 2.955 -1.8012752875497544
384.764 3.2649999999999997 -3.8457811660178525
390.178 2.852 -8.519032081442978
399.597 2.235 -9.32222293211648
403.978 2.957 -0.31650887897802865
410.69599999999997 2.338 -6.158017325273768
416.782 2.853 -6.596141499161704
424.96999999999997 2.852 -9.297944033027447
431.806 1.617 -3.3345994978301507
436.07300000000004 2.75 -9.492616821790326
442.17100000000005 2.852 -1.9959480777887586
