4.0280000000000005 4 -11.329045771111646
10.128 4 -8.81732219225221
17.828 4 -6.264703577012948
25.83 4 -8.796874674062298
33.231 4 0.05842148054260221
39.032 4 12.666697633301013
44.133 4 12.663776559273883
49.833999999999996 4 3.8230857748046336
55.435 4 -5.008841787583226
65.12899999999999 4 6.337730427691201
71.229 4 11.413756917898422
78.12899999999999 4 1.2996778998366736
83.529 4 8.881585820849073
91.929 4 1.2792303816467614
96.929 4 16.46057266783434
103.12899999999999 4 -7.552697180741099
111.23 4 1.3025989738638017
116.43 4 8.869901524740554
124.23 4 -5.017605009664621
133.132 4 8.890349042930463
138.333 4 1.30552004789093
143.334 4 0.02044751818990953
152.335 4 -6.2939143172842495
157.83 4 -2.500039282750919
164.83 4 -13.86413794218813
171.33 4 12.660855485246753
176.83 4 5.073105416180092
183.73 4 -2.494197134696659
190.43099999999998 4 2.549697541212131
199.731 4 -15.117078657590719
207.331 4 5.096474008397134
213.13099999999997 4 -6.2734667990943365
222.731 4 -1.212045679022765
231.833 4 17.719355531291193
237.533 4 -8.793953600035167
245.135 4 0.02336859221704124
250.63099999999997 4 -16.38462474312896
257.232 4 -3.750058924126378
263.232 4 -12.596591856649889
269.832 4 13.925480496757864
275.932 4 1.287993603728152
283.432 4 -7.549776106713969
289.632 4 5.0847897122886145
298.532 4 -1.2470985673483295
304.432 4 6.352335797826852
312.032 4 0.04089503637981906
321.932 4 5.105237230478522
327.33299999999997 4 0.02628966624417295
335.23400000000004 4 0.03797396235269446
344.035 4 0.04965825846121419
351.43300000000005 4 6.36402009393537
360.333 4 -13.852453646079608
365.43300000000005 4 -2.497118208723789
374.733 4 2.555539689266393
379.93300000000005 4 10.14913190638731
385.43300000000005 4 -1.2266510491584164
391.033 4 -8.80855897017082
399.23400000000004 4 -10.079026129736189
404.934 4 -7.532249662551187
412.334 4 10.143289758333054
420.134 4 -13.858295794133868
429.23400000000004 4 17.72227660531832
435.435 4 3.843533292994543
441.036 4 -7.543933958659709
