5.003 3.041 12.675460854124976
11.655999999999999 3.7720000000000002 7.60819758677035
18.399 2.73 2.567223983972091
24.482999999999997 3.248 3.8376911442897934
34.095 2.937 1.314283269230115
40.58 3.3529999999999998 -1.2412564204465855
47.38499999999999 3.249 -1.2178878274820828
55.583999999999996 3.04 -8.799795748676084
63.961 3.5629999999999997 0.05550040505393394
70.06299999999999 3.561 -10.070262907832682
75.158 3.666 -6.290993243619327
80.657 3.667 -12.602434005760182
88.26400000000001 3.561 -8.81148004351173
97.57400000000001 3.3529999999999998 15.195947655123454
106.16399999999999 3.664 8.884506895263566
111.86399999999999 3.665 11.407914770810763
120.29 3.041 -1.2091246060607104
126.287 3.145 -15.122920805413404
134.87199999999999 3.561 -5.023447158195402
143.201 2.833 5.076026490313983
150.38400000000001 3.041 6.355256873898571
158.762 3.5629999999999997 -3.7646642939790196
164.573 3.3520000000000003 -1.2062035320939544
174.17399999999998 3.3520000000000003 -8.80271682221332
179.85999999999999 3.666 -16.38170366977602
190.696 2.73 10.146210833728327
196.366 3.561 15.190105509592655
204.08100000000002 3.248 -6.27054572410903
210.518 2.312 1.3084411212177736
214.366 3.564 18.98398054285304
222.18 3.3520000000000003 -12.599512930726888
228.796 2.937 5.093552935687941
235.07100000000003 3.5629999999999997 7.611118660749744
243.27900000000002 3.248 -2.479591763646725
249.983 3.144 8.875743671578626
255.678 3.249 3.834770071094056
261.086 2.941 0.017526443988923543
267.2 2.627 -2.4883549884558405
271.881 3.146 -5.00007856342808
279.875 3.252 -7.535170737513384
285.97700000000003 3.25 5.099395083357333
291.367 3.46 10.140368684746125
300.88100000000003 3.248 -7.541012884708669
309.877 3.3529999999999998 -1.235414270269757
316.184 3.248 -13.855374721571668
321.572 3.561 -12.587828632822657
331.375 3.459 13.928401570647742
336.88100000000003 3.354 3.828927923392651
345.797 2.831 1.2821514560535854
351.591 2.937 2.5467764665598347
359.188 3.04 -5.0029996380941055
364.475 3.3529999999999998 5.078947562516859
369.881 3.148 -6.279308947849541
377.094 2.935 6.343572575418701
384.267 3.5620000000000003 -15.119999731420549
390.573 3.456 3.8172436267260053
396.488 3.041 -2.4825128394478235
401.073 3.457 -5.020526085751517
409.87199999999996 3.459 8.878664745867551
418.911 2.622 1.2938357513973202
423.581 3.3529999999999998 0.029210739632855757
430.975 3.56 7.628645106065148
436.176 3.3529999999999998 -5.03221038011647
441.686 3.351 -1.232493197979001
