4.571000000000001 3.4699999999999998 31.866937279873024
11.564 3.368 12.062099492534369
17.576 2.956 -0.6846754185723631
26.273999999999997 3.058 9.185926230445524
35.066 3.367 23.307153287653485
41.368 3.2649999999999997 11.122886133036166
47.083 2.75 -13.118379209975807
53.468 3.2649999999999997 -7.620570629691541
59.567 3.266 15.872384807329468
69.899 2.2359999999999998 5.439275401938133
75.804 2.032 -5.9330473643101715
83.606 2.0269999999999997 0.44034009189483736
88.48599999999999 2.647 8.124545208062399
94.003 2.13 -5.370539609952182
103.186 2.648 18.308217977561938
110.583 2.851 -16.42979125462507
117.72299999999998 1.3110000000000004 -4.245524099179988
122.579 2.955 19.43323348751415
129.095 2.439 6.4370219416894265
135.91400000000002 1.8199999999999998 1.2522844826794766
143.694 2.44 19.74630461068771
152.07999999999998 2.955 18.12241582709181
162.208 1.927 2.3772999917973117
168.327 1.3080000000000003 5.126204282038017
175.686 2.851 12.5609727638325
181.18699999999998 2.851 10.061505104898998
189.18800000000002 2.647 12.311536125629264
196.893 2.542 -12.306434821205924
205.471 3.2640000000000002 13.935424905640412
212.395 2.44 4.250625406965151
219.788 2.647 15.373511536844413
227.392 2.443 5.874514185798707
234.91899999999998 1.617 16.434892563873692
241.44799999999998 0.5880000000000001 7.31260081606081
247.28199999999998 2.854 -0.18580214817405596
253.29100000000003 2.646 21.37019338886514
260.404 2.1319999999999997 2.6267366251978523
267.31399999999996 1.822 24.994676553787738
272.702 1.6180000000000003 -2.621635321350409
278.72 1.0010000000000003 18.934360218784917
283.59499999999997 1.927 17.496273587555525
290.59799999999996 1.9249999999999998 22.495208898605547
298.08500000000004 2.34 2.313665505853895
303.378 2.748 -11.181419309772078
312.111 1.516 7.063164180708935
317.094 2.234 14.996805932976475
321.475 2.9539999999999997 -8.995022773756498
331.899 2.1319999999999997 -6.80862624026289
342.21199999999993 1.7200000000000002 0.37670560574830825
348.516 1.617 1.5653556024351052
357.03 1.307 15.622948171093276
371.18899999999996 2.1319999999999997 -3.4335797090767923
376.37 2.852 8.750687447187842
384.163 3.06 27.74358084300298
389.87800000000004 2.5460000000000003 4.314259892364973
394.76599999999996 3.059 -11.993363700308683
404.591 2.2359999999999998 10.37457622726904
410.0880000000001 2.34 3.1256098956611162
416.226 1.303 4.500062040976255
422.28499999999997 2.646 29.118032987135855
429.479 2.852 3.6881176518344247
434.478 2.854 3.375046531417381
442.48900000000003 2.544 -5.121102974093527
