4.781000000000001 3.251 -1.8884596168762613
12.283999999999999 3.147 -0.080841678776577
19.743 1.6880000000000002 -0.7642226713301271
23.799 2.832 1.6863554191782641
32.482 3.249 -4.3552060456006085
38.175 3.457 1.1565736174203898
43.675000000000004 3.458 0.5540343034002395
51.891 3.043 8.997668851222135
60.88699999999999 3.045 -3.101622411750474
67.224 2.208 -7.994694426263051
71.582 3.25 4.128849343053239
77.807 2.625 0.5216976317891128
83.507 2.625 -3.744582563254185
88.40100000000001 2.831 -0.1535991918990345
93.891 3.041 -0.7318859990627239
100.27000000000001 3.5620000000000003 -3.158211589359049
105.78499999999998 3.248 -6.781531631926208
112.892 3.041 0.48127679303964904
122.088 3.145 -2.5637564407936977
127.088 3.145 -0.691465160785745
135.30399999999997 2.729 -7.375986778278344
145.036 1.8980000000000001 5.350096303849532
151.5 2.835 -1.334425312242567
156.892 3.044 -0.7561385049792423
164.492 3.042 -2.5152514344883268
169.275 3.458 -6.187076486822279
174.794 3.04 2.3131472343851733
184.00300000000001 2.731 4.7394728215564115
193.60000000000002 2.834 -7.3840709449824145
200.132 2.102 -4.949661189164188
205.08100000000002 3.3529999999999998 2.361652243493761
213.59500000000003 2.939 -4.330953538892004
219.38500000000002 3.249 -1.3425094806722828
227.091 3.143 1.6944395881928074
234.77700000000002 3.457 1.710607923748531
242.88299999999998 3.252 1.0999844416449878
250.48199999999997 3.354 7.1900509137102375
256.979 3.458 7.173882579800292
265.384 3.251 2.9561073879894555
275.387 3.148 2.9237707156230726
281.889 3.146 -2.5718406102652756
290.46799999999996 3.458 3.5020575246103327
296.66700000000003 3.46 -0.667212656590827
306.271 3.458 -1.3182569760209872
311.464 3.666 4.153101846013608
318.26599999999996 3.565 -0.6833809915628395
326.911 2.521 -6.154739814177516
330.87399999999997 3.5620000000000003 -2.507167268231666
337.48999999999995 3.146 -3.13395908385049
346.06600000000003 3.354 3.5586467008191374
355.368 3.3529999999999998 0.4651084571628148
360.765 3.457 2.296978900665919
366.361 3.5620000000000003 -4.363290213305578
372.17 3.354 -6.146655645458029
377.764 3.561 3.5505625323816283
385.787 3.04 -2.4829147647181102
392.264 3.564 6.579427432583837
398.264 3.665 1.7429445941162018
405.592 2.938 -3.7607508992418714
414.07199999999995 3.56 4.1450176770630405
421.47 3.5629999999999997 4.755641157996758
427.07599999999996 3.458 5.944551448258546
435.462 3.459 2.3535680768007836
442.08399999999995 2.937 -0.048505006156819956
