4.779 3.248 5.374348806786251
11.573 3.354 1.7671970977116407
17.389 3.039 -0.14551502169134214
22.267 3.5620000000000003 6.563259097777107
28.176000000000002 3.354 -0.6591284888957163
35.39 3.041 3.526310027908565
43.971000000000004 3.5620000000000003 2.915686547354674
52.268 3.666 5.366264638721015
62.094 2.731 -7.36790260961413
71.085 3.04 -5.576453006400608
81.087 2.938 -1.936964623903496
86.366 3.459 -4.322869372230955
91.471 3.355 -8.589149570738748
99.799 2.727 -3.7284142275911853
104.48200000000001 3.145 1.1404052807247593
110.083 3.145 -1.8803754501761594
117.268 3.561 7.181966743685651
122.869 3.461 -1.8965437857578602
131.777 3.354 3.5667308709359253
140.191 3.042 -1.2616678018534684
148.52800000000002 2.206 -1.3505936490494055
156.996 2.831 1.0757319385470099
164.73800000000003 1.7889999999999997 -3.752666729924189
170.63700000000003 1.79 -1.9207962890026449
178.582 3.145 1.759112930887377
186.50300000000001 2.624 4.120765172573991
191.269 3.458 4.7637253257573775
197.159 3.668 1.0676477695880557
206.578 3.25 1.7186920926218205
214.388 3.041 1.7025237543706138
219.895 2.935 -1.269751968602683
229.079 3.3529999999999998 1.1161527773494848
234.075 3.458 -3.1420432511405023
240.29600000000002 2.938 -5.552200500584579
245.28900000000002 3.146 -4.98199786062626
250.18 3.248 -3.10970657924529
255.87699999999995 3.351 2.3293155697785375
264.18 3.248 1.6782712511757365
269.484 3.144 -1.9046279527293744
274.68399999999997 3.144 3.51014169274255
281.613 2.415 7.78450605861755
287.884 3.144 -9.199773051340024
295.682 3.147 -0.09701001491512044
303.71000000000004 2.519 -1.9531329623936347
310.353 1.4760000000000004 -1.3586778161469435
317.271 3.46 -1.3101728090461786
324.885 3.247 4.177354349810593
333.784 3.25 -0.7238018315145328
340.719 2.416 -1.9450487925184192
347.892 3.144 1.124236945550802
353.568 3.5620000000000003 2.2888947314580133
360.503 2.627 -0.7157176643172646
366.37600000000003 3.354 5.960719784350813
372.992 2.938 -1.9612171272434682
381.844 1.6860000000000004 0.5297818023082752
390.29400000000004 2.936 -0.675296825258508
395.89500000000004 2.835 -6.178992318907905
401.296 2.934 4.771809494502452
408.98 3.25 0.44894012207457845
415.686 3.145 -4.347121877100126
421.18 3.3520000000000003 -5.544116334919606
427.473 3.561 -5.5602846715607726
434.195 3.04 4.72330448657482
441.683 3.3529999999999998 3.5343941971863218
