4.675 3.354 0.5840020489500976
12.58 3.25 1.6899755869828577
20.075 3.456 2.165424149055187
28.076 3.457 -2.299704614605127
37.080999999999996 3.3529999999999998 -6.087785486434101
44.573 3.3529999999999998 1.1059735362957803
51.17400000000001 3.3520000000000003 2.5943497931297785
60.682 3.144 -2.222166410938297
66.68100000000001 3.145 -0.873358922907634
72.06800000000001 3.458 1.0749582554430444
80.96900000000001 3.457 1.5504068178639034
90.477 3.25 -4.676947434909066
95.562 3.666 -4.154975948949318
100.97699999999999 3.3520000000000003 0.6305249731811471
106.383 3.147 -0.28935687483343275
113.569 3.5620000000000003 -5.090365435547248
122.78099999999999 3.3520000000000003 0.646032613304063
128.465 3.769 2.6718879948256715
135.971 3.664 5.049130814458064
141.875 3.3520000000000003 4.496144047305168
148.87800000000001 3.249 -1.653672001683279
155.56599999999997 3.5620000000000003 1.6744679440477368
163.965 3.5629999999999997 -0.8423436400431338
171.658 3.77 5.478056456319962
179.162 3.666 1.5814220996192603
189.06199999999998 3.666 5.033623173398734
195.763 3.666 3.560754562070327
201.074 3.456 3.0697983542567004
207.67799999999997 3.3529999999999998 -2.1911511288926686
214.37 3.5620000000000003 -1.2247463606826041
220.676 3.457 6.475476505835849
229.266 3.769 0.7080631764868461
234.76000000000002 3.769 5.5090717369281235
240.27100000000002 3.458 -3.2195864608342832
247.67100000000002 3.458 2.1033935866653173
253.77300000000002 3.456 1.261049943463487
262.974 3.355 -0.7648054369356739
271.76500000000004 3.664 4.0827260452465834
277.26800000000003 3.561 -3.6795273841037655
285.361 3.668 -4.599409229078416
291.963 3.666 -1.2092387190193852
301.55999999999995 3.771 -1.3332998471906394
310.882 3.25 1.199019381530821
316.276 3.457 3.1318289182047283
322.581 3.3529999999999998 2.1964394328852745
330.387 3.143 2.1499165080800164
335.867 3.5629999999999997 -2.635584410027471
341.068 3.5620000000000003 0.2946451765416386
348.869 3.561 -1.8087484103571028
354.89 3.04 4.113741329071585
361.971 3.56 -0.6872672327628697
368.062 3.669 0.17058404826049178
373.865 3.666 1.61243738211493
378.865 3.666 -2.2531816891950824
384.965 3.666 -3.633004461503443
390.57099999999997 3.56 1.5969297408581693
395.36199999999997 3.769 -7.054190252291853
401.37899999999996 3.3529999999999998 2.532319228157293
410.87600000000003 3.457 2.6098574316035674
416.78499999999997 3.249 -2.237674051438426
422.27500000000003 3.46 4.54266697075636
427.968 3.5629999999999997 -0.7182825133841291
435.96599999999995 3.666 -6.103293127823139
441.679 3.3529999999999998 -0.18080338946233251
