4.997999999999999 3.059 1.0081542199465463
11.876 2.852 0.1148968136014263
20.364 3.2640000000000002 1.5093516502261344
30.181 2.5469999999999997 0.05888824752901122
35.668 3.161 1.7599503646933237
42.589 2.44 -0.7517961472053316
51.975 2.956 -2.0636779693329346
61.293000000000006 2.44 -0.5011974311382827
68.911 1.823 -0.5572059974147261
76.899 2.2359999999999998 0.9787100940601464
83.05199999999999 3.677 3.0452677427934716
90.962 3.2670000000000003 1.9014116230227944
96.98 2.749 -3.319551223125788
104.481 2.648 -0.6397790109873647
110.46600000000001 3.2640000000000002 4.469166702169112
118.47 3.06 1.397334514728288
123.95700000000001 3.573 5.19439840489251
131.77 3.162 -0.41574474032539305
138.46300000000002 3.367 3.602473741924879
148.68 2.851 -0.4717533076165423
154.366 3.367 4.1891238643294955
163.967 3.367 -1.701062117839651
170.287 2.648 -0.08257301313025232
175.28199999999998 2.749 -0.3597361736454011
180.981 2.75 2.320036042946929
188.16799999999998 3.263 -2.42629382026685
193.46099999999998 3.4699999999999998 -5.999323439771889
200.30799999999996 1.823 2.0399932039857807
204.57599999999996 2.955 4.607748281752915
209.56799999999998 3.1630000000000003 3.4638921621183023
215.592 2.34 -3.2075340888399713
221.701 2.13 -2.5943195237956624
226.47699999999998 2.9539999999999997 0.6721028129686641
232.58799999999997 2.543 2.738660461020795
240.704 2.028 -3.375559791979183
248.365 3.367 5.669031391177965
254.466 3.367 4.663756849067055
259.456 3.778 3.575909299486318
267.98400000000004 2.852 -1.4770278490667252
276.18 2.852 -2.6768925346401353
284.289 2.543 2.152010339422435
288.67199999999997 3.16 -4.743450183842904
294.474 3.058 1.8454030550393654
303.36699999999996 3.266 3.4078835951509987
308.868 3.2640000000000002 3.1838493238187393
317.873 3.16 -5.58069902157717
330.44900000000007 3.984 6.506280228934153
336.872 3.161 -0.22115459296432632
344.76800000000003 3.365 1.5653602160059703
351.47 3.2640000000000002 1.5387957729895574
360.776 3.26 -3.4315683616035706
369.669 3.266 0.36549553204364543
375.76800000000003 3.2649999999999997 0.309486961204856
381.08 2.9539999999999997 -0.807804712698215
386.86800000000005 3.3659999999999997 -3.682167077071957
392.071 3.263 0.029444122369626936
398.261 3.573 3.994533715849129
405.66100000000006 3.573 6.031647243258338
412.973 3.161 -0.9198218494858388
419.186 2.75 -1.895652268175732
427.869 3.3659999999999997 1.7039417964680885
436.796 2.439 2.4586176209955877
442.081 2.9539999999999997 -0.527761875577655
