4.038 4 -7.688911683353436
13.129000000000001 4 -3.641799223663715
18.329 4 -6.299647651634899
23.831 4 -5.8448131802830305
37.433 4 -3.7377182414666734
46.233999999999995 4 -0.6250353421436206
54.222 4 -0.5043557066777291
61.622 4 0.7889893072378484
69.822 4 2.441249774702335
76.023 4 -2.540292245354056
83.524 4 1.1479047607867576
93.426 4 -0.33727828873474053
99.62700000000001 4 5.19501722047648
105.02799999999999 4 -3.019887334368855
113.93 4 0.621911889294859
120.031 4 3.9975912243638625
125.632 4 4.189429259969782
133.733 4 -4.576228784030382
142.635 4 -0.9839507956925289
149.22299999999998 4 -1.964778138536297
154.923 4 -9.628929204226804
160.023 4 -2.419612609888166
169.72400000000002 4 6.680200269997978
175.424 4 -0.4795950890147993
180.925 4 -3.929556277072594
187.02599999999998 4 -5.748894162480069
192.127 4 -4.096633695015583
199.928 4 -1.055109195832559
205.429 4 1.4356618141956377
214.731 4 -6.132570233691911
220.532 4 -1.7017817027903481
225.533 4 -8.886337679466056
233.93400000000003 4 -1.5347042848473578
239.525 4 -4.359630130761532
245.525 4 3.1838412994630847
251.125 4 2.153492721293455
256.625 4 -1.1757888312984495
261.825 4 -6.22848925149487
268.325 4 -0.24135927093177934
275.725 4 2.1782533389563854
283.32599999999996 4 2.8249258459141746
289.527 4 -0.12067963546588967
294.728 4 -3.2581231524518746
302.42900000000003 4 1.3149821787297462
310.231 4 3.9264328242238333
317.832 4 -7.234077212001568
323.533 4 -6.875161758452658
332.635 4 -0.0495212353258605
337.626 4 0.9808273428437682
343.426 4 4.477186313378662
353.027 4 1.8904962855475063
360.42699999999996 4 -3.1622041346489143
369.327 4 1.5068202143356668
376.227 4 -2.181376791805146
382.92699999999996 4 -3.570640823523684
391.92800000000005 4 1.9864153033504666
399.53 4 4.644263731321651
408.83099999999996 4 -6.036651215888949
414.733 4 -4.000714677212623
420.834 4 -5.222901290988171
428.735 4 -2.8992076989029654
435.62800000000004 4 5.841689727434269
441.028 4 5.3868552560824
