4.038 4 -3.4499611880577943
9.629 4 -7.425915247607487
15.53 4 2.633087810308256
21.631 4 -6.946320158592689
28.631999999999998 4 -2.3732148274110667
36.333 4 -5.94073219808599
44.735 4 0.3093942182230496
52.121 4 5.48277427388536
62.021 4 -2.732130280959975
67.422 4 3.6386757708149533
73.923 4 -4.0254752948755534
80.124 4 1.531580831998597
89.02600000000001 4 1.6986582499415865
94.62700000000001 4 3.0879222816601244
100.428 4 -5.19814067332524
105.929 4 2.8001652282512444
111.03 4 -3.0662851168459553
119.831 4 -8.335584190311227
128.833 4 -5.4858977267341205
136.634 4 -4.192552712818544
144.72299999999998 4 6.129446780843149
150.923 4 -9.078175715071975
156.423 4 -0.9591901780295986
165.72299999999998 4 -7.042239176395648
175.024 4 1.0519857429837973
184.12599999999998 4 1.9616546856875363
193.227 4 5.937608745237229
198.22799999999998 4 0.21347520042008838
203.429 4 0.8849083250408079
208.53 4 0.8601477073778785
215.13099999999997 4 -5.581816744537082
220.832 4 -4.480309766227423
230.53400000000002 4 -7.880749718959357
235.535 4 2.992003263857164
242.424 4 -3.354042170254835
249.324 4 -4.121394312678513
254.824 4 -1.5099436671844275
263.724 4 -1.8224613382562378
271.324 4 4.548344713518691
277.525 4 -1.0798698134954883
285.027 4 -2.6114506454940853
290.728 4 -0.14544025312881992
298.329 4 -2.444373227551095
304.13 4 -2.6362112631570156
311.532 4 2.5371687925052955
321.133 4 -2.469133845214026
328.935 4 -3.8088766416067035
336.925 4 -0.02476061766293025
342.626 4 0.5259928714918987
348.725 4 1.6274998498015565
354.226 4 -1.6058626849873878
362.126 4 -5.031063255382252
367.526 4 -0.8880317778895694
374.126 4 0.5012322538289684
379.327 4 -4.839225219776332
386.92800000000005 4 -2.0854577740021867
393.629 4 -1.3181056315785078
399.63 4 7.781707248307636
408.532 4 2.082334321153427
414.63300000000004 4 -8.431503208114187
422.034 4 -0.5755141068177592
427.235 4 3.4468377352090336
435.42699999999996 4 -0.4084366888747697
441.027 4 4.093510242166822
