6.1419999999999995 1.8969999999999998 -4.935144236672577
14.514 2.416 -3.1869647523995894
23.000999999999998 2.73 -5.389978708978726
30.821 2.312 -1.8936197386787483
38.714 2.52 1.243823778940816
43.589999999999996 3.145 0.5971512716392869
52.419000000000004 2.104 -6.779242741384442
58.106 2.417 3.2549996997536184
67.388 2.835 -4.647387181841708
72.69800000000001 2.625 -2.8032886811040303
81.286 2.939 -0.312517670748034
86.78500000000001 3.041 0.1423167998319043
93.302 2.625 4.285348278701049
99.81299999999999 2.315 0.11755618193203299
105.20599999999999 2.623 1.076746361249384
111.59800000000001 2.832 -0.5291163241860245
117.203 2.728 -9.533010185661778
123.51 2.522 0.4053132356004551
129.10899999999998 2.624 -3.9047956613552617
139.043 1.7919999999999998 -6.4914856878942855
143.80499999999998 2.519 6.584281252694079
151.9 2.624 2.7042462096544244
157.51399999999998 2.21 1.6027392314176314
163.119 2.106 -2.707369663905088
170.398 2.727 -1.7265423198290684
180.73700000000002 1.6880000000000002 3.734594787829852
187.8 2.627 2.345330755729542
193.426 2.002 -7.329996230227064
198.428 2.001 -1.2717078489511913
206.438 1.6919999999999997 -4.288471731237178
213.801 2.73 -3.4747218075742974
221.718 2.415 -2.5155316294728833
229.356 1.4780000000000002 -2.348454209955999
237.052 1.5830000000000002 -5.102221654883683
247.061 1.165 3.37567933763004
253.021 2.105 -0.433197306625056
258.84599999999995 1.48 -1.4140246492486814
264.319 2.207 -2.923968317052532
274.529 1.8969999999999998 4.3812672940402475
279.49199999999996 2.834 5.290936239273542
288.48199999999997 3.146 3.830513806197558
294.716 2.313 -8.239665173074876
299.502 2.728 -1.2221866139297508
306.30899999999997 2.522 -6.324408271122376
312.406 2.626 0.3341548378598031
319.174 3.459 2.729006826394264
325.28900000000004 3.145 -6.5874047045780255
333.21999999999997 2.207 1.1726653787162689
341.805 2.522 -1.1510282120912068
348.98999999999995 2.937 -1.9895387553049644
354.485 3.042 2.0575737041362006
363.485 3.042 -2.8280492984140695
370.905 2.522 2.249411739374011
376.918 2.31 -6.395566666991468
382.31500000000005 2.313 -2.9951267158645387
391.73100000000005 1.9980000000000002 -1.8688591199165674
397.537 1.7930000000000001 0.7642286886128101
403.029 2.002 4.7401827487468875
410.947 1.585 -3.2828837673428675
417.10200000000003 2.832 -1.772940102850182
430.214 2.314 0.046397782217779446
437.51000000000005 2.419 6.0335277619999905
441.81199999999995 3.25 -10.179682694183503
