5.4030000000000005 2.648 3.817522961073802
14.586000000000002 2.748 5.904133990667607
22.086000000000002 2.648 7.610233351662872
27.483 2.852 4.369681035844654
37.51 1.9260000000000002 8.64733572601873
42.86999999999999 3.2640000000000002 11.863075472390717
49.291999999999994 2.542 6.849210016227865
56.312 1.7230000000000003 2.099017313851717
62.885999999999996 2.749 7.794286045340588
70.368 3.367 8.542903096234758
78.897 2.338 9.3039264286893
85.28 2.955 2.1114235973123288
93.389 2.646 8.17479771111278
99.081 2.9539999999999997 8.923414759983505
105.6 2.235 6.94123636308272
109.57199999999999 3.263 5.314757062071287
119.197 2.439 3.240552316677665
126.161 3.675 5.130704370196259
135.575 3.162 -0.06721377618536675
140.87199999999999 3.3659999999999997 11.666616495282462
149.70700000000002 2.129 5.419189692805272
158.665 3.059 1.5344529530309492
163.974 3.162 -3.767897822134368
170.76200000000003 3.2649999999999997 -1.0246960884777587
178.302 1.9260000000000002 2.3875026353882944
182.45999999999998 3.471 6.075780396116258
189.799 2.031 4.474113665902096
194.694 2.3369999999999997 2.6635816724226555
199.663 3.4690000000000003 12.139154509859761
207.766 3.367 -1.6812867914828438
213.87099999999998 3.3659999999999997 9.107467454255751
221.36599999999999 3.572 7.873906104575387
227.562 2.958 1.638885584923667
233.96099999999998 3.16 -4.3324621816426605
239.856 3.3659999999999997 -1.1167224334946202
249.67800000000003 2.646 4.001575651092111
255.29500000000002 2.13 7.217315401195376
260.557 3.4690000000000003 9.868490789648195
267.103 1.924 1.8105319924643364
271.468 3.06 8.254417770505867
277.972 3.057 9.500385405602213
286.111 1.8210000000000002 5.799701359687231
291.3 2.131 2.1910436606338686
299.06699999999995 3.266 -1.300775123905141
308.78200000000004 2.852 3.0564996258440478
317.79 2.748 0.49735058012195466
322.871 2.851 4.854625332420482
332.465 2.957 0.3008916067138715
341.002 1.8210000000000002 1.7309119329399285
345.379 2.645 1.4300203250434371
354.11 1.5150000000000001 5.511216038336089
361.05499999999995 3.572 9.960517134634301
366.8550000000001 3.573 12.42763983134524
372.162 3.367 10.537487779069565
377.86999999999995 3.16 -0.17164640574834628
387.15999999999997 3.471 -2.914848139487637
395.474 3.059 -0.9326697430241536
401.18899999999996 2.747 0.5893769263297324
406.375 3.16 3.805116677084407
412.59 2.646 -0.07962006032073982
420.69900000000007 1.924 2.0069909695644084
426.953 3.4699999999999998 12.900177845185382
434.38900000000007 2.234 -1.5892604479302341
441.452 3.572 10.249002456905881
