4.048 4 18.75859481600765
13.132 4 -34.583649288116064
18.333 4 -45.27299443354418
24.434 4 -10.1481809432698
32.135 4 56.171302825006066
40.33 4 5.012471616589508
49.43 4 -9.711498364128367
56.33 4 49.07989993572629
64.331 4 61.95265797686156
69.931 4 -29.675659294543422
75.831 4 77.98667569500374
82.531 4 -18.11294899083245
91.531 4 23.66658480958028
99.031 4 -31.52687123412604
105.935 4 28.574574803152906
114.333 4 -27.055563819694846
120.53399999999999 4 -8.296969003687181
128.136 4 -2.62009547484859
134.332 4 9.483779031020717
140.933 4 32.609199638442675
150.632 4 -8.838133205845509
158.43200000000002 4 -17.676266411691017
167.332 4 18.321912236866225
173.333 4 44.171909942153654
179.132 4 16.13849934115906
187.232 4 -14.078324155542674
192.833 4 2.7245770978654704
197.93200000000002 4 9.92046161016215
203.433 4 38.39055479029817
208.833 4 33.48256479672553
218.435 4 12.540557085010732
223.938 4 -49.74430184797537
229.63299999999998 4 10.793826768445001
237.233 4 -2.0789312726902693
246.13400000000001 4 -4.366825791414307
252.734 4 0.9778467812997533
262.033 4 -26.618881240553414
267.73400000000004 4 15.26513418287621
275.334 4 -44.836311854402744
280.334 4 8.06924967057953
288.134 4 -20.400843509556488
293.634 4 -1.2055661144074037
298.634 4 -67.08836730354184
303.73400000000004 4 -33.27360155069176
309.334 4 -16.80290125340815
319.236 4 -71.99635729711449
328.13699999999994 4 25.95447932830433
334.235 4 29.01125738229434
340.435 4 -72.43303987625589
347.435 4 -62.18037730996921
353.535 4 61.0792928185787
358.735 4 -30.112341873684855
363.936 4 -39.05495670254725
371.835 4 -12.331593838976957
378.335 4 21.919854493014554
385.735 4 -78.2143950281114
391.235 4 39.26391994858103
400.536 4 33.919247375866966
407.93800000000005 4 -13.641641576401241
416.736 4 -43.526264116978446
422.537 4 -25.30883350312912
427.92199999999997 4 -59.99696441426205
435.32300000000004 4 -39.928321860830124
441.024 4 -60.43364699340349
