4.048 4 -28.365611557119138
9.532 4 -32.836918971550325
17.133 4 -2.1834128957071535
23.634 4 -54.21560926240656
29.135 4 49.516582514867714
35.327 4 5.449154195730941
40.927 4 55.73462024586464
46.927 4 40.57396768600532
54.928000000000004 4 -83.55906760082544
61.128 4 4.575789037448089
68.628 4 54.861255087581775
75.328 4 -6.986921266262897
80.528 4 2.829058720882358
85.62799999999999 4 -26.18219866141198
91.529 4 8.505932249720964
96.63 4 -6.550238687121464
104.83200000000001 4 -51.054349585399656
110.53299999999999 4 -4.80350837055574
117.934 4 -48.870936689692506
122.935 4 45.91864025871938
129.036 4 34.3559299550084
134.529 4 -77.34102986982853
141.129 4 -25.745516082270548
150.22899999999998 4 -61.30701215168636
159.329 4 67.29733054957562
168.229 4 16.575181920300494
178.12900000000002 4 -17.239583832549584
185.53 4 -21.710891246980786
193.331 4 -10.584863522411233
202.232 4 -1.6422486935488365
207.63299999999998 4 -35.02033186725748
215.43400000000003 4 21.04648933473169
220.635 4 -14.619488357701002
226.43 4 -19.422996728256734
234.33 4 20.173124176448837
243.93099999999998 4 17.885229657724786
251.331 4 2.2878945187240447
259.03 4 29.884622540577205
268.731 4 -40.801687019112975
277.131 4 4.139106458306657
285.231 4 -29.238976715402003
290.83099999999996 4 23.229902230438846
299.733 4 -50.61766700625824
305.834 4 -2.515613851831702
314.635 4 43.73522736301223
320.432 4 60.64261023943727
328.032 4 -19.527478351273626
333.43199999999996 4 12.103874505869292
342.43199999999996 4 -50.180984427116805
347.43199999999996 4 22.793219651297413
356.73199999999997 4 -66.21500214525898
366.032 4 -56.83570473725515
372.934 4 -24.767669300970795
379.13199999999995 4 26.827844486587182
384.733 4 -12.76827641811839
390.43300000000005 4 24.10326738872171
396.533 4 12.977239664152165
403.134 4 -36.871543806840094
408.835 4 -32.40023639240891
415.833 4 0.5411642021583134
423.43300000000005 4 -27.928928977977698
428.63300000000004 4 -49.30761926883394
434.13300000000004 4 28.137892224011473
441.033 4 44.60859252129509
