5.623 2.42 1.2922347913755639
10.878 3.249 -3.6295722154678343
16.287 3.041 5.982612602785909
21.996000000000002 2.833 4.78671820313614
28.999000000000002 2.731 5.567924405332177
34.598 2.833 1.2440645958456296
42.19200000000001 3.041 -0.31834780887481884
50.78099999999999 3.3529999999999998 -2.9865954148713816
59.604000000000006 2.416 6.67061901086146
68.581 3.04 6.763818809158614
75.19999999999999 2.522 2.0734409944351113
81.52 2.003 -0.3633774119971014
86.20499999999998 2.519 -0.45657720809616525
93.596 2.729 5.522894801468263
100.373 3.3529999999999998 -5.008725621928679
107.476 3.251 7.821483810197085
116.0 2.729 4.095571204009652
125.51 2.521 1.8870414008780678
131.10299999999998 2.729 8.00474281155045
140.50699999999998 2.626 2.9478469958240785
146.487 3.147 -4.549007820620934
153.76 3.5620000000000003 -1.9289304086770802
159.262 3.56 9.200637214884797
164.87 3.3520000000000003 -0.8712654070619819
169.76600000000002 3.456 3.8191124041201996
179.07899999999998 3.044 0.8325169921701907
188.079 3.146 1.890181992784771
194.36399999999998 3.5620000000000003 -3.9510606203805887
201.08800000000002 3.039 1.2890941992156255
208.10199999999998 2.626 0.6911469978196286
216.192 2.938 3.1761355992983114
221.58599999999998 3.145 -1.147724207191369
228.602 2.73 -1.5592718158940773
236.983 3.25 4.555289006289918
243.08800000000002 3.147 9.0624078154003
250.494 2.629 3.2243057938859723
258.09200000000004 2.832 1.9352115959306746
263.366 3.458 8.464460612816739
273.068 3.456 0.14136999358343696
279.40600000000006 2.518 6.304101006075428
287.42999999999995 1.8960000000000004 3.957341802247818
292.092 2.935 2.2116703935438515
297.296 2.831 2.9928765985575945
302.39099999999996 2.937 2.3498997946292493
309.476 3.354 -1.237783411971577
315.08 3.251 -3.7678016158998306
322.975 3.457 3.4976240025118157
329.07000000000005 3.5629999999999997 -1.9739600146702234
337.201 2.834 3.867282599464168
347.093 2.832 1.060805595863447
355.476 3.249 -1.6524716102806056
363.467 3.458 -3.44631321631568
369.67199999999997 3.3529999999999998 6.8088484105919855
377.063 3.5620000000000003 -2.8933956164019845
385.95799999999997 3.668 -2.755166216701031
392.266 3.561 0.46285839314734817
399.22 2.209 3.3143650011315358
403.67900000000003 3.25 1.7519525924244401
409.07199999999995 3.458 -0.733036007063989
414.279 3.3520000000000003 5.429695005640887
419.07099999999997 3.561 4.278830206961554
428.48600000000005 3.248 -0.6880064052586584
436.4 2.935 2.8546472004667933
441.995 3.041 1.6587527978733536
