4.04 4 0.8387155799524679
10.027999999999999 4 3.4012981781847955
16.529 4 4.140418497626676
25.429000000000002 4 6.283643305882769
33.429 4 1.3554274491857097
42.73 4 0.2965446002781844
48.531000000000006 4 5.864285515906535
53.732 4 11.974197411209172
61.933 4 -2.8568860172569317
67.434 4 4.928215856697059
75.829 4 1.774785239161944
83.23 4 2.4397694085342776
91.03 4 -3.0538353570245276
97.93 4 4.608453327231414
103.33 4 10.49595677232541
108.83 4 8.746630643604508
114.43 4 -4.1868543560016
123.53 4 -0.048677039628504115
129.73 4 -0.023217929187461905
138.631 4 1.1098010697896097
145.631 4 -1.1816960386055753
150.632 4 -1.5014585680712225
156.433 4 4.337367837394272
164.334 4 4.731266516929464
170.43099999999998 4 5.1993013465342015
176.13099999999997 4 8.697953603976005
182.731 4 2.83366808806947
187.93099999999998 4 5.593200026069394
196.93099999999998 4 2.9332633485800574
204.53099999999998 4 2.513905558603824
214.43099999999998 4 9.017716133441652
220.532 4 5.790149365836989
226.132 4 7.613611644627437
231.132 4 1.4550227096962978
236.332 4 6.332320345511273
242.532 4 3.8693330077895336
252.233 4 -0.6395250589312917
258.835 4 2.09454776862759
267.932 4 9.362937773348339
273.332 4 7.219712965092246
282.133 4 -2.979699206954982
287.83299999999997 4 0.17373141058013353
294.733 4 -0.5167118692332422
301.433 4 10.570092922394956
308.83299999999997 4 3.795196857719988
316.933 4 5.3221145362322515
322.83299999999997 4 -2.782749867187386
330.43300000000005 4 -1.7725440579083642
336.13300000000004 4 -0.8364743986988881
341.233 4 3.2530258780457046
346.733 4 0.025459110441041766
354.535 4 10.963991601930148
360.63599999999997 4 5.002352006766605
366.13699999999994 4 5.347573646673293
371.23400000000004 4 8.229918774371267
378.834 4 -2.3888511876521936
387.73400000000004 4 5.889744626347577
395.434 4 5.125165196464656
401.634 4 8.894902943743602
407.23400000000004 4 4.066282347557129
414.635 4 7.88469713446458
423.935 4 1.5778358993943478
431.435 4 11.70311192137203
441.035 4 -3.718819526396862
