5.211 2.834 4.263231686093446
11.205 2.523 8.081646472141976
16.395 2.833 -0.9106105484229047
21.492 2.936 4.311908725261413
31.308 2.42 1.306750410202015
40.181 0.548 5.815608474809526
47.395 2.936 -4.925974674129632
56.237 1.8960000000000004 1.6519720497724955
60.788 3.145 -0.44257572141997953
66.28399999999999 3.25 -0.7136612094861864
75.89999999999999 2.729 -0.36843957033780417
84.97699999999999 3.3520000000000003 -2.2405788866639367
94.708 2.521 3.327162029178589
104.329 2.0 0.715902390509343
110.669 1.0610000000000004 1.429563599391512
115.277 3.3529999999999998 -1.4527815309061733
121.482 3.148 9.634023264452786
128.70499999999998 2.625 10.767042263670472
136.28 3.25 -4.260990507107787
142.205 2.726 -0.5653889103715154
151.41100000000003 2.521 4.189095539248129
160.105 2.729 2.19414302903166
167.285 0.6499999999999999 8.352731964259974
171.093 2.938 2.5880417071304667
176.48899999999998 3.042 -2.5116643764788806
183.36899999999997 3.5620000000000003 -2.3147150381579635
191.59099999999998 3.04 9.756836450812775
201.061 1.17 0.4448169007093002
204.492 2.939 10.224871282020747
214.021 2.21 0.8873926181428629
219.63699999999997 1.7939999999999996 0.2478675614391029
226.17799999999997 3.3529999999999998 -1.6497308683027005
235.33999999999997 1.7910000000000004 4.87953881702282
241.124 2.207 3.9180100464232455
246.522 2.311 1.0356649177657908
251.90699999999998 2.626 7.145576815358883
258.186 3.249 8.426868112738987
264.821 2.311 1.897598428085689
274.223 2.209 2.7108548967072275
279.388 3.144 -3.521870186550295
286.94100000000003 1.7910000000000004 5.667336175493594
291.52500000000003 2.207 6.554728796567963
297.228 2.104 0.5676300905059494
302.481 3.3520000000000003 6.800355173810409
309.201 2.832 7.41666230492016
314.585 3.248 8.278595815169751
322.503 2.73 1.1584781084930036
329.45799999999997 1.375 3.3758390668493554
335.084 3.249 -1.2303730770832069
343.3070000000001 2.626 3.9434691589520665
352.02 2.314 1.2326142585578106
357.89 3.045 10.299007431966482
365.588 3.146 -1.846680207798562
374.219 2.415 6.874491325158122
380.92 2.314 3.992146199251252
389.40500000000003 2.729 6.086693965987761
395.514 2.52 2.0458707295994536
404.89200000000005 3.042 7.293849115649281
410.495 2.939 3.056076536802255
417.896 2.938 5.076488155898766
425.378 3.456 5.421709795339067
430.79200000000003 3.042 7.53947549378534
437.933 2.002 4.85407970608062
441.47200000000004 3.5629999999999997 6.529269684771725
