5.105 2.941 -154.38230200935402
14.889 2.839 57.893363235487726
23.273 3.357 77.19115098170695
31.177999999999997 3.253 501.74248146883235
37.17999999999999 3.252 135.0845142258842
44.42 2.213 -96.48893876103173
48.885 3.149 -38.59557551823521
55.195 2.94 38.595575489348555
60.80199999999999 2.8369999999999997 96.48893873203687
65.15700000000001 3.564 540.3380569655583
74.36200000000001 3.46 540.3380569645974
82.9 2.423 -8.786352456354627e-09
87.794 2.63 -135.08451426256107
94.86500000000001 3.46 463.1469059640631
102.05799999999999 3.668 385.95575497353474
108.28499999999998 3.043 57.89336324053527
115.167 3.5620000000000003 212.27566522360644
121.163 3.667 501.74248146439874
130.264 3.667 366.6579672237152
138.28099999999998 3.252 57.89336322693365
144.399 2.835 -1.575155730629255e-08
151.87800000000001 3.458 -1.4608974986577091e-08
157.459 3.564 559.6358447172813
163.958 3.565 231.57345297053814
170.856 3.667 617.5292079651704
176.685 2.838 96.48893873656662
181.55700000000002 3.667 212.27566522811563
191.56199999999998 3.564 231.5734529799713
200.358 3.669 289.4668162179044
207.365 3.564 405.2535427188368
213.68300000000002 3.147 154.38230198530908
218.87199999999999 3.459 347.3601794710765
224.57600000000002 3.356 192.97787748580149
230.863 3.669 154.38230197226574
239.875 3.459 443.84911822510117
245.67399999999998 3.461 289.46681622541183
251.487 3.149 57.89336324087983
259.462 3.5629999999999997 424.55133046273676
267.059 3.666 443.8491182170432
275.25800000000004 3.667 289.46681623150334
280.85699999999997 3.668 385.95575497457344
288.45799999999997 3.668 231.57345297940688
293.959 3.668 212.27566523529612
303.172 3.356 424.551330472893
309.878 3.252 366.65796721553835
314.87199999999996 3.459 559.6358447162936
321.67699999999996 3.355 347.3601794642199
329.365 3.668 308.7646039728882
339.349 1.4849999999999999 -19.297787764953277
346.88199999999995 3.254 -2.1171967464204428e-08
352.76199999999994 3.564 250.87124071948423
358.77099999999996 3.355 212.27566522956778
365.463 3.5629999999999997 521.040269220847
371.56199999999995 3.565 212.27566523005032
381.16499999999996 3.5620000000000003 385.95575497027284
390.566 3.461 192.97787747660843
396.07300000000004 3.355 -192.9778775096291
401.959 3.67 463.14690596655237
407.058 3.7720000000000002 270.169028480258
414.765 3.667 328.06239172571435
419.96500000000003 3.668 366.6579672216321
429.175 3.459 192.97787747780376
436.369 3.667 385.9557549702378
441.366 3.67 250.87124072916387
