4.047 4 19.297787732477673
10.234 4 173.68008972726324
19.534000000000002 4 617.5292079634943
27.334 4 231.57345298337634
33.035 4 443.849118212759
42.036 4 443.84911822253906
48.137 4 115.78672647897417
54.335 4 366.6579672183002
63.235 4 578.9336324633309
68.835 4 675.4225712137394
74.535 4 636.826995713576
82.535 4 482.4446937168344
91.435 4 154.38230198304956
96.436 4 -57.893363261981136
102.13600000000001 4 77.19115098076674
107.635 4 19.297787734433655
117.236 4 482.44469371292234
123.736 4 482.4446937148784
132.536 4 154.38230197522552
139.94 4 -77.19115101597481
148.03799999999998 4 231.57345297359637
157.123 4 154.38230197718156
163.024 4 77.19115097685477
169.625 4 424.5513304665893
177.02599999999998 4 -173.68008976051533
184.428 4 173.68008973117523
190.52900000000002 4 77.19115098859078
200.43099999999998 4 192.97787747343295
206.632 4 521.0402692169978
212.63299999999998 4 192.97787747147697
219.53400000000002 4 405.25354272041966
225.03799999999998 4 115.78672648875417
230.037 4 173.68008973508728
237.021 4 270.16902847180376
244.921 4 482.44469372074644
253.32299999999998 4 424.5513304685453
258.524 4 -38.595575509943444
264.125 4 77.1911509866348
270.82599999999996 4 96.48893873476047
275.92900000000003 4 328.0623917200928
285.029 4 405.2535427243317
290.53 4 154.38230198500557
299.431 4 521.0402692189539
305.232 4 -38.5955755118994
310.33299999999997 4 385.95575496446986
318.134 4 270.1690284815837
323.335 4 -115.78672651027023
329.12199999999996 4 -115.78672651222624
338.82300000000004 4 135.08451423492386
346.523 4 135.08451423296785
353.124 4 250.87124072759005
358.525 4 250.87124072563404
364.126 4 77.19115097881075
371.727 4 -77.19115101401883
381.029 4 366.6579672222123
388.53 4 328.0623917161808
396.131 4 231.57345297164034
403.733 4 38.595575480603316
410.634 4 192.97787748321295
416.035 4 347.36017947213054
421.236 4 270.16902846789174
429.42400000000004 4 347.36017947799854
435.524 4 289.4668162257974
441.024 4 405.2535427262876
