6.563000000000001 1.48 9.673925068447142
14.719 2.209 6.7960281733402175
23.934 1.895 0.9842021724201879
29.014 2.416 -10.546062813336498
39.028999999999996 2.103 4.846301235762968
48.65299999999999 1.5810000000000004 -4.752914214867955
56.723 2.312 -4.7902690247539255
62.197 2.626 -0.8982861117302563
71.535 1.6880000000000002 1.9646688591650279
82.525 1.8980000000000001 -1.8862237628975616
87.207 2.417 0.05229673158904217
92.605 2.52 1.0178214972692932
98.099 2.727 -7.675636880202749
105.32600000000001 2.001 -6.702641154604286
110.92599999999999 2.102 3.91066031556198
118.291 2.838 -11.511587580523695
123.587 2.943 13.536024132658195
132.70200000000003 2.73 -1.8936947256081342
138.611 2.522 9.681396028315692
146.419 2.315 3.880776469850938
152.35 1.585 -4.764120657603057
158.796 2.728 4.879920562011218
164.818 2.106 -0.9431118814939353
174.119 2.106 0.06350317493623645
192.084 3.041 12.577970328855804
198.73100000000002 1.8960000000000004 -10.561004736969107
204.142 1.585 -1.8899592451060536
209.934 1.8939999999999997 -3.8098023347136323
217.27700000000002 0.7519999999999998 7.757817458074779
221.92699999999996 2.104 -6.687699230790769
231.30900000000003 2.623 7.765288420478306
239.126 2.208 4.864978639334687
246.525 2.21 0.0747096153456418
252.302 2.624 -12.480847828867484
261.142 1.484 -5.737116385148856
266.52500000000003 2.001 3.8957183915647313
273.402 2.624 0.026148364401206287
278.612 2.414 -6.713847594827491
287.228 1.9980000000000002 1.0103505369337913
294.223 2.004 -5.748322828940044
300.351 1.3769999999999998 0.033619328747421205
310.485 3.145 1.0140860171143546
318.801 2.73 -3.7985958914148754
328.324 2.209 2.960077472473423
341.102 2.833 0.04856124991730113
347.682 3.145 13.539759612936987
360.08599999999996 3.041 -5.744587347534197
368.81199999999995 2.315 8.73081318471718
378.64399999999995 1.5830000000000002 0.9954086145841083
383.22100000000006 2.207 -6.6839637482383125
389.404 2.624 3.921866756463272
401.70900000000006 2.52 -8.6224842434912
407.198 2.832 -5.72217446291689
414.286 3.145 10.639449835301399
421.094 2.938 6.781086249167216
428.69 3.144 9.677660549466443
436.913 2.522 -10.553533776692797
441.889 3.147 6.80723461343669
