4.484 3.5620000000000003 11.028402570605442
13.165 3.665 5.4110025134066815
20.660999999999998 3.77 8.604002332187147
26.261999999999997 3.77 5.381352140506779
32.071000000000005 3.5620000000000003 2.927301527105836
40.901 2.833 0.5029012889710357
45.263000000000005 3.5620000000000003 8.663303082982065
51.683 3.042 -7.095298468953575
61.900999999999996 2.524 0.5622020371522646
67.66 3.665 15.019652345767712
74.486 3.04 -0.6499980818689048
81.25999999999999 3.665 12.270253065694934
88.26 3.666 12.654552855158837
94.35700000000001 3.77 8.63365270806492
100.48099999999998 3.147 0.9168514513628497
108.187 3.042 -1.034297872274911
114.09400000000001 2.937 -4.700548603142332
120.902 2.73 -1.418597660765552
128.084 0.7489999999999997 6.977852049451633
135.087 3.0469999999999997 -9.105748540622415
143.5 2.626 2.2180026959780683
149.984 3.042 4.642402934960184
154.965 3.5620000000000003 13.807452222177222
164.89 2.937 2.6023024851208074
170.30200000000002 2.625 2.1290515729603765
177.474 3.3529999999999998 2.5133513619912713
183.395 2.832 1.3901023675194413
188.066 3.561 17.85800274826586
194.565 3.5629999999999997 9.756901701604008
200.668 3.561 4.198802396750448
209.7 2.731 2.483700988098271
215.674 3.458 14.635352555099178
223.267 3.666 20.252752610701943
232.786 3.249 6.120301345794103
240.486 3.042 10.614452406114934
248.51 2.418 5.765651930453673
252.156 3.7720000000000002 11.76735177854227
260.59000000000003 2.938 4.1098512710429
266.812 2.416 -5.883098347520394
275.397 2.731 -2.2464979924502426
283.67 3.459 16.26150283950987
289.483 3.145 -2.2761483665690627
298.07399999999996 3.456 -6.710998677028855
303.67499999999995 3.456 6.652853007824461
313.17100000000005 3.561 11.383051986168883
323.802 2.832 0.8872010805630479
329.81399999999996 2.521 9.40225228721499
338.18100000000004 3.248 13.038852647304305
343.90000000000003 2.729 7.421452587719086
352.28 3.25 2.5726521115291545
359.213 2.417 -2.660448155660642
364.93399999999997 1.8960000000000004 4.523801433496962
370.97900000000004 3.251 -3.902298649085715
376.68800000000005 3.042 10.644102780968689
383.395 2.935 3.3412516906592606
389.17900000000003 3.251 3.8145026046880672
395.485 3.145 3.3116013158428026
403.805 2.626 -3.517998857239315
409.18899999999996 3.043 -6.267398139556047
414.369 3.564 10.673753155217149
421.969 3.666 7.332501464437071
428.486 3.145 1.7744021579319122
433.589 3.042 18.656252702845293
441.571 3.46 12.595252103368843
