4.027 4 -4.934925552969428
11.427999999999999 4 -1.0290412898421977
17.429000000000002 4 -3.3600440007268055
22.63 4 2.362322328363934
31.730999999999998 4 -10.863100140028608
37.633 4 1.9864980681795004
43.133 4 0.6845366471370902
50.935 4 19.01490067071505
59.926 4 -7.641752524038468
65.426 4 -18.983581053235724
70.82600000000001 4 7.9817845284704525
76.426 4 0.2729201312002125
82.126 4 -9.458234590001977
87.226 4 -1.9551784507001777
92.926 4 -2.948427484789928
99.82700000000001 4 -8.362081426928007
105.02799999999999 4 -16.27675408216669
111.929 4 -0.2416005137208863
121.23 4 -7.1630241348698185
126.23100000000001 4 -2.4339068398688273
134.033 4 -17.475811374224875
142.934 4 10.791515628523712
150.327 4 -4.250388905832338
155.92700000000002 4 -3.257139871742588
163.52700000000002 4 -6.545599360964497
168.72799999999998 4 -15.077696790108496
173.827 4 3.9729961363590007
182.72799999999998 4 9.386650078497082
192.428 4 -17.578715503209096
198.22799999999998 4 -12.062157432086797
204.428 4 4.590420910264321
212.53 4 -10.554387753075948
218.63099999999997 4 -4.353293034816559
226.232 4 2.4652264573481517
234.234 4 2.6710347153165905
242.135 4 1.2661691652899627
249.829 4 15.10901640758782
256.42900000000003 4 14.903208149619381
264.629 4 5.78947820232251
274.529 4 5.377861686385632
281.029 4 -7.265928263854036
289.92900000000003 4 6.371110720475382
296.129 4 -2.125194452916169
305.73 4 -4.044580647863899
311.131 4 8.29049691542311
317.832 4 -2.331002710884608
325.433 4 -14.666080274171618
330.434 4 -6.442695231980279
336.635 4 -8.053369039975346
345.43 4 7.09143962336492
354.73 4 -0.4474087716893287
360.23 4 3.767187878390562
365.93 4 -10.966004269012826
371.53 4 -14.563176145187395
377.33099999999996 4 6.9885354943807005
384.83099999999996 4 -6.133982845027618
391.83099999999996 4 13.70415085756119
397.931 4 3.0826512312534717
404.531 4 -9.664042847970418
413.63199999999995 4 8.187592786438891
421.033 4 9.592458336465521
426.534 4 11.990572920581902
434.931 4 4.487516781280101
441.031 4 -0.61742477390532
