4.047 4 2.6527036675906093
10.03 4 7.9579462114945265
16.531 4 9.404823051137537
25.433000000000003 4 13.383713761246154
33.434 4 3.0143610807723737
42.724 4 1.4469592352816587
48.523999999999994 4 12.057361927450849
53.724 4 23.873509051928988
61.925 4 -4.58168053062444
67.42399999999999 4 10.369352680473778
75.825 4 4.340712914567678
83.227 4 5.425849945390274
91.02799999999999 4 -4.822812937958501
97.929 4 10.248827674626073
103.33 4 20.97975537264297
108.831 4 17.48312947720247
114.432 4 -6.751954592269634
123.53399999999999 4 0.4823472103067692
129.735 4 1.3264342294339535
138.636 4 3.2555758837450828
145.625 4 -1.446794444004361
150.625 4 -1.5673194498520662
156.42600000000002 4 9.645955458471597
164.325 4 10.128220273139716
170.426 4 10.972224896628251
176.12599999999998 4 17.96547668750924
182.727 4 5.9081147600583925
187.93200000000002 4 11.454489711296373
196.933 4 7.113941588005993
204.53099999999998 4 5.787589754210687
214.433 4 18.08600169335695
220.53400000000002 4 11.695622118630432
226.135 4 15.553987822891342
231.136 4 4.220187908719971
236.327 4 12.901366550939384
242.52700000000002 4 8.801950834983062
252.227 4 -0.2410500116954104
258.827 4 4.461237920415384
267.931 4 19.050613718331835
273.327 4 15.071723008223223
282.128 4 -4.461073129138086
287.829 4 1.567566636768012
294.731 4 -0.36165741318176625
301.432 4 21.34149518146338
308.83299999999997 4 8.440211026162647
316.936 4 10.851617495141898
322.835 4 -4.2199407218040275
330.42800000000005 4 -2.1701916660065415
336.12800000000004 4 -0.48218241902947057
341.228 4 7.234466593853698
346.728 4 0.8440870191271834
354.529 4 21.823759996131503
360.62800000000004 4 10.731092489294191
366.129 4 11.695704514269083
371.22900000000004 4 17.121472064020708
378.829 4 -3.7376759071359063
387.73 4 12.901448946578032
395.431 4 10.610485087807838
401.63199999999995 4 18.2066090948433
407.23400000000004 4 9.043083242317122
414.635 4 16.156860039045817
423.93 4 4.099580507233618
431.42900000000003 4 23.27063683577451
441.03 4 -5.907949968781097
