4.051 4 -0.19816319233888624
9.634 4 -2.24188787252354
15.536 4 3.9997821588621387
21.631 4 -2.9404798291940697
28.631 4 2.151023865427449
36.330999999999996 4 -1.7935102980188322
44.731 4 3.4669341884391818
52.132 4 6.378191617130862
62.032 4 1.3679615128386695
67.431 4 5.146751690037377
73.932 4 0.6401471556657503
80.132 4 2.992531019021006
89.03200000000001 4 4.055030154277997
94.632 4 4.64312612011681
100.434 4 -1.5693215107664784
105.935 4 5.0622812941191295
111.035 4 -0.7570367576753099
119.833 4 -3.5285757950328844
128.833 4 -1.1501663367641601
136.63299999999998 4 -0.42235197959123916
144.733 4 6.742098795717322
150.933 4 -3.7527645822852387
156.433 4 1.3971839133410606
165.733 4 -2.8007614378599643
175.033 4 3.6911229756915365
184.13299999999998 4 4.9778108982008815
193.233 4 7.021535578385535
198.234 4 3.6066525797732893
203.435 4 2.628623840434546
208.53599999999997 4 3.970559758359749
215.13400000000001 4 -1.0104479454300543
220.834 4 -0.0031968055889217695
230.53400000000002 4 -2.885231833778212
235.53400000000002 4 4.782844511450916
242.43400000000003 4 -0.33788158367299204
249.334 4 0.7798655469998561
254.835 4 0.8935583434204943
263.73400000000004 4 2.6546494353480146
271.335 4 6.433439612546722
277.535 4 2.8788382226003684
285.035 4 -0.11369279642063823
290.735 4 2.8235902271845097
298.335 4 0.9488063388363521
304.13599999999997 4 1.2282431215045637
311.538 4 4.139500550196244
328.939 4 -0.9812255449276637
336.935 4 1.341935917925202
342.63599999999997 4 1.8455614878457682
348.736 4 2.852812627686901
354.236 4 1.033276734754601
362.13599999999997 4 -0.506822375509488
367.536 4 2.5994014399321568
374.13599999999997 4 3.18749740577097
379.333 4 -0.7862591581776996
386.936 4 1.73186869142513
393.63599999999997 4 0.6141215607522819
399.63699999999994 4 8.252975505479021
414.62300000000005 4 -3.388857403698778
422.024 4 0.8383103480046361
427.224 4 5.426188472705589
435.426 4 1.900809483261626
441.027 4 5.790095651292049
