4.987 3.057 -9.542921008794254
10.467 3.16 -2.1794597771526405
20.064 3.2640000000000002 6.4230746140192885
29.964 3.266 -1.638288748707102
35.461 3.4699999999999998 5.725172482682029
40.85999999999999 3.572 4.251002673104371
47.681000000000004 2.852 8.28168435238709
55.476 3.058 -4.735971644321353
61.68800000000001 2.748 -7.527580168978726
66.264 3.263 1.4593941482261523
72.905 1.822 0.5337831951787984
78.672 2.955 -2.03011650367342
86.27300000000001 2.9539999999999997 -1.332214376490346
92.077 2.851 4.713808150121457
98.38399999999999 2.644 2.3140273830269322
104.37599999999999 2.852 -5.904067085458746
111.56299999999999 3.2649999999999997 -9.001749983055596
117.97699999999999 2.852 3.5531005401703335
124.673 3.057 -8.068751194721022
130.17100000000002 3.16 5.646806933683056
138.174 3.058 -5.277142672487022
147.488 2.646 1.0749542238083192
154.985 2.75 -0.5485588610874832
161.196 2.1319999999999997 2.705855140278687
165.68200000000002 2.647 0.6905143002027819
174.08900000000003 2.44 -0.3992155908760554
179.186 2.543 -3.0340930102255985
184.57100000000003 2.958 -5.512239325466967
195.007 1.822 -4.892702748341816
203.686 2.443 -3.8103606920289295
210.666 3.1630000000000003 -1.0187521678028932
216.17200000000003 3.057 -8.382213400986394
220.66 3.57 -8.225482299204538
225.96599999999998 3.365 5.80353803303289
235.89600000000002 2.3369999999999997 -1.567311031400706
242.59700000000004 2.3369999999999997 -4.6649939279203965
249.68800000000002 2.647 4.09427156633972
257.682 2.748 -0.007387832145144137
262.366 3.2640000000000002 -0.6269244121297413
271.991 2.439 0.5263953635056311
280.682 2.748 2.086318558967555
287.682 2.748 -5.206164954171437
296.191 2.6390000000000002 -5.825701533811277
301.562 3.4690000000000003 -0.47758113953652415
311.176 2.955 3.8665627466765646
318.98900000000003 2.542 0.22770882296815176
326.284 3.048 -6.986409140281102
332.70200000000006 2.131 1.2242974942470277
338.404 2.13 -4.429897271533424
343.37 3.2649999999999997 -1.0971177186917955
349.07 3.3659999999999997 7.505416670103834
359.384 2.647 -3.575264036937897
365.779 2.852 3.318003886181193
371.17699999999996 2.955 2.0005651762598182
376.4719999999999 3.16 -3.881338409848217
382.078 2.9539999999999997 8.20331880304541
391.17499999999995 2.957 -1.0897298877651471
398.923 1.4089999999999998 -2.0227286746609234
404.88 2.852 -5.9750448052805645
413.092 2.44 -0.32085003945084145
419.693 2.339 -4.657606093764707
426.682 2.851 -2.1010942251842213
434.20500000000004 1.9289999999999998 1.7728563522543566
442.392 2.644 -0.7052899635989637
