4.888 3.1630000000000003 11.154197816317769
10.676 3.058 -0.09875067019973038
16.578 3.057 -5.840187022923768
23.475 3.058 4.264622397443278
32.579 2.9539999999999997 -3.1828111172194045
41.367000000000004 3.266 8.4968219115575
47.675 3.059 2.066353913563032
52.876 3.057 -1.1813029615486648
58.066 3.367 -8.628736476808498
63.977999999999994 2.955 -2.493779476871133
71.774 3.16 5.905032783861037
80.969 3.2649999999999997 -6.660392214285073
87.684 2.75 2.5586252359562742
92.17 3.2640000000000002 -11.08935205581075
99.482 2.852 1.9351803659256346
105.58 2.9539999999999997 2.7553855591742167
110.87 3.2649999999999997 1.6072464923553667
116.781 2.955 -2.8217133482623753
122.474 3.263 2.689798785937745
127.87899999999999 3.059 -2.1326817062993846
133.783 2.852 -1.3456404089408671
142.16899999999998 3.3659999999999997 -6.102534121607802
152.274 3.161 2.099517810110611
158.187 2.648 -5.971360572788133
165.67800000000003 3.057 4.8224804885864305
173.381 2.9539999999999997 -2.559366249542205
178.781 2.9539999999999997 -4.0030163103493805
184.191 2.644 -2.887300124879436
190.37800000000001 3.057 5.642685682515562
195.86999999999998 3.3659999999999997 10.202819075105072
203.677 3.059 -6.16812089671268
212.68299999999996 2.853 -3.5107449936660835
221.254 3.367 8.300061587784882
229.18399999999997 2.852 -2.362605926939263
237.673 3.2649999999999997 7.414269620063579
243.979 2.646 0.7214545230992276
249.17099999999996 2.955 5.281587915296187
255.55400000000003 3.573 10.333992623225773
263.757 3.572 9.448200655926216
271.156 3.574 11.843229458521002
279.473 3.058 -0.459848439749964
288.788 2.645 6.101793106493894
293.273 3.161 8.627995462586247
301.18300000000005 2.854 -4.5932972842240005
307.77 2.751 -10.334733638854331
315.561 3.3600000000000003 -7.053912862396171
325.56699999999995 2.956 0.3279338738294263
331.36 3.2640000000000002 6.659651200025501
341.272 3.0540000000000003 -3.576331768175023
350.97999999999996 2.647 2.952145883579387
355.567 3.262 4.953654038872039
362.46999999999997 3.059 5.019240812767684
368.46999999999997 3.161 1.3448993919665762
375.871 3.161 -1.8047478317869554
383.676 3.057 5.4127614624078575
391.77799999999996 3.057 3.2476568776506753
398.48199999999997 2.9539999999999997 3.1164833285439903
406.05899999999997 3.1630000000000003 -0.787782312322274
411.867 2.956 -5.905773796805349
417.87500000000006 2.748 1.0493883966771467
425.373 2.851 -7.67735773358054
430.665 3.06 0.9838016243434926
436.972 2.9539999999999997 0.22918320276996
442.074 2.9530000000000003 4.067862070952957
