4.034 4 6.062163671210822
9.732999999999999 4 -26.274429690281874
15.933 4 21.130065295402538
21.134 4 -9.107026703252831
26.234 4 5.825823253909647
34.334 4 14.73027245661862
39.834 4 16.762247985941332
48.93600000000001 4 -0.4389179178450284
55.537 4 -2.7409967812262153
61.333999999999996 4 27.496095217429147
66.934 4 10.193640563370856
73.134 4 21.09630237864523
80.834 4 -4.6379206435196885
87.735 4 -19.807111017983335
92.935 4 -6.906236590143564
98.635 4 3.962662308373492
104.835 4 -0.2701033340584793
113.735 4 1.863160945536162
119.735 4 -17.505032154602148
127.335 4 -2.572182197439666
133.435 4 8.094139200533533
139.519 4 -15.608108292308675
146.02 4 -28.373931053119207
151.421 4 -11.003950565546297
156.622 4 -11.240290982847469
164.22299999999998 4 1.9644496958080921
169.62400000000002 4 8.364242534592012
174.725 4 14.595220789589384
180.226 4 -4.604157726762377
185.727 4 21.16382821215985
190.72799999999998 4 8.229190867562771
197.729 4 -0.23634041730116984
207.03 4 -24.073639577172614
212.532 4 -13.44108109595673
221.333 4 -2.3358417801385
228.037 4 7.992850450261599
235.52 4 23.29709249175449
243.42 4 14.49393203931745
253.02200000000002 4 -21.90661238082067
262.324 4 -24.141165410687233
271.225 4 -0.303866250815787
277.026 4 -24.006113743658
286.728 4 1.6943463617496128
294.329 4 -9.005737952980901
301.731 4 1.7281092785069205
311.632 4 16.694722152426706
317.533 4 -13.238503595412867
325.335 4 4.030188141888111
334.221 4 29.696885330538407
341.12199999999996 4 -15.574345375551367
347.722 4 29.663122413781096
355.723 4 -15.439293708522126
364.825 4 18.827986432021348
373.026 4 -0.5739695848742699
378.62699999999995 4 -4.671683560277
383.62800000000004 4 10.49750681418665
389.22900000000004 4 1.660583444992298
398.231 4 10.328692230400101
405.63199999999995 4 -0.4726808346023397
414.034 4 -11.341579733119396
419.735 4 -13.306029428927484
427.523 4 -13.204740678655558
434.923 4 -15.338004958250199
441.023 4 -0.6752583351461965
