4.048 4 -11.478763641700521
13.13 4 -3.756968624537457
18.33 4 -9.38741542596782
23.83 4 -8.223483593954818
30.831 4 0.7095463448799038
37.431999999999995 4 -3.7096655348787984
46.233000000000004 4 3.0847130985645634
54.235 4 1.6369627285996025
61.636 4 3.775614033990962
69.831 4 7.125500261053983
76.031 4 -1.5237111398287766
83.531 4 4.986848955662623
93.431 4 2.942803829588584
99.631 4 12.708643972825683
113.931 4 2.4697729330019813
120.03200000000001 4 10.522689577775663
125.631 4 10.428083398458343
133.732 4 -4.684385008257159
142.634 4 1.8734781768929025
149.235 4 -1.8075296777807388
154.935 4 -14.686740599787559
160.032 4 -2.9714615097937394
169.732 4 14.752689098899722
175.43200000000002 4 0.23651544829330096
187.033 4 -8.27078668361348
192.13299999999998 4 -4.920900456550459
199.93400000000003 4 0.5203339862452623
205.43200000000002 4 4.844939686686642
214.733 4 -8.081574324978838
220.533 4 -0.5489916664504193
225.533 4 -13.66471803675054
233.93400000000003 4 0.7568494345385623
239.53400000000002 4 -6.179438467880779
245.535 4 8.147522824091002
251.136 4 7.267409530029962
256.633 4 1.9680843562102233
261.834 4 -8.03427123532018
268.334 4 2.895500739929922
275.73400000000004 4 5.866962249723661
283.334 4 6.936287902419342
289.534 4 1.447750369964961
294.73400000000004 4 -3.9461809831720984
302.434 4 6.292690056651605
310.23400000000004 4 9.169545387128021
317.834 4 -10.314831809687519
323.534 4 -9.103596888015858
332.634 4 2.8008945606126012
337.635 4 3.6810078546736413
343.435 4 10.286174129482362
353.037 4 6.008871518699642
360.435 4 -3.993484072830759
369.335 4 6.198083877334282
376.235 4 -0.31247621815711923
382.93699999999995 4 -2.4038244338898167
391.936 4 5.961568429040982
399.536 4 11.592015230471343
408.835 4 -8.1288774146375
414.736 4 -4.96820354620912
420.836 4 -5.753710660952837
428.736 4 -2.7349460615004393
435.63599999999997 4 13.777969625521363
441.036 4 12.614037793508363
