4.048 4 -5.89561992992882
12.931 4 -2.593036792524458
21.730999999999998 4 -7.059551761941819
29.131 4 -0.45438548713309856
37.231 4 4.939545866003963
42.731 4 3.870220213308283
50.533 4 -9.15089997767452
56.534 4 9.500667014738642
66.235 4 -6.037529198904799
71.336 4 -2.7822491511590997
80.232 4 1.5423565492822817
85.83200000000001 4 2.7062883812952823
91.932 4 10.380780308799682
98.132 4 4.106735661601583
103.83200000000001 4 3.633704765014981
110.432 4 3.0374100089059013
115.934 4 -14.73404368944622
122.03200000000001 4 3.9648263926256018
127.73299999999999 4 -5.01550663586778
136.832 4 -9.2928092466505
142.333 4 14.799992188558383
150.533 4 8.384038272384302
155.734 4 6.150780787675622
161.235 4 -2.8295522408177582
169.13299999999998 4 0.8514556138558831
178.433 4 9.264151566445342
186.433 4 7.172803350712643
191.43400000000003 4 -10.26752872002886
196.43400000000003 4 2.015387445868882
204.13400000000001 4 -4.8262942772331385
212.53400000000002 4 -2.451127523548479
220.13400000000001 4 -2.924158420135079
226.834 4 -1.618317319146099
234.63400000000001 4 -7.2014610309178
244.234 4 8.052916644773681
251.135 4 2.9901069192472427
256.335 4 -0.6909009354263986
262.536 4 -1.3344987811941387
272.435 4 10.333477219141022
278.335 4 12.661340883167023
287.635 4 9.216848476786682
293.035 4 -12.595392384054861
298.235 4 -0.7855071147437194
304.835 4 -7.986968145661518
311.035 4 2.6116822019779615
318.63599999999997 4 6.9835909920780015
324.435 4 -9.24550615699184
331.436 4 3.5864016753563215
340.336 4 0.5676370759039209
347.936 4 -0.4070823974744364
353.536 4 7.314712619688622
362.537 4 -1.3818018708527973
369.43800000000005 4 7.220106440371303
375.23900000000003 4 -9.340112336309158
380.63599999999997 4 -2.687642971841779
389.736 4 -1.8548327674393992
395.32599999999996 4 5.1760613142972645
401.027 4 11.544712140812683
408.528 4 -2.5457337028657996
415.93300000000005 4 -1.9021358570980595
422.031 4 -2.4984306132071374
428.532 4 2.7535914709539426
435.935 4 13.683363446204043
441.037 4 -15.803369342141899
