5.107 2.939 4.154038751295389
13.975 3.355 -6.084832289608803
19.788 3.043 6.056174609328426
27.389000000000003 3.044 8.28943209464841
32.800000000000004 2.733 -10.362134900636152
40.703 2.732 0.3784247201157364
48.988 2.836 -13.617414946058505
57.639 1.5860000000000003 -0.5016885780753841
61.674 3.252 4.8922427754932265
66.67699999999999 3.251 11.497409050340567
74.13 1.694 -3.8042717141909574
83.236 1.5899999999999999 0.6149401670761844
87.38700000000001 2.94 0.8041525234047718
98.05699999999999 1.1710000000000003 1.353144189528669
102.01299999999999 2.316 -11.431460553203683
111.369 0.7610000000000001 -4.63708191891256
114.998 2.733 -1.760226588513106
121.22200000000001 2.21 -1.712923498824505
127.39500000000001 2.939 8.100219734180445
135.095 2.94 4.703030416888986
142.097 2.939 -2.6403398808048495
148.686 2.94 -11.336854373087633
154.086 2.94 1.684265817554887
161.062 3.564 9.35875774618403
171.171 3.355 0.9460617921441988
179.81199999999998 2.214 1.7315689062099413
185.408 2.419 -3.6623624450798085
191.095 2.835 5.223364404034986
200.403 2.627 -7.2487641215943945
205.394 2.8369999999999997 0.3311216273999101
210.272 3.46 12.51943161365725
217.69299999999998 2.94 -12.453483115583431
226.78900000000002 3.148 14.847295274726438
232.724 2.2119999999999997 -5.990226110740883
238.299 2.8369999999999997 8.431341362993258
243.871 3.356 11.450105961983095
249.90300000000002 2.524 11.402802873138677
256.407 2.523 2.5643791116163355
262.377 3.251 5.8196591594384115
267.781 3.0460000000000003 -8.31808977372373
277.829 1.8989999999999996 0.6622432543527597
287.11499999999995 2.213 -1.665620409208147
293.75800000000004 1.174 -4.778991189762315
297.58799999999997 2.942 -5.110112815749181
312.48 3.252 9.453363924875571
318.58400000000006 3.15 6.245386966763943
325.933 2.003 0.4257278067509724
332.98799999999994 3.148 15.869317842233265
342.392 2.836 -6.132135379704588
349.239 1.6919999999999997 -6.917642495005266
353.38800000000003 2.94 5.08145513438561
358.562 3.567 10.569992666424241
365.99500000000006 2.734 -5.8010137508523805
371.88599999999997 3.045 3.8229171229204733
379.182 3.147 -7.106854850998103
384.786 3.044 15.9166209302946
392.075 3.355 -6.870339403126799
400.766 3.566 -9.198203067293411
407.70200000000006 2.731 1.7788719974064842
416.88100000000003 3.253 1.4950534601178544
433.472 3.459 2.6589852913686034
442.19399999999996 2.836 -0.8328102047197217
