4.046 4 -3.1651067713319048
9.029 4 1.8976172293905353
14.629000000000001 4 -5.7569976586199285
20.129 4 1.190019891522105
25.529 4 3.193562673034547
31.229 4 0.5714073422831216
37.029 4 1.1294910045953008
46.129 4 0.2100425624830553
51.229 4 -4.445919993244216
58.129 4 3.721381891883325
67.43 4 -4.94347476862959
77.132 4 -1.0556384376975547
82.93299999999999 4 -1.4018709957659192
90.53399999999999 4 4.534904781873663
97.93 4 -0.2875122129023193
104.53 4 -2.3364516596098657
110.73 4 1.5059880061270672
117.63 4 -1.1010351028926575
126.03 4 -0.9799773290390492
133.53 4 4.082746671683391
138.63 4 4.5651692253370655
147.431 4 -2.26079055095136
153.531 4 -1.8388968842244902
163.431 4 -1.5229287696195275
171.632 4 3.675985226688222
177.233 4 1.9732783380490408
183.93400000000003 4 0.2857036711415608
191.93099999999998 4 5.393824337059104
197.331 4 -1.9902191015415003
205.13099999999997 4 1.4605913409319644
213.231 4 -2.8340064349952403
219.332 4 -2.306187216146464
225.93200000000002 4 1.0538298959367953
235.032 4 1.1597554480587027
240.93200000000002 4 -2.3213194378781647
247.93200000000002 4 -0.6186125492389838
252.93200000000002 4 1.4908557843953663
258.932 4 3.22382711649795
267.932 4 1.0689621176684962
274.433 4 -1.5077965478878266
283.335 4 2.832197893234482
291.233 4 -2.3667161030732675
298.633 4 -1.1312995463560593
308.233 4 -3.6172648815221766
315.83299999999997 4 -0.7245381013608903
323.433 4 1.1446232263270018
328.63300000000004 4 -3.6626615467172794
334.733 4 -0.9497128855756474
342.13300000000004 4 0.2705714494098599
347.833 4 -6.63104943553707
353.034 4 2.410304226507612
359.23400000000004 4 -4.0542907699807476
364.434 4 1.5513846713221708
369.934 4 1.95814611631734
375.534 4 4.097878893415092
381.035 4 2.349775339580807
389.93699999999995 4 0.3311003363366636
396.134 4 0.7227295596001317
401.834 4 0.7529940030635336
411.134 4 -5.772129880351629
420.034 4 0.6319362292099253
427.834 4 -4.52158110190272
433.335 4 2.033807224975845
441.035 4 -0.16645443904871104
