4.047 4 0.8188015114369911
13.331 4 -6.362064834072607
18.832 4 3.20754436030934
26.433000000000003 4 4.892643960705302
31.534000000000002 4 -10.13434589113675
39.435 4 -0.8041637125444474
47.821999999999996 4 -12.8630362198668
55.222 4 -2.1493158330827065
60.922 4 2.4655150241794157
65.923 4 7.721854753503409
71.824 4 -4.7774856977447016
80.82600000000001 4 -1.3067660328847275
86.32700000000001 4 -1.7088478891569494
95.228 4 0.3399474798577007
100.329 4 -11.077416155402787
108.131 4 -6.223158282351019
113.73200000000001 4 -2.690304241076519
119.43299999999999 4 -2.7908247051445745
126.334 4 5.2947258169775235
134.035 4 2.8675968804516403
141.023 4 -4.035456361614779
147.623 4 -11.278457083538898
153.024 4 -0.36369576861869213
160.624 4 5.835714224971337
170.525 4 -2.0104092813611167
178.02599999999998 4 -0.4642162326867467
183.827 4 -5.079047089948871
189.929 4 1.7618717757030264
199.03 4 -7.104094170202531
204.231 4 -0.703643248476391
209.732 4 8.7654454818375
216.63299999999998 4 -12.121006883736879
225.935 4 10.24950415409735
230.94099999999997 4 -6.563105762208719
237.125 4 4.591082568501134
243.225 4 7.822375217571464
248.425 4 7.9228956816395195
254.925 4 0.9814563519195687
261.625 4 3.710146680649621
266.825 4 -8.047164434468566
275.72700000000003 4 -1.407286496952782
285.329 4 -2.891345169212631
290.92900000000003 4 -5.92159689014685
296.531 4 -5.217953641670459
304.332 4 -2.6519181534229865
311.733 4 5.634673296835224
317.73400000000004 4 2.8054625040371164
323.935 4 -0.9046841766125038
332.126 4 11.29309488243144
341.226 4 -6.261544370004551
346.92699999999996 4 -7.80773741867892
352.327 4 2.0634331679071938
358.12699999999995 4 6.477223097033207
364.727 4 -6.965187618480941
370.92699999999996 4 1.5224447599133804
378.32800000000003 4 -7.405655562406699
383.829 4 11.192574418363385
391.43 4 -7.9082578827469785
400.332 4 -9.392316555006827
406.43300000000005 4 -0.5647366967548031
416.135 4 0.038386087653532464
424.12800000000004 4 -10.876375227266674
432.93 4 0.780415423783456
441.028 4 -1.4456725846063154
