4.5809999999999995 3.468 14.22817277791098
11.963000000000001 3.4690000000000003 8.92943619507358
17.765 3.368 7.163492363575324
24.470000000000002 3.2640000000000002 8.97884217221877
33.662 3.3659999999999997 7.703337730597265
41.488 2.443 2.1099754736737313
48.705 1.923 5.25023569937776
55.57 3.058 -0.14640774307614038
64.67699999999999 2.851 7.45811803406112
70.364 3.2640000000000002 -1.961757546928814
75.254 3.574 -0.8335659384547668
80.858 3.4699999999999998 -4.414859575466906
88.463 3.3659999999999997 -1.7165378546701597
97.35799999999999 3.575 15.1111446931494
106.46600000000001 3.3659999999999997 11.529851057772971
112.06299999999999 3.4699999999999998 12.805355501440397
120.38 2.955 6.427833284461428
126.173 3.263 -5.297831492728822
134.856 3.573 0.5892513394292987
143.385 2.644 6.476334167777182
150.168 3.262 9.469281557843116
159.376 2.9539999999999997 0.8344710315899976
165.18400000000003 2.75 6.820365812943087
174.988 2.542 -0.5389402701097094
180.162 3.368 -5.54305118512245
190.372 3.058 12.167603278109587
196.36100000000002 3.573 14.32607963912106
205.305 2.028 1.9141617588249107
210.18800000000002 2.646 6.918272671879061
214.36399999999998 3.572 17.416933887322266
222.37499999999997 3.161 -4.022327046261651
228.672 3.058 8.83152933722478
235.15999999999997 3.471 9.321968723401879
244.09099999999998 2.44 4.612483476682125
250.07299999999998 3.058 10.352253472364726
256.388 2.543 8.586309643552998
260.767 3.2640000000000002 2.3551951688589745
266.98099999999994 2.85 3.4348858945329948
272.592 2.439 3.7295115626603277
280.38199999999995 2.749 0.8838770073099214
288.03 1.201 9.616594392927862
291.466 3.3659999999999997 11.382538224107169
302.724 1.4089999999999998 0.09881195121377502
311.00100000000003 2.234 2.895040532822608
317.71799999999996 1.718 -3.875014214104893
322.075 3.057 -2.4521969339221754
331.466 3.3659999999999997 13.688327415226428
337.07099999999997 3.161 7.801244586103854
345.98699999999997 2.645 3.3854799182284063
351.06199999999995 3.4699999999999998 4.415764669787579
359.588 2.645 3.336979034062163
364.98100000000005 2.852 6.8688666972330905
369.976 3.057 0.7365641740515386
384.672 3.161 -4.90529896247517
391.18100000000004 2.852 6.231114474565059
397.197 2.336 4.219950950886808
401.683 2.851 0.9817838651830149
409.867 3.4690000000000003 10.744786004144503
418.372 3.161 4.955610030561058
423.567 3.367 3.9253252834404213
431.06399999999996 3.4699999999999998 11.677163892556068
436.579 2.955 -0.5883462450028735
442.69599999999997 2.338 3.2875730584257212
