4.89 3.16 6.284263557508174
10.782 2.852 -1.5436732745356716
20.482 2.853 -2.6260297060652458
29.562 3.367 -7.559324005004116
38.56 3.4690000000000003 -5.545748380726736
44.688 2.541 -4.0271512484838405
51.464 3.2649999999999997 9.816436315172169
58.878 2.851 9.203982234347999
65.695 2.235 1.9046855449925657
71.369 3.161 -9.077921136590788
77.49000000000001 2.44 5.554333888763884
84.46000000000001 3.4699999999999998 11.393771239397028
92.108 1.823 -1.2499843035087055
96.48700000000001 2.645 -6.946869925296765
106.413 1.721 0.7048535270993977
111.67399999999999 3.161 4.2957640787598494
118.173 3.1630000000000003 2.9533803256952806
124.611 1.7189999999999999 -2.2736029412114136
132.781 2.85 -5.981989080388455
138.277 2.9539999999999997 10.546365982683001
143.56400000000002 3.367 -6.888132128966859
151.886 2.745 -4.580867535207862
157.38 2.751 4.413239663637268
164.216 1.6150000000000002 -0.08381393566988211
171.60199999999998 2.029 2.282188452771594
177.703 2.028 -3.733462279679256
186.02599999999998 1.3050000000000002 0.9398047013588785
191.96300000000002 3.4690000000000003 8.18036359525467
200.869 3.365 6.049312383240358
207.902 2.233 0.8810669075478019
215.76600000000002 3.266 1.8710238944515656
222.587 2.645 0.29368897027646484
227.572 3.16 -3.9096756609132046
235.87600000000003 3.058 5.1431693324528664
243.88500000000002 2.647 4.706928632323432
253.06900000000002 3.363 5.02569374447801
261.69899999999996 2.134 -0.5200546349803777
265.36100000000005 3.573 4.354501868953063
271.17199999999997 3.261 6.955455433732312
276.988 2.645 0.822329113795181
281.985 2.748 -6.040726874501275
291.599 2.234 1.0823564334265523
297.873 3.362 7.685385101086886
305.57000000000005 3.465 3.6245722020898414
313.21599999999995 1.617 1.7872099573519602
317.68899999999996 2.644 0.20987503275357988
322.482 2.852 -2.332340735103437
330.619 1.6150000000000002 -0.8724813977142164
339.21000000000004 1.924 3.2470692963011163
347.918 1.616 0.9985424959728793
353.075 3.059 -8.347991467670715
362.025 1.509 0.2686128269047402
366.784 2.85 -2.8273192286929403
372.466 3.368 11.3350334463459
378.466 3.4690000000000003 8.239101387680998
387.674 3.16 -6.275678049175321
395.885 2.85 2.3409262466832086
401.581 2.955 -4.404654155026833
408.10699999999997 2.13 0.5286401451014705
413.19300000000004 2.645 3.0121181222453295
422.383 2.752 -2.4498163237299813
429.502 2.5330000000000004 6.108050175568339
434.171 3.2640000000000002 -2.50855411760781
441.97700000000003 3.058 -1.8961000365936238
