4.061 4 6.027853819815357
10.224 4 7.367308792521719
16.824 4 12.055707639630715
22.025 4 -0.7135452636234145
27.826 4 2.708121796926215
35.427 4 14.589171212749442
44.32899999999999 4 7.090715531053744
50.83 4 9.041780729723033
56.531000000000006 4 12.638106014080153
62.632 4 -0.50967518830244
68.133 4 0.7570565982569235
74.234 4 11.953772601970227
79.635 4 15.957838036969292
88.725 4 -1.01935037660488
96.32600000000001 4 6.508317156604307
102.226 4 11.575244302841764
107.226 4 14.487236175088954
113.426 4 12.259577714951691
118.52600000000001 4 6.712187231925283
124.126 4 8.532105541420597
129.827 4 11.065569114539324
139.529 4 -0.8154803012839036
147.431 4 5.518178631512917
156.332 4 13.016634313208614
161.333 4 6.100577005962357
170.235 4 9.245650805044011
177.136 4 17.908903235638583
187.02700000000002 4 -5.40194411073241
192.227 4 0.9317148220644107
198.227 4 18.010838273299072
204.92700000000002 4 19.961903471968363
212.727 4 1.5433250480273388
220.327 4 8.459382355273597
225.828 4 6.406382118943819
231.52900000000002 4 1.4413900103668498
237.03 4 6.30444708128333
242.53099999999998 4 4.761122033255994
247.732 4 11.371374227520787
256.533 4 14.312577951281469
263.934 4 1.2375199350458743
269.535 4 16.846041524400196
278.528 4 17.122634785868172
286.328 4 10.308512516282399
291.928 4 6.5810403427513045
301.22900000000004 4 -5.984342485181848
306.629 4 4.0475767696325775
315.92900000000003 4 7.87698398082416
322.029 4 -2.286082163164245
329.42900000000003 4 2.4023166839447505
336.33 4 3.5671134328436267
342.131 4 13.802902762979027
350.533 4 5.620113669173405
358.634 4 9.420309028851497
366.13599999999997 4 -1.499813713393829
371.23 4 -7.353009309401701
379.43 4 16.05977307462978
386.43 4 10.381235702429397
392.63 4 7.1926505687142335
400.03 4 1.8199183094953124
406.63 4 17.326504861189143
415.73 4 -3.9313422488520704
423.431 4 13.526309501511053
433.031 4 12.1576426772912
441.032 4 10.687040815410862
