4.069 4 -3.67307648510464
9.035 4 9.583454019048322
14.627 4 -9.141370410804575
20.127 4 4.764096784008926
25.526999999999997 4 12.317600981898286
31.226999999999997 4 7.429292719386627
37.027 4 5.924068110385475
46.126999999999995 4 5.164610517664002
51.227 4 -6.697216279548744
58.128 4 11.392362036085407
67.429 4 -6.35196299692414
77.131 4 1.8504778916257614
82.932 4 -0.7041971416910062
90.53299999999999 4 14.181769449965843
97.935 4 5.509863800288606
104.536 4 -1.1736619028183437
110.728 4 7.898757480513966
117.62799999999999 4 2.7204563864081717
126.02799999999999 4 0.4005137336550737
133.528 4 13.657044237808035
138.628 4 13.601783786777567
147.429 4 -2.6236260607890305
153.529 4 -1.5189151854429497
163.429 4 1.6157455110620909
171.63099999999997 4 12.262340530867817
177.232 4 8.133489861077635
183.935 4 3.7146463596933135
191.93599999999998 4 16.101198369063866
197.335 4 1.3810131304984203
205.12900000000002 4 8.768735975296378
213.23 4 -0.8284086201937395
219.33 4 -1.7536475660066184
225.93 4 7.37403226835616
235.03 4 5.3440824471972
240.93099999999998 4 -1.4636547344124793
247.93099999999998 4 2.665195935377703
252.93099999999998 4 8.188750312108102
258.931 4 11.737615318710013
267.931 4 7.084039436762023
274.432 4 1.3257526794679535
283.334 4 10.05291878017566
291.235 4 -0.593676239630069
298.631 4 3.3004420495964446
308.231 4 -4.197801697262447
315.83099999999996 4 4.695145756536661
323.431 4 5.634075278791338
328.631 4 -3.327823202480035
334.731 4 -0.17947192953320013
342.13199999999995 4 4.004639191287451
347.832 4 -10.770806498308461
353.032 4 8.948207904829578
359.23199999999997 4 -5.0125197410143905
364.43199999999996 4 7.028778985731554
369.93199999999996 4 8.423482692671772
375.533 4 13.3670514062139
381.034 4 10.108179231206128
389.936 4 2.844667864910903
396.13300000000004 4 4.529364403445257
401.832 4 3.949378740256983
411.13300000000004 4 -8.851377579210435
420.033 4 6.269321393010081
427.833 4 -5.247252121578061
433.333 4 6.9735185347010855
441.033 4 3.189921147535509
