5.503 2.544 -5.3025125718870045
10.167 3.263 13.891776618979929
17.067999999999998 3.262 -9.666095622672604
26.274 2.956 -2.0436403982983027
35.484 2.647 -3.9630693171297064
40.779 2.852 -3.4383441051142056
50.498000000000005 2.233 -1.4083942832446013
56.392 2.44 2.9551887669209966
64.78099999999999 2.9530000000000003 1.2152317782695983
73.41099999999999 1.924 -2.858358440568259
79.28 2.751 -4.487794527582823
87.501 2.13 -2.2783727781917147
94.79700000000001 2.234 11.447622487352564
102.289 2.542 5.219870969285188
111.286 2.646 0.16578135382325992
118.19500000000001 2.3369999999999997 6.448793321437535
122.88700000000001 2.645 7.139299887000785
129.18900000000002 2.543 1.0910202997474034
134.799 2.133 -4.142541247514902
140.61100000000002 1.8210000000000002 -7.221941489325016
147.478 2.9539999999999997 0.511034635299327
154.29899999999998 2.234 7.318771816403934
159.80399999999997 2.33 4.5846248536523575
168.284 2.851 14.471762281033344
176.378 2.854 2.8999283171889267
193.082 2.851 -1.9331194967801677
201.293 2.44 4.874617687781173
206.886 2.647 3.5904348803361232
212.582 2.851 9.23820073525305
221.779 2.9539999999999997 -1.118401451173768
227.067 3.266 4.239371573026517
233.475 3.058 11.21289010691225
241.87199999999999 3.061 4.819357236413157
247.98700000000002 2.647 0.6352461135089028
253.788 2.5460000000000003 -0.6489366919138462
258.481 2.854 11.682354866210789
264.572 3.2640000000000002 1.5604850598437177
272.692 2.645 -2.803097990677467
277.685 2.749 11.157629655517745
282.88 2.9539999999999997 -8.326652368937003
288.375 3.059 5.799856630366809
293.78499999999997 2.749 5.109350066405941
300.774 3.16 5.744596179664112
308.475 3.06 9.058728806961156
317.48199999999997 2.853 14.706494660100253
323.788 2.747 5.868807660373412
333.283 2.852 0.4557741846790025
340.414 1.8210000000000002 3.2451815993618496
347.082 2.853 2.029949821255221
356.878 2.957 7.954017930524577
364.282 2.9539999999999997 6.849307058408737
371.38700000000006 2.751 9.818186399001139
377.29400000000004 2.645 15.286480326587155
384.611 1.9249999999999998 10.577643993496329
391.89 2.5460000000000003 -5.537244954611159
397.289 2.647 13.132319025927114
403.316 1.8199999999999998 0.9252389469994573
408.181 2.955 -5.8272377852900865
413.796 2.541 9.47293311558998
419.289 2.541 2.1404707234599316
424.67999999999995 2.85 9.182940285087366
433.49699999999996 2.235 9.528193567737258
442.387 2.646 0.6905065633624831
