4.04 4 -2.962897694438743
13.334000000000001 4 -1.590669940528647
20.736 4 -0.20804017773195582
26.322 4 1.3098157005905078
35.422 4 1.9075125020094728
42.123000000000005 4 6.107411834832539
47.823 4 -0.18723615995875953
54.025 4 -1.48664985166267
61.626000000000005 4 1.216197620611128
69.727 4 4.054271208410697
77.229 4 4.033467190637501
84.23 4 -4.345527457235434
92.031 4 1.205795611724529
98.03299999999999 4 4.043869199524099
103.834 4 0.5248827392127815
108.834 4 2.713249481160396
117.63600000000001 4 -1.5178558783224645
125.823 4 1.2890116828173124
134.724 4 -6.429874110317071
140.22299999999998 4 7.542051642062221
147.82399999999998 4 0.5664907747591723
157.727 4 -2.9004856411191566
163.127 4 -8.472612727852317
170.02900000000002 4 -4.974430285314195
176.23 4 -2.209170759720811
181.933 4 2.6924454633872
187.832 4 -0.8369430058107152
193.033 4 -0.07281406220618525
199.13400000000001 4 8.243768532347165
207.135 4 -7.100384973942222
213.236 4 5.4681069978671815
220.925 4 4.787194125355435
226.525 4 -5.047244347520378
233.125 4 -9.886448517308802
239.225 4 -5.686549184485737
248.325 4 -1.538659896095659
253.42700000000002 4 2.6612394367274064
260.028 4 5.447302980093987
265.029 4 -0.7641289436045309
270.53 4 4.776792116468837
277.031 4 2.5988273834078193
283.934 4 0.5560887658725733
289.433 4 -0.774530952491129
298.335 4 -7.110786982828819
307.63599999999997 4 -2.9420936766655466
316.526 4 -5.016038320860586
321.726 4 -0.8473450146973143
331.426 4 -3.581398513630906
338.827 4 -4.335125448348837
344.026 4 -0.7537269347179336
351.62699999999995 4 1.2786096739307151
360.629 4 6.159421879265528
366.43 4 7.521247624289025
371.531 4 4.714380063149248
377.031 4 -4.28311540391585
386.63300000000004 4 -7.78129784645397
394.534 4 -4.262311386142653
399.93800000000005 4 -4.303919421689044
405.528 4 -0.10402008886597791
411.228 4 -3.570996504744307
418.62800000000004 4 -2.198768750834213
426.42800000000005 4 8.222964514573968
432.62800000000004 4 -6.388266074770681
441.028 4 5.43690097120739
