4.05 4 3.118289863971209
11.732000000000001 4 -3.1152935657346204
20.133 4 0.036456577398509715
29.835 4 4.233712771421796
36.431999999999995 4 4.25194106012105
42.332 4 1.9147218112609385
51.93899999999999 4 -4.355318195843402
57.533 4 0.3373485905760778
63.733000000000004 4 6.501015163721478
71.333 4 1.06373433958941
77.333 4 -2.4952812506802307
84.833 4 0.12460172265819613
92.633 4 -3.8416793147479527
101.73299999999999 4 6.908280610857986
106.93299999999999 4 4.747351652517246
112.03399999999999 4 -5.063475656157481
117.53399999999999 4 -0.15806200182011665
123.035 4 0.35557687927533266
130.636 4 4.039194192203169
136.33700000000002 4 2.2156138244385053
141.834 4 6.695533742940103
149.234 4 6.288268295803595
155.334 4 1.9846386678213688
161.034 4 -0.6717008829155668
168.834 4 -2.212617526201917
175.334 4 4.1455676261621095
181.035 4 -2.920774986515994
194.335 4 0.9755891943297241
199.335 4 4.871953375175441
207.235 4 4.960098520435128
216.335 4 0.7446140377125867
223.03599999999997 4 1.8964935225616824
230.437 4 5.792857703407401
236.238 4 0.5683237471932152
245.135 4 1.790120088602742
253.136 4 3.2428915866294057
258.336 4 2.586422694176505
267.63599999999997 4 2.8356261394928968
273.036 4 -3.2216669996935616
280.42900000000003 4 -2.513509539379485
289.731 4 1.0819626282886645
295.933 4 1.771891799903487
304.934 4 -1.4862317771885847
310.437 4 3.7565304677248568
317.436 4 -1.0607380413528205
323.22 4 -0.03346027916192096
328.82099999999997 4 2.12746867917882
337.722 4 -1.911725513024349
346.624 4 5.260990533612695
354.226 4 2.7292527055339564
361.12699999999995 4 -1.4680034884893303
371.028 4 -1.6989786451064672
377.129 4 5.066471954394068
384.031 4 2.0910121017803096
389.031 4 -0.24620714707980262
397.833 4 -1.7871237903661523
402.934 4 4.127339337462855
409.035 4 -1.3980866319288991
415.621 4 -1.2917131979699583
423.82099999999997 4 1.1001909169879198
429.42199999999997 4 0.23097515661713697
434.82300000000004 4 -1.1671114753117617
441.024 4 2.7991695620943866
