4.037 4 -6.8716226169789305
10.228 4 -4.864106626152278
19.528 4 1.4236295370274075
27.328000000000003 4 -0.7048453785420721
33.028 4 -3.6219154762391135
42.028999999999996 4 0.5071060401853869
48.129 4 -5.720150660622886
63.23 4 0.3023973118570691
68.831 4 3.105477874782914
74.532 4 1.9842456496125767
82.53299999999999 4 -0.849074644498975
91.435 4 -2.9473098288827484
96.429 4 -6.636674157464906
102.12899999999999 4 -6.015578582508324
107.63 4 -6.04581831369403
123.73 4 -1.674878947783875
132.53 4 -6.250527042022348
139.93 4 -8.848898876619877
148.03 4 -4.8338668949665715
157.13 4 -5.424722738737447
163.031 4 -7.667187189078124
169.632 4 -2.5309229822544816
177.033 4 -9.17456652969102
184.435 4 -3.212498019582479
190.53099999999998 4 -2.7123613693687236
200.43099999999998 4 -5.95509912013691
206.63099999999997 4 0.27215758067136253
212.63099999999997 4 -6.780903423421811
219.53099999999998 4 -1.4399304882698507
225.03099999999998 4 -1.591129144198386
237.03099999999998 4 -4.538438973081134
244.93099999999998 4 0.8025339620708252
253.332 4 -1.7051186789695816
258.532 4 -5.250253741594838
264.132 4 -3.538165672653624
270.83299999999997 4 -3.8033538633533546
275.934 4 -3.6823949386105266
285.032 4 0.21167811829994942
290.532 4 -2.121505525597848
299.432 4 1.0979618839562635
305.232 4 -6.076058044879737
310.332 4 -4.47795951070972
318.133 4 -0.4094174566566342
323.33299999999997 4 -7.492718191935514
329.13300000000004 4 -8.318522495220414
338.833 4 -2.682121638183017
346.533 4 -3.5079259414679167
353.13300000000004 4 -2.6216421758116026
358.533 4 -3.447446479096503
371.73400000000004 4 -8.023094573334976
381.036 4 -1.735358410155289
388.534 4 -5.334003545180328
396.134 4 -5.6596711982514725
403.73400000000004 4 -7.136810807678662
410.634 4 -1.82607760371241
416.034 4 -2.295974522740458
421.23400000000004 4 -6.190047579650934
429.434 4 0.18143838711424198
435.534 4 -2.3262142539261648
441.035 4 1.0374824215848486
