4.679 3.368 -3.6386055095156515
12.76 3.4699999999999998 -8.075689362758107
17.555999999999997 3.675 3.1770570107960574
25.658 3.675 -3.2073589902344737
35.175000000000004 3.059 5.299576892112827
43.062000000000005 3.574 -1.0848391105597586
48.152 3.675 -5.889154785636521
55.653000000000006 3.775 -11.66713653544397
64.748 3.779 -10.087036208260534
72.253 3.676 -14.524120060721678
81.45 3.778 2.8098251866122483
87.053 3.675 -6.559603733472335
94.95299999999999 3.675 -7.7724722360060285
102.761 3.468 2.506608064249671
112.463 3.4699999999999998 -7.7084575405342495
117.85300000000001 3.779 -5.457908267073507
125.45599999999999 3.677 -1.3880562345772287
131.966 3.368 9.864690139481048
138.56099999999998 3.675 -0.4143901609339894
147.763 3.266 -13.917685809674074
152.65599999999998 3.573 4.02269369076207
161.55599999999998 3.573 -0.4784048572392147
167.359 3.4699999999999998 -2.9041418646202883
172.656 3.573 -3.702620206378956
178.65300000000002 3.676 -13.85367111139747
185.95000000000002 3.779 -5.21870583364468
191.96200000000002 3.367 7.310923738144085
198.465 3.365 4.150723084400996
206.05899999999997 3.572 -16.838684033470706
214.953 3.7800000000000002 -19.39245043308359
221.069 3.2640000000000002 8.284589812230362
225.75700000000003 3.677 -6.256386607258934
231.665 3.4699999999999998 -4.787459316187545
240.87 3.16 1.900173811281395
248.158 3.572 -8.506935884871734
255.058 3.572 -4.069852027999623
260.65999999999997 3.4699999999999998 1.1016954681121602
266.757 3.573 -4.373069155721221
271.54900000000004 3.8810000000000002 -3.0961859545591923
278.65299999999996 3.778 -20.669333633395873
285.45599999999996 3.675 -5.5219229599432
294.351 3.7800000000000002 -8.682123614056337
301.57 3.161 5.666808714744741
308.662 3.4699999999999998 -15.497786137417398
314.678 2.955 10.838356214456367
319.562 3.572 -1.7552880576197936
327.46099999999996 3.675 1.4049125947577694
332.959 3.573 -1.9304757909326047
338.95599999999996 3.676 -8.378906489203366
344.96099999999996 3.471 -13.61446868640966
349.756 3.676 -7.166037986377984
355.356 3.676 -10.996687586300494
361.256 3.676 -10.757485159042762
366.23299999999995 4.499 5.970025840070138
374.656 3.676 -13.311251557535737
380.758 3.574 -7.405240414817436
387.27199999999993 3.16 6.64047479002955
396.552 3.7800000000000002 0.8624930389888544
403.35699999999997 3.575 -5.64995235675914
409.456 3.677 -0.6535925907360614
419.161 3.574 1.2297248631522848
427.57800000000003 2.955 6.943691915888472
436.25800000000004 3.575 -9.719804385771042
441.873 3.16 -1.0208244149260142
