4.055 4 11.544267099989531
9.735 4 16.432725732321348
17.935 4 5.913907716802786
24.635 4 -0.14709873931717254
29.636 4 -6.2081051954371365
35.236999999999995 4 -5.432092046007494
44.138999999999996 4 2.956953858401393
53.835 4 7.26766667848282
59.636 4 -7.182385682046027
65.736 4 6.854075804836961
70.936 4 12.13906911152728
77.13600000000001 4 13.31161693531542
84.936 4 6.474597329765819
90.53 4 3.767079406405749
98.632 4 5.302049505977676
104.133 4 13.889362747565814
110.334 4 5.103782168798427
118.137 4 14.285897421924313
125.82 4 -3.0869963984312108
133.421 4 -2.7075179233600686
140.822 4 1.0254490844709672
146.22299999999998 4 1.4049275595421076
155.525 4 -3.28526373561046
163.42600000000002 4 9.414494988879852
173.028 4 3.931234345010285
181.93 4 8.638481839450211
189.53099999999998 4 7.664201352841319
195.332 4 4.905514831619177
204.433 4 3.1552211955806424
210.43400000000003 4 6.293386191873928
216.338 4 7.84541249073321
223.72099999999998 4 -0.9572242873215338
229.422 4 -11.4760423028401
235.122 4 7.069399341303569
244.22400000000002 4 6.095118854694677
250.725 4 -1.7332374367511765
256.926 4 0.43064707293321547
263.527 4 -8.932679318084563
269.628 4 -3.88006574714821
274.72900000000004 4 -8.75146818019267
283.731 4 -0.5606896129630332
288.931 4 1.421983758829466
294.332 4 2.7927989197968586
299.834 4 -0.7248445515675677
305.334 4 3.5346996706517846
314.236 4 4.508980157260677
321.223 4 -7.76013149429642
328.12300000000005 4 -2.8887290612519596
334.223 4 -0.3453660764964255
339.224 4 5.120838368085785
344.725 4 13.509884272494672
353.126 4 9.793973463950994
360.727 4 7.6471451535539625
365.82800000000003 4 3.9482905442976417
371.029 4 -3.0699401991438506
377.63 4 -13.622870613237131
385.032 4 2.1809407089717503
394.934 4 -5.613303183899388
404.235 4 11.759590636456139
411.124 4 -2.492194386893459
418.624 4 2.362151846863643
427.425 4 -11.674309640019347
433.025 4 8.621425640162855
441.025 4 11.363055962097636
