5.199 2.851 1.624699752908996
12.415 1.6180000000000003 4.162907128844085
17.784 2.751 4.822818590000537
26.884 2.545 6.54867608857081
35.504 1.9260000000000002 1.5229805716260452
43.672999999999995 3.057 1.01550752530398
49.885 2.645 5.736326212730648
54.259 3.471 11.06633712787454
63.077 2.853 -1.674857549710788
69.709 1.721 5.025695519933702
77.286 2.544 2.3353304450026298
84.172 3.058 2.741365023916942
92.07700000000001 2.9539999999999997 -1.7255767808445215
99.699 2.234 5.1781339369514
104.893 2.44 9.746514208207344
109.98 2.854 8.122095171721243
115.377 3.058 -2.486926706968056
124.57700000000001 2.9539999999999997 0.4570345296732362
132.011 1.7200000000000002 1.1679459416580567
140.191 2.44 1.929295868363034
146.264 3.367 -0.3043153941800212
152.089 2.542 -0.1518769799586799
159.22600000000003 1.2060000000000004 4.8735378213470435
167.024 1.3080000000000003 4.974976286965461
172.71200000000002 1.7200000000000002 5.330291633698864
176.972 3.16 8.579129701540719
184.805 1.927 2.842803492801086
190.109 1.823 5.431730097959925
198.286 2.649 3.8075917833308415
205.787 2.748 2.995241906945856
215.788 2.644 8.426691287265772
222.81300000000002 1.7189999999999999 5.482449331686097
228.20799999999997 1.9249999999999998 7.360745247801456
234.033 1.1 2.487768861383513
238.304 2.029 6.091641559942442
244.506 2.0269999999999997 4.518222477070034
253.382 2.851 0.304876832383536
260.292 2.541 2.182892029581594
269.597 2.336 8.985164281832528
275.303 2.03 7.25930678148936
282.972 3.161 -1.4716998996152975
288.981 2.852 1.218665174417041
295.675 3.059 0.101719183820869
302.378 3.057 10.000391091599205
309.779 3.057 4.264345594375434
318.392 2.543 5.127133985241491
323.465 3.3689999999999998 -1.4209806672871703
330.86100000000005 3.573 -0.45647309337250247
339.236 0.8980000000000001 0.2541576003571214
344.03000000000003 1.2039999999999997 3.655153367708042
347.98600000000005 2.748 0.7109114103757316
356.09400000000005 2.441 10.101829555461226
361.887 2.748 5.2795724005152636
367.9 2.235 5.838045397032891
371.971 3.2640000000000002 8.223814355261988
379.56899999999996 3.266 -1.3195422019661218
388.778 2.957 6.4472376248049414
396.58 2.855 5.07641475323523
403.195 2.441 8.629848935800641
410.03099999999995 1.2060000000000004 4.568941708934281
417.535 1.1030000000000002 7.66534136272103
425.599 2.336 2.2846112120699433
432.378 3.058 10.761741014508347
441.874 3.162 -2.1316113602689994
