5.5120000000000005 2.523 -1.269667988732408
9.975999999999999 3.458 4.950265619866641
17.19 3.145 -2.6251771992139195
27.233 2.002 -0.29164685692842257
35.094 3.041 -0.9136402161188015
40.486999999999995 3.148 -0.8021177268014306
50.004 2.731 0.12876183256581572
55.584 3.251 1.4842710431065245
64.99 2.729 0.6863742766183518
72.191 3.145 -0.5361521382814749
79.293 2.728 -1.0251627036790194
87.20500000000001 2.417 -0.27018655119895457
93.56700000000001 3.457 4.216749767325106
101.785 3.04 2.3936902970775558
110.88600000000001 3.041 0.46332929759928276
117.071 3.457 2.44083187163769
122.696 2.833 3.0156836545554833
129.417 2.313 1.0167207824988551
134.513 2.418 -0.7377368093815293
140.329 2.103 -1.89166135085578
147.393 3.04 0.7507551938494895
153.184 3.3520000000000003 2.8397802531234877
158.993 3.143 1.973281607001178
167.66400000000002 3.456 5.216231206406242
175.97099999999998 3.25 1.3298279432536255
185.77700000000002 3.146 -0.42462964866436115
193.089 2.835 0.017239343204493437
201.205 2.521 2.1062644006420417
206.382 3.145 1.9046797312641612
212.073 3.355 3.46177361310033
222.103 2.626 0.26174462927146763
226.768 3.5620000000000003 1.6858557140223915
233.176 3.355 4.2382100750922085
241.37199999999999 3.561 1.9518213031717109
247.8 2.834 0.4204086884895611
253.713 2.625 0.21882401579421626
257.758 3.5629999999999997 4.195289463128804
264.885 2.936 0.9738001695616706
272.28 3.041 -0.3817090401143187
276.862 3.561 4.083766973940265
282.78299999999996 3.04 -2.2691494261123606
288.385 3.04 2.6596558846002707
293.17400000000004 3.3520000000000003 2.084804097766736
300.783 3.144 2.5052127865510356
308.071 3.457 3.6376770165418524
316.76800000000003 3.561 5.19477090081309
322.865 3.666 2.1748662809930326
332.98799999999994 3.144 0.5963120928012288
338.877 3.356 1.6172538375725343
346.892 3.043 0.9308795613690585
357.19700000000006 2.626 3.2601889416114496
363.868 3.355 2.8827008617424665
370.97700000000003 3.146 3.7277392009927284
376.361 3.5620000000000003 5.460736488796251
382.857 3.667 3.8178013859411153
391.8 2.626 -1.2482076837829332
396.573 3.354 4.860203435386388
401.98100000000005 3.147 0.5533914833297813
408.088 3.041 -1.3811904781244335
412.768 3.5620000000000003 3.4403133080239763
418.99799999999993 2.833 1.2397657607469799
423.972 3.56 3.3073305133813453
432.276 3.457 3.594756408674967
441.99300000000005 3.042 0.5748517885267432
