4.0489999999999995 4 -11.723190728521558
13.130999999999998 4 -7.475681940521269
18.332 4 -9.624822159729119
23.833000000000002 4 -9.486455876148561
30.834 4 -5.464908004893976
37.435 4 -7.840009140847533
46.227 4 -5.552502638059126
54.227 4 -3.5049057196820925
61.626999999999995 4 -1.7708643512159163
69.828 4 -0.26278389949544767
76.027 4 -6.470294972707622
83.52799999999999 4 -1.9968252679616239
93.429 4 -4.45952103708033
99.63 4 2.250683520038667
105.031 4 -8.291930974338948
113.932 4 -0.8162490338176793
120.03299999999999 4 0.8809693518987558
125.634 4 1.6096237525512862
133.736 4 -9.43568422573315
142.628 4 -5.3265417213134185
149.22799999999998 4 -4.284331770750032
154.929 4 -14.324252781220824
160.029 4 -4.42269805433059
169.729 4 4.713379289157373
175.429 4 -1.8216360016313256
180.929 4 -8.568663541500063
187.02900000000002 4 -9.122128675822296
192.12900000000002 4 -7.614048224101826
199.93099999999998 4 -4.007599203588916
205.43200000000002 4 -0.9038436669828283
214.734 4 -10.579437477127357
220.53400000000002 4 -4.874619887822004
225.535 4 -13.092904896661471
233.93 4 -5.829235205220241
239.53 4 -7.0237601070298545
245.53 4 0.9685639850639056
251.13 4 -1.3557655004742433
256.63 4 -6.055196121965949
261.83 4 -10.943764677453618
268.33 4 -4.095193836754065
275.73 4 0.32750421757652415
283.33099999999996 4 1.1945249018096122
289.531 4 -2.0475969183770326
294.731 4 -6.018373139216208
302.432 4 -2.9514405853598618
310.233 4 2.199911869623259
317.835 4 -11.584824444941002
323.536 4 -11.810785361686708
332.631 4 -3.366539436101535
337.631 4 -1.0422099505633868
343.431 4 2.702605353530082
353.031 4 -0.7654773834022706
360.43199999999996 4 -5.654045938889943
369.332 4 -2.2227861847073314
376.23199999999997 4 -6.6962558894533295
382.93199999999996 4 -8.79462445824577
391.93199999999996 4 -0.40115018307600536
399.533 4 1.747990036131844
408.834 4 -10.215110276801092
414.735 4 -7.249721023775561
420.836 4 -10.30270490996624
428.733 4 -6.244334055961915
435.63300000000004 4 3.117704204271755
441.033 4 2.979337920691197
