4.9879999999999995 3.057 -9.209723307559052
14.076999999999998 2.851 -7.3373156574946625
22.464 3.263 -9.348089592751286
30.482 2.646 -5.603274288182938
38.067 3.161 -1.6324980688167288
44.595 2.133 -2.499518750578527
51.573 2.955 -11.446458160859667
58.80799999999999 1.721 -0.3503785333339818
67.173 3.058 -8.116741709485643
72.78699999999999 2.545 -5.880006856214143
82.512 1.721 -2.776251318605924
87.18900000000001 2.645 -2.637885036032704
92.46600000000001 3.4699999999999998 1.9739509535834157
100.20299999999999 1.9260000000000002 -4.3211547523921165
104.77099999999999 3.058 -0.6778827491745061
111.887 2.542 -5.188175436567231
116.769 3.16 -13.959925580305912
123.279 2.75 -3.2281731497097277
129.083 2.646 -6.885393823343539
137.872 2.957 -10.353476560687476
142.961 3.368 4.349052087807392
152.29399999999998 2.235 -0.8530720167256034
156.774 2.956 -1.8584589832113911
162.274 2.957 -5.515679654700662
171.102 2.03 -6.557889605452727
179.16800000000003 3.266 1.4712574689832782
188.716 1.7189999999999999 -0.6271110986419215
192.579 2.851 -11.949151644607234
197.27 3.16 -6.419523320983318
205.073 3.057 -8.34270262567244
213.472 3.058 -8.430297258643384
221.89499999999998 2.2359999999999998 -4.787025254275298
227.671 3.16 -5.74164057228387
235.36699999999996 3.2640000000000002 -8.255107993908982
244.863 3.368 1.6972183850886557
252.79399999999998 2.3369999999999997 -4.823848237059296
257.89 2.441 -3.781638287258501
263.575 2.957 -7.92760377321546
272.96500000000003 3.4690000000000003 2.338278153849787
278.76399999999995 3.5709999999999997 2.6150107205139554
288.26399999999995 3.367 1.8355846701601377
293.97499999999997 3.057 -12.225884210991607
299.379 2.853 -3.0529838865601397
305.67 3.162 -11.308091877842205
312.488 2.544 -1.9092306361860232
319.472 3.161 0.8301977006417272
325.16700000000003 3.2649999999999997 -10.717803760317848
332.378 3.0540000000000003 -0.3135555497120987
341.995 2.338 -4.371926404706583
348.97900000000004 2.955 -5.9676014890445925
355.70599999999996 1.826 -1.720092700317516
363.886 2.647 -7.563276572287569
370.37600000000003 3.058 -0.9914382995593123
376.074 3.162 -9.98914935901606
381.78100000000006 2.852 -6.608661256784853
391.087 2.646 -3.9200045704724658
396.79100000000005 2.542 -3.4541340686923636
401.767 3.266 2.1123172366227196
409.475 3.058 -7.701642859587097
417.49300000000005 2.441 -3.5556773701215083
422.771 3.263 -8.065970057925423
430.299 2.235 -3.0022122357657754
436.565 3.3689999999999998 3.846358605780984
441.871 3.1630000000000003 -14.82694626555053
