4.051 4 2.5665825242875435
12.235 4 -2.353994800945374
18.436 4 3.7435799247602297
23.432 4 0.9729314415872778
28.932 4 1.507728573695883
33.931999999999995 4 0.42739399585312565
40.032 4 -3.9476458836456385
46.632 4 2.064006333055583
52.132 4 -0.06444188175328724
61.232 4 -5.070941715990586
66.932 4 2.0317853921789393
73.532 4 4.813174188977438
81.433 4 -4.557625211133078
87.132 4 0.38443274135093475
94.03299999999999 4 -6.172756921084439
99.53299999999999 4 -0.6529405819896308
106.035 4 -1.2629199094770698
114.13600000000001 4 7.016804599165143
123.03299999999999 4 -0.13962407713212244
130.63299999999998 4 -6.739774994069687
136.433 4 -7.841590199163539
141.833 4 0.929970187085086
151.134 4 -4.579105838384175
156.534 4 -1.176997400472687
162.434 4 -0.6636808956151778
169.834 4 -6.761255621320783
176.53400000000002 4 -1.8514186097134147
184.53400000000002 4 4.310597997745477
193.43400000000003 4 -3.979866824522282
201.235 4 -2.8995322466795255
207.33599999999998 4 3.700618670258039
213.33700000000002 4 3.208782792651625
218.838 4 -1.829937982462317
227.635 4 -1.20921834134933
232.835 4 2.1177079011833215
241.935 4 -2.9210128739306223
249.535 4 -4.54688489750753
258.535 4 -1.7440154734579352
264.13599999999997 4 -0.7496034046195614
269.835 4 -0.6422002683640828
275.036 4 2.6095437787897344
281.936 4 -2.9424935011817173
290.836 4 -2.37547542819647
300.736 4 3.13360059727279
310.337 4 -0.0859225090043827
317.722 4 0.47035525035531744
322.836 4 1.4540270055681432
328.624 4 -4.012087765398926
336.325 4 1.5721704554491693
342.526 4 0.4596149367297695
347.727 4 -0.7173824637429167
355.12800000000004 4 8.129360117884541
362.73 4 -1.797717041585674
370.231 4 4.289117370494383
379.533 4 5.380192261962685
387.334 4 -6.1942375483355345
393.537 4 4.834654816228534
400.52099999999996 4 0.35221180047429
406.121 4 5.3479713210860425
412.222 4 6.460526839805443
420.62300000000005 4 2.5988034651641856
426.225 4 -4.514663956630886
431.325 4 -3.4450696924136777
441.027 4 -1.7547557870834822
