4.047 4 -0.053701568127739296
12.229000000000001 4 2.6417647196663774
21.129 4 0.9621911279617299
28.03 4 3.722099297509134
33.231 4 -3.99060713814783
38.332 4 6.482007467056539
43.733000000000004 4 4.802433875351889
51.233999999999995 4 5.401672889213782
61.136 4 -2.3432544873198253
70.23 4 -1.8406782960878658
77.63 4 7.583822672150389
87.33 4 2.5880631515386385
93.031 4 3.679138043006943
100.631 4 2.6525050332919253
112.331 4 -0.16110470438321656
119.73100000000001 4 2.096227273932225
128.832 4 1.51846888732143
134.532 4 -2.3002932328176344
140.033 4 -0.7388630909940144
145.534 4 -3.4235890651625818
151.735 4 -1.7869767279601252
159.631 4 5.390932575588234
164.732 4 1.529209200946977
170.232 4 -2.3325141736942774
179.832 4 -2.93175318755617
188.732 4 0.36295211409983885
194.43200000000002 4 3.1980424790260775
200.632 4 -2.3110335464431824
206.733 4 -0.09666282262993064
213.232 4 0.9514508143361828
219.832 4 -5.060201402365038
225.032 4 0.49183587760641245
231.733 4 3.711358983883585
237.234 4 -0.1288837635065745
243.035 4 -6.750515307695235
250.636 4 -0.7281227773684655
259.933 4 -0.1718450180087654
265.133 4 -7.306793067054935
270.733 4 7.573082358524843
276.73400000000004 4 0.34147148684874296
282.334 4 -3.4021084379114868
289.934 4 -5.637959788975834
296.034 4 3.2195231062771734
302.233 4 -5.627219475350286
311.034 4 -5.10316265686723
320.034 4 -1.7225348462068388
325.834 4 -6.2049778619610825
333.634 4 -4.503923643005338
342.93800000000005 4 -0.1503643907576695
350.939 4 1.4755076328192391
355.934 4 4.24615611599219
361.834 4 -4.022828079024475
370.735 4 -1.219958654974878
377.735 4 7.038285226416238
386.135 4 -0.6744212092407258
393.535 4 -5.113902970492778
401.235 4 -1.2844005367281657
406.235 4 1.0373733233405646
412.835 4 2.6632453469174737
419.735 4 -2.278812605566539
427.535 4 -3.4558100060392256
435.63599999999997 4 5.904249080445743
441.036 4 3.1228602836472437
