4.039 4 2.242756390274416
13.13 4 -2.0344536264234288
18.331 4 -3.0653621908053914
24.432 4 -0.1837323027550788
32.133 4 5.850936365611284
40.335 4 1.4229436309880281
49.422 4 -0.21388884634016136
56.321999999999996 4 5.456108257760629
64.322 4 6.336234104217183
69.923 4 -1.4888428006473662
75.824 4 7.882596950790124
82.52600000000001 4 -0.5182473234355678
91.527 4 2.7883672160504798
99.02799999999999 4 -2.2455494315190023
105.93 4 3.3339780418265423
114.331 4 -1.669782062157858
120.53200000000001 4 0.5729743281165582
128.13299999999998 4 0.18093926151049233
134.335 4 1.9987110003491733
140.924 4 3.939901954772769
150.624 4 -0.27420193351032474
158.424 4 -0.5484038670206495
167.324 4 2.272912933859498
173.325 4 4.910497431984567
179.12599999999998 4 2.423695651784908
187.227 4 0.08767658951065904
192.828 4 0.6963935437014732
197.929 4 1.9685544567640925
203.43 4 4.4251996933786675
208.831 4 3.879588867602605
218.433 4 1.7876151952535988
223.93400000000003 4 -3.6411295601665357
229.635 4 1.9082413695939273
237.225 4 1.0281155231373749
246.125 4 0.3015654358508195
252.725 4 0.8170197180418004
262.026 4 -1.6999386057429398
267.726 4 2.4840087389550725
275.32599999999996 4 -3.095518734390473
280.327 4 1.211847825892454
288.128 4 -1.2447974107221231
293.629 4 0.9678024359672115
298.63 4 -5.097022775984233
303.731 4 -2.1249232571786747
309.332 4 -0.6087169541908128
319.23400000000004 4 -5.642633601760296
328.135 4 3.5149173033370342
334.227 4 3.3038214982414607
340.42699999999996 4 -5.612477058175214
347.42699999999996 4 -4.551411950208171
353.526 4 6.396547191387347
358.727 4 -1.4586862570622845
363.92699999999996 4 -2.610220995784574
371.827 4 -0.03294958482966859
378.327 4 2.9089933903908074
385.72900000000004 4 -6.097774796781113
391.23 4 4.364886606208504
400.531 4 3.849432324017523
407.93300000000005 4 0.05752004592557647
416.73400000000004 4 -3.185988365145718
422.535 4 -1.7904082364981861
427.92800000000005 4 -4.702194668133579
435.32800000000003 4 -2.5499079086144096
441.028 4 -4.672038124548497
