4.047 4 -2.9807980435315784
9.63 4 12.196654763134399
18.532 4 4.0067944486405835
24.633000000000003 4 -3.2105545834539617
29.834 4 12.955225554694728
38.035 4 6.320175896947864
43.526 4 10.978570891729305
48.626999999999995 4 2.1371100310946307
57.027 4 11.614355388786718
62.027 4 16.27275038356816
67.627 4 7.201532983011104
75.42699999999999 4 2.7194094054423097
82.927 4 3.654251614215288
89.82799999999999 4 7.890802602778255
95.529 4 10.57254293459427
101.73 4 14.296095720602736
107.23100000000001 4 5.331848565465151
113.33200000000001 4 2.7728945281520456
118.333 4 3.018467117157872
124.134 4 3.8840081541376703
132.135 4 2.0301397856751597
138.036 4 10.220000100168976
143.828 4 12.372926180347047
149.22799999999998 4 0.28324166263211925
157.028 4 6.496447314160511
166.928 4 4.8723354856203835
174.328 4 12.319441057637311
181.028 4 4.74954919111747
190.729 4 -4.145396792226938
199.73 4 2.895680822654959
206.331 4 5.91414793981283
215.63299999999998 4 8.189860314493815
223.234 4 7.25501810572084
232.33599999999998 4 0.5129982025545026
241.23 4 5.684391399890446
250.83 4 9.055401351473616
257.83 4 -0.24557258900582557
266.63 4 -4.727696166574617
275.73 4 6.902475271295543
281.23 4 7.025261565798456
286.73 4 -2.628255209106281
292.33 4 -1.180414797778802
299.931 4 6.09041935702548
306.432 4 -0.2990577117155606
312.533 4 14.52585226052512
317.73400000000004 4 -1.0576285032758888
326.63599999999997 4 -1.5864427549138327
332.631 4 -3.157069460744226
340.33099999999996 4 0.919026159689535
345.531 4 0.7962398651866227
351.231 4 6.8489901485858065
357.431 4 11.91341310050228
362.531 4 14.878395094950417
370.631 4 0.9725112823992692
376.83099999999996 4 7.960103774571431
384.43199999999996 4 -3.386826000666609
390.13199999999995 4 1.7310820739595982
397.032 4 -0.42184400621847296
404.43300000000005 4 8.702858517048318
412.334 4 15.866722426433128
421.63599999999997 4 8.772159688841494
429.032 4 7.37780440022375
434.43199999999996 4 7.783832357358784
441.033 4 7.431289522933486
