4.043 4 -0.5303113267096373
11.925 4 -13.436012648845232
18.125 4 -0.965645016688824
26.525 4 2.3270692296837794
33.426 4 -4.4285372896857975
42.327 4 -2.564513321509902
51.428999999999995 4 -2.952358193123865
60.73 4 -4.863870979664985
68.431 4 4.143604379494451
73.932 4 -5.952205204612955
81.733 4 -1.3534898883027884
86.935 4 -5.734538359623361
94.336 4 -12.612834087252082
99.32700000000001 4 -9.585275504234298
108.126 4 -3.530158338198728
113.62700000000001 4 -3.9180032098126905
123.527 4 1.6265798763497727
130.227 4 -2.4893129316159825
138.02700000000002 4 -2.129179631530714
146.928 4 6.565651245908678
152.03 4 3.1502477912769304
160.031 4 -1.6661343700228315
166.532 4 0.8034013147566217
174.13299999999998 4 4.313782406118819
179.13400000000001 4 -0.8429558084296804
185.335 4 -2.612002139875126
190.93599999999998 4 4.919294122722376
197.028 4 -9.14994181425511
204.628 4 0.41555644314265905
209.828 4 -7.721251536058402
216.428 4 -5.346693488009398
223.828 4 -5.639560722892911
231.428 4 -8.932274969265515
237.229 4 -5.129026643019804
242.62900000000002 4 3.9259375345048566
248.13 4 -9.197430632620332
254.331 4 0.7282009248627022
261.232 4 -2.2716460866263883
267.133 4 -1.0131338350540489
273.23400000000004 4 -7.333406664444438
278.335 4 -4.040692418071834
285.836 4 -6.510228102851287
295.129 4 -8.714608124275921
303.22900000000004 4 3.3204258179012998
308.932 4 0.510534079873108
314.329 4 2.2320915929533296
322.53 4 1.23873500473581
328.03 4 -6.6804061294756565
334.03 4 3.538092662890894
343.63 4 -5.2992046696441735
349.731 4 -10.96647696406578
357.13199999999995 4 5.960139529305121
362.833 4 -7.068251001089619
371.835 4 -2.7346913481342714
377.035 4 0.24537841651829062
384.031 4 1.4564018497254043
389.631 4 -5.516871514633767
395.231 4 -3.8705143914474647
401.83099999999996 4 -3.775536754717016
407.631 4 -0.5778001450748604
417.33099999999996 4 -10.190787220837855
423.031 4 -3.6528475464578714
431.931 4 -4.210870444696203
441.032 4 -1.1833118616784182
