4.984 3.041 4.06773769541101
11.677000000000001 3.248 -2.623880637962068
17.072 3.354 4.297223224932649
22.384999999999998 3.042 -3.706116424259521
31.777 3.3520000000000003 4.691002422684038
39.068000000000005 3.5620000000000003 7.019767663329933
45.596000000000004 2.935 0.656298662358941
52.57 3.5620000000000003 5.412492949355054
60.87799999999999 3.456 4.986117819371253
67.688 3.247 2.230977450582328
74.689 2.936 3.2806173042834357
80.21 2.415 -2.0988417079111996
85.19 2.936 4.231593360560038
90.888 2.937 -0.8197163234848628
96.70100000000001 2.624 1.607712720273991
101.27600000000001 3.25 -3.4766308945850026
106.586 3.04 -2.3613611720282277
114.477 3.249 -4.329381152905582
121.97500000000001 3.3520000000000003 3.9364779614138183
128.181 3.248 -2.7877363019359516
135.894 2.936 1.7059385195112666
143.493 3.0380000000000003 -0.8853461877885973
153.703 2.73 2.8868381073743965
160.985 3.249 1.3451932581135566
167.41 2.416 1.7715683851783295
176.416 2.311 0.1973276039307812
181.17800000000003 3.249 6.6590223991693
187.29600000000002 2.731 -0.458971060622444
194.717 2.31 2.165347581347464
202.78400000000002 3.143 -0.26208146183480474
211.998 2.729 -0.9835719848769806
220.295 2.833 1.3125973259422623
226.919 2.31 0.36118326619633795
233.59099999999998 3.04 -2.000615909563404
239.68699999999998 3.144 -2.5908467014365835
245.297 2.936 5.740642277949592
254.512 2.622 4.002107830687025
259.087 3.248 -0.03259593133354386
266.98 3.248 1.5746787847182881
272.493 2.935 0.4594090654003153
277.175 3.3529999999999998 -3.050255766491926
285.393 2.935 -1.377351183033799
292.271 3.458 7.151027396698441
300.496 2.832 1.1813375924492417
308.706 2.623 -0.13082172917292725
317.78400000000005 3.145 0.42681313322055714
323.576 3.354 2.558688773979657
332.566 3.665 -3.968635889428776
342.492 3.041 -0.0982257972321681
348.71500000000003 2.519 -2.164471574405183
354.679 3.456 -4.395011020728343
361.08 3.249 6.527762669744333
367.688 3.142 -2.4926209051083545
373.67699999999996 3.3529999999999998 -1.1148317166963342
379.278 3.3520000000000003 -2.066245775633797
386.084 3.146 5.051747684888981
393.748 1.5819999999999999 4.854858085357715
401.183 3.147 -0.16385566395498485
407.299 2.831 2.6899485079456307
415.98 3.25 1.410823122789441
421.783 3.248 2.7229824449471653
427.079 3.3520000000000003 -6.494290730849199
432.162 3.77 -5.018275746134203
441.262 3.7720000000000002 -5.5759106070549596
