5.918 2.1319999999999997 -0.3393107384549381
11.28 2.853 -3.283213539951245
15.762 3.572 2.8394526299542457
22.497 2.338 2.1089106963153994
29.176000000000002 2.545 2.7742474326934423
35.699 1.722 0.19561559569187065
42.882000000000005 2.34 -1.135057872844827
51.376000000000005 2.747 -2.639611872030507
58.766 3.2590000000000003 3.761385000155325
68.158 3.4690000000000003 3.5047893630169735
75.185 2.543 0.3260259949166889
82.323 1.2060000000000004 -1.4133885744209989
86.701 2.028 -1.1567929378670765
94.099 2.2319999999999998 2.4959167289838566
100.77700000000002 2.955 -4.313821242067832
107.365 3.368 4.2135962310230415
116.499 2.2359999999999998 2.0002353654336646
125.78699999999999 2.2359999999999998 0.8392172658321984
131.07299999999998 2.75 4.513661998343742
141.607 1.516 0.7347670948437224
146.35899999999998 3.2640000000000002 -3.9702853421121556
155.09099999999998 2.234 -1.9308050054278687
159.56199999999998 3.2640000000000002 5.244203932423346
166.30100000000002 1.9260000000000002 -1.2219981373450128
169.86199999999997 3.3659999999999997 1.956765231766068
179.89300000000003 2.2359999999999998 -0.6828466402465841
189.71699999999998 1.5139999999999998 0.025960228674438496
194.979 2.955 -3.605014374809492
201.384 2.749 0.4739462996559764
207.67700000000002 3.057 0.10867533356136524
217.212 1.924 1.3131635637056112
221.871 2.853 -1.2654682697600685
228.26600000000002 3.058 -2.143930505728523
237.371 2.853 2.3437712642987054
243.168 3.057 5.222468869518058
250.788 2.3369999999999997 0.7782372244340479
259.205 1.721 0.30429092767213756
265.416 1.411 4.857197901084013
274.295 2.234 -0.7915219713659511
280.003 1.927 3.1612534651620345
286.789 2.542 1.9785002984531455
292.79699999999997 2.235 0.3477610611869826
297.28 2.853 1.0130977956543243
303.1 2.234 0.3694961278790579
309.985 2.851 -1.8221296744390216
315.78299999999996 2.543 -3.304948605009802
324.5 1.9260000000000002 1.6349643982854534
330.907 1.7189999999999999 -2.20913570571644
337.582 2.444 1.4218388951852554
347.381 2.545 -0.10445017283690806
356.803 1.924 -1.8873348721938454
364.076 2.853 -2.9831477729885614
369.86899999999997 3.161 3.783120064656807
377.779 2.852 -2.8962075071777766
388.225 1.408 -2.8744724410103943
392.981 2.853 -0.4697211384563567
399.51 1.9249999999999998 1.3348986296669432
404.18699999999995 2.75 0.004225160140216186
410.086 2.441 -1.200263069581989
416.52099999999996 1.1060000000000003 2.7525123670885066
419.36099999999993 3.266 2.3003011321873013
428.667 3.06 -0.9219323692850435
436.577 2.75 0.9913627305188183
442.896 2.1319999999999997 0.2608207965696143
