4.044 4 0.9244283048663604
10.126 4 6.5105181448630915
18.327 4 -1.6171689647303449
23.427 4 -1.5791998929182132
30.026999999999997 4 2.443962513508364
35.727 4 2.4819315853204964
42.427 4 0.4052605447149791
47.927 4 -4.099100550050841
53.728 4 0.9081558455183014
59.729 4 4.471816176069708
68.831 4 2.465659125972439
74.532 4 -6.635273666531528
81.533 4 -4.634540769550277
87.234 4 -1.1142736639270225
96.12799999999999 4 -4.601995850854164
105.02799999999999 4 1.9519155189370796
120.62799999999999 4 -2.590414647640875
128.328 4 -1.054607979650815
135.22799999999998 4 2.9902510392398374
140.829 4 -7.149017273566887
146.929 4 5.4938792370244105
163.431 4 -2.071246887489496
170.832 4 4.498936941649804
178.233 4 -4.1045247031668595
187.535 4 1.4598685243657954
195.329 4 1.470716830597833
202.729 4 -0.059665684276208
210.52900000000002 4 -2.092943499953572
215.73 4 -5.624058911808865
225.83 4 -4.1207971625149185
231.63 4 -2.6175354132209696
236.83 4 -2.0658227343734774
246.73 4 -1.5520791273381178
256.43 4 0.9786698360265493
265.332 4 -3.0770374890961403
272.933 4 -0.08136229674028428
279.434 4 4.482664482301747
287.431 4 -2.10921595930163
293.631 4 -4.1153730093988985
299.031 4 2.4331142072763257
305.231 4 -4.126221315630936
314.031 4 1.9681879782851368
321.931 4 3.996041640846481
331.031 4 -5.126587764121562
336.031 4 0.9298524579823786
349.63199999999995 4 -0.5679851381955494
357.13199999999995 4 2.952281967427705
364.733 4 5.483030930792371
370.634 4 2.9685544267757606
376.235 4 0.4649262289911893
382.43199999999996 4 4.980135629989048
388.032 4 0.416108850947019
393.532 4 -2.098367653069591
411.233 4 5.991350384711712
418.833 4 -0.5951059037756448
424.233 4 -0.027120765580094908
429.43300000000005 4 -0.08678644985630335
434.93300000000005 4 2.4710832790884583
441.033 4 3.4822980338111216
