4.584 3.468 6.589522035833926
11.266 3.4690000000000003 5.651470104372324
19.846 3.779 4.964982062504031
29.253 3.472 5.285385544022078
35.253 3.573 4.152712073815999
41.557 3.4690000000000003 2.436809957258443
51.662 3.2640000000000002 1.2127743435053155
60.464 3.263 1.6245399729689063
67.671 3.057 1.2584554141245108
75.866 3.2640000000000002 3.9468292602752544
83.055 3.676 7.653355909152506
90.96800000000002 3.2640000000000002 7.527573965497456
96.57199999999999 3.161 0.3548232842296746
104.07600000000001 3.059 3.1689790742903337
110.47 3.266 9.609560639580469
118.059 3.468 4.232812945782455
124.058 3.4690000000000003 9.449358896581165
131.355 3.573 4.633317303299651
138.356 3.471 6.394900491936899
148.263 3.2640000000000002 4.267232744070397
154.05299999999997 3.675 7.779137852069585
164.062 3.2670000000000003 1.1326734703936419
169.66799999999998 3.263 1.9105236577802924
174.76699999999997 3.2640000000000002 4.9994018622018
179.953 3.778 7.813557650658308
188.273 3.16 1.2928752124563856
193.26000000000002 3.677 -2.459332505400847
198.76899999999998 3.3659999999999997 5.983134862493175
204.37599999999998 3.16 8.065121537960708
209.361 3.367 7.93933959306897
214.769 3.16 1.086992399289791
220.668 3.161 0.1946215421786447
226.577 2.852 4.393014689450188
231.65800000000002 3.471 8.099541337073948
239.87800000000001 2.851 -0.01126127375946569
248.05300000000003 3.676 10.101427140506381
254.05 3.779 8.431206096168761
260.78900000000004 2.44 8.671508708665547
267.361 3.4690000000000003 2.597011701690123
276.078 2.9539999999999997 2.105145201325309
283.467 3.3659999999999997 6.715303977158071
289.188 2.646 -1.6013814480644597
293.961 3.574 7.161489406203201
303.159 3.471 7.573255039587938
308.351 3.779 6.108916806979343
318.07399999999996 2.956 -2.173348820244102
323.05999999999995 3.4699999999999998 7.413053293283154
330.755 3.675 10.673394514723478
336.664 3.3659999999999997 3.4549627601193076
345.072 3.058 5.331066620454339
351.57 3.16 7.607674834872488
360.767 3.2640000000000002 -0.3773458329703684
369.673 3.263 4.839200115278923
375.563 3.4699999999999998 4.473115561624489
380.76800000000003 3.2649999999999997 2.070725402151739
387.487 2.747 0.43492415521994976
392.688 2.647 2.642692773350563
398.56699999999995 3.2640000000000002 8.957492397139077
405.863 3.368 10.021326269832157
413.07399999999996 3.057 1.3385562874283292
418.97399999999993 2.958 2.3110280147019493
427.969 3.263 3.786627518052516
435.76199999999994 3.4699999999999998 6.269118549770642
441.56199999999995 3.4699999999999998 3.9011481868528524
