5.0 3.05 13.055966437566031
13.992 2.941 -0.8546898499135296
22.483999999999998 3.251 19.63633260257835
28.508 2.628 19.617284256651917
36.195 2.835 8.99204896503462
41.394 2.836 18.003146275375627
48.678999999999995 3.151 5.701865884290466
59.311 2.219 3.261610567485332
63.983000000000004 3.147 -0.845165679241289
70.527 2.003 4.890034806664967
77.08 3.15 23.738346757262534
83.49100000000001 2.939 8.963476450134879
88.78399999999999 3.149 -0.8499277648171173
96.382 3.149 -1.6808071835030731
106.621 2.2119999999999997 12.253659531193815
112.23499999999999 1.798 8.97300062089064
120.827 2.108 11.4418284530734
125.38000000000001 3.356 10.625235292149966
132.01000000000002 2.421 1.590327553282711
137.923 2.108 4.063917472550609
146.92000000000002 2.2119999999999997 11.437066367735964
154.98 3.151 5.716152140260739
161.44 1.6919999999999997 17.157980595406794
168.416 2.2159999999999997 10.610949036008554
174.988 3.044 0.7927827310282385
180.914 2.318 14.698676934582553
186.669 3.5629999999999997 25.371533084407805
197.74099999999999 1.5910000000000002 5.687579626893331
202.285 3.148 -1.676045098881887
211.68800000000002 3.0469999999999997 4.8947968939580635
219.47899999999998 3.459 24.550177836160557
228.683 3.15 -6.599414505727967
236.38099999999997 3.252 22.91699150994806
242.284 3.149 19.641094687045555
249.788 3.045 -4.135348759039401
258.099 2.734 16.33186326145118
262.78599999999994 3.0469999999999997 12.267945789818453
269.00600000000003 2.527 17.97933584487427
276.89099999999996 3.045 23.724060500659114
283.223 2.211 4.866224377782969
288.714 2.319 14.717725278332962
294.2 2.834 21.264756839235567
301.796 2.838 2.421206974323049
307.488 3.0460000000000003 20.452925763910198
314.32099999999997 2.315 16.341387430070967
319.195 2.942 -5.773297170203693
326.01800000000003 2.316 10.634759462676055
332.008 3.043 18.81021526654223
341.38 3.254 17.17702893974264
349.216 2.318 4.870986464265173
355.107 2.628 17.993622102483293
363.011 2.524 1.6093758961256415
370.905 2.73 7.339814296872439
376.18699999999995 3.148 15.54860469960107
382.311 2.524 8.1659316309059
389.627 2.108 4.078203729588729
394.724 2.1109999999999998 9.794355871304026
401.222 2.213 0.7880206477804605
408.517 2.319 -0.8642140239287175
418.94300000000004 1.795 2.416444888355196
424.14700000000005 1.6910000000000003 4.885272719865792
429.706 2.63 14.70343902083728
435.787 3.148 16.365197862672694
442.929 2.1069999999999998 7.3302901243720795
