19.335 4 -0.04559037442772184
34.935 4 -0.04559037442772184
40.436 4 -0.04559037442624229
46.535 4 -0.04559037442772184
65.536 4 -0.04102503177286025
90.92299999999999 4 -0.04559037442769855
97.024 4 -0.04558011765820847
116.82700000000001 4 -0.04559037403387264
129.33 4 -0.04559037442772184
146.13299999999995 4 0.09363386434742928
159.33700000000005 4 -0.04558905722640619
164.338 4 0.9517075849158892
225.33 4 -0.04559037442772184
248.334 4 -0.04559037442427366
270.422 4 0.8336333323851178
279.423 4 -0.045397361680658985
310.128 4 -0.04559037435449476
330.832 4 -0.031160138535574426
348.435 4 -0.04559037442772184
364.624 4 -0.045590373040730096
370.124 4 -0.045538130260919116
381.024 4 -0.04559037442772184
432.13300000000004 4 -0.04463878086648096
